VARIABLES=
"CoordinateX"
"CoordinateY"
"CoordinateZ"
"Kappa1"
"Kappa2"
"dy"
"dz"
"d2x"
"d2y"
"d2z"
"R"
ZONE T="Konrollpunkte"
I=101, J=1, K=1
0.02660489878 -0.01032560369 0.25658203878 0.00000000000 0.00000000000 0.00000000000 0.00000000000 0.00000000000 0.00000000000 0.00000000000 0.00000000000
0.02664148273 -0.01030847030 0.25657779083 0.00000000000 0.00000000000 0.00000000000 0.00000000000 0.00000000000 0.00000000000 0.00000000000 0.00000000000
0.02670243177 -0.01027996497 0.25657070967 0.00000000000 0.00000000000 0.00000000000 0.00000000000 0.00000000000 0.00000000000 0.00000000000 0.00000000000
0.02675118866 -0.01025715814 0.25656504293 0.00000000000 0.00000000000 0.00000000000 0.00000000000 0.00000000000 0.00000000000 0.00000000000 0.00000000000
0.02679994198 -0.01023435351 0.25655937459 0.00000000000 0.00000000000 0.00000000000 0.00000000000 0.00000000000 0.00000000000 0.00000000000 0.00000000000
0.02684869530 -0.01021154870 0.25655370429 0.00000000000 0.00000000000 0.00000000000 0.00000000000 0.00000000000 0.00000000000 0.00000000000 0.00000000000
0.02689744907 -0.01018874362 0.25654803194 0.00000000000 0.00000000000 0.00000000000 0.00000000000 0.00000000000 0.00000000000 0.00000000000 0.00000000000
0.02694620311 -0.01016593833 0.25654235759 0.00000000000 0.00000000000 0.00000000000 0.00000000000 0.00000000000 0.00000000000 0.00000000000 0.00000000000
0.02699495738 -0.01014313285 0.25653668123 0.00000000000 0.00000000000 0.00000000000 0.00000000000 0.00000000000 0.00000000000 0.00000000000 0.00000000000
0.02704371171 -0.01012032727 0.25653100288 0.00000000000 0.00000000000 0.00000000000 0.00000000000 0.00000000000 0.00000000000 0.00000000000 0.00000000000
0.02709246606 -0.01009752160 0.25652532254 0.00000000000 0.00000000000 0.00000000000 0.00000000000 0.00000000000 0.00000000000 0.00000000000 0.00000000000
0.02714122042 -0.01007471584 0.25651964022 0.00000000000 0.00000000000 0.00000000000 0.00000000000 0.00000000000 0.00000000000 0.00000000000 0.00000000000
0.02718997480 -0.01005191000 0.25651395592 0.00000000000 0.00000000000 0.00000000000 0.00000000000 0.00000000000 0.00000000000 0.00000000000 0.00000000000
0.02723872920 -0.01002910407 0.25650826964 0.00000000000 0.00000000000 0.00000000000 0.00000000000 0.00000000000 0.00000000000 0.00000000000 0.00000000000
0.02728748361 -0.01000629806 0.25650258136 0.00000000000 0.00000000000 0.00000000000 0.00000000000 0.00000000000 0.00000000000 0.00000000000 0.00000000000
0.02733623803 -0.00998349197 0.25649689111 0.00000000000 0.00000000000 0.00000000000 0.00000000000 0.00000000000 0.00000000000 0.00000000000 0.00000000000
0.02738499244 -0.00996068581 0.25649119888 0.00000000000 0.00000000000 0.00000000000 0.00000000000 0.00000000000 0.00000000000 0.00000000000 0.00000000000
0.02743374681 -0.00993787958 0.25648550466 0.00000000000 0.00000000000 0.00000000000 0.00000000000 0.00000000000 0.00000000000 0.00000000000 0.00000000000
0.02748250116 -0.00991507329 0.25647980847 0.00000000000 0.00000000000 0.00000000000 0.00000000000 0.00000000000 0.00000000000 0.00000000000 0.00000000000
0.02753125552 -0.00989226692 0.25647411029 0.00000000000 0.00000000000 0.00000000000 0.00000000000 0.00000000000 0.00000000000 0.00000000000 0.00000000000
0.02758000990 -0.00986946047 0.25646841013 0.00000000000 0.00000000000 0.00000000000 0.00000000000 0.00000000000 0.00000000000 0.00000000000 0.00000000000
0.02762876429 -0.00984665393 0.25646270798 0.00000000000 0.00000000000 0.00000000000 0.00000000000 0.00000000000 0.00000000000 0.00000000000 0.00000000000
0.02767751866 -0.00982384732 0.25645700385 0.00000000000 0.00000000000 0.00000000000 0.00000000000 0.00000000000 0.00000000000 0.00000000000 0.00000000000
0.02772627300 -0.00980104066 0.25645129774 0.00000000000 0.00000000000 0.00000000000 0.00000000000 0.00000000000 0.00000000000 0.00000000000 0.00000000000
0.02777502729 -0.00977823394 0.25644558966 0.00000000000 0.00000000000 0.00000000000 0.00000000000 0.00000000000 0.00000000000 0.00000000000 0.00000000000
0.02782378155 -0.00975542715 0.25643987959 0.00000000000 0.00000000000 0.00000000000 0.00000000000 0.00000000000 0.00000000000 0.00000000000 0.00000000000
0.02787253584 -0.00973262028 0.25643416753 0.00000000000 0.00000000000 0.00000000000 0.00000000000 0.00000000000 0.00000000000 0.00000000000 0.00000000000
0.02792129018 -0.00970981331 0.25642845349 0.00000000000 0.00000000000 0.00000000000 0.00000000000 0.00000000000 0.00000000000 0.00000000000 0.00000000000
0.02797004463 -0.00968700622 0.25642273745 0.00000000000 0.00000000000 0.00000000000 0.00000000000 0.00000000000 0.00000000000 0.00000000000 0.00000000000
0.02801879914 -0.00966419902 0.25641701941 0.00000000000 0.00000000000 0.00000000000 0.00000000000 0.00000000000 0.00000000000 0.00000000000 0.00000000000
0.02806755363 -0.00964139176 0.25641129940 0.00000000000 0.00000000000 0.00000000000 0.00000000000 0.00000000000 0.00000000000 0.00000000000 0.00000000000
0.02811634178 -0.00961858444 0.25640583576 0.00000000000 0.00000000000 0.00000000000 0.00000000000 0.00000000000 0.00000000000 0.00000000000 0.00000000000
0.02816514971 -0.00959577708 0.25640052210 0.00000000000 0.00000000000 0.00000000000 0.00000000000 0.00000000000 0.00000000000 0.00000000000 0.00000000000
0.02821395760 -0.00957296966 0.25639520646 0.00000000000 0.00000000000 0.00000000000 0.00000000000 0.00000000000 0.00000000000 0.00000000000 0.00000000000
0.02826276548 -0.00955016218 0.25638988883 0.00000000000 0.00000000000 0.00000000000 0.00000000000 0.00000000000 0.00000000000 0.00000000000 0.00000000000
0.02831157338 -0.00952735461 0.25638456922 0.00000000000 0.00000000000 0.00000000000 0.00000000000 0.00000000000 0.00000000000 0.00000000000 0.00000000000
0.02836038129 -0.00950454696 0.25637924761 0.00000000000 0.00000000000 0.00000000000 0.00000000000 0.00000000000 0.00000000000 0.00000000000 0.00000000000
0.02840918922 -0.00948173923 0.25637392401 0.00000000000 0.00000000000 0.00000000000 0.00000000000 0.00000000000 0.00000000000 0.00000000000 0.00000000000
0.02845799715 -0.00945893142 0.25636859843 0.00000000000 0.00000000000 0.00000000000 0.00000000000 0.00000000000 0.00000000000 0.00000000000 0.00000000000
0.02850680508 -0.00943612354 0.25636327085 0.00000000000 0.00000000000 0.00000000000 0.00000000000 0.00000000000 0.00000000000 0.00000000000 0.00000000000
0.02855561299 -0.00941331560 0.25635794129 0.00000000000 0.00000000000 0.00000000000 0.00000000000 0.00000000000 0.00000000000 0.00000000000 0.00000000000
0.02860442088 -0.00939050759 0.25635260974 0.00000000000 0.00000000000 0.00000000000 0.00000000000 0.00000000000 0.00000000000 0.00000000000 0.00000000000
0.02865322875 -0.00936769952 0.25634727621 0.00000000000 0.00000000000 0.00000000000 0.00000000000 0.00000000000 0.00000000000 0.00000000000 0.00000000000
0.02870203664 -0.00934489137 0.25634194068 0.00000000000 0.00000000000 0.00000000000 0.00000000000 0.00000000000 0.00000000000 0.00000000000 0.00000000000
0.02875084453 -0.00932208314 0.25633660316 0.00000000000 0.00000000000 0.00000000000 0.00000000000 0.00000000000 0.00000000000 0.00000000000 0.00000000000
0.02879965244 -0.00929927483 0.25633126365 0.00000000000 0.00000000000 0.00000000000 0.00000000000 0.00000000000 0.00000000000 0.00000000000 0.00000000000
0.02884846035 -0.00927646645 0.25632592215 0.00000000000 0.00000000000 0.00000000000 0.00000000000 0.00000000000 0.00000000000 0.00000000000 0.00000000000
0.02889726827 -0.00925365800 0.25632057866 0.00000000000 0.00000000000 0.00000000000 0.00000000000 0.00000000000 0.00000000000 0.00000000000 0.00000000000
0.02894607618 -0.00923084947 0.25631523318 0.00000000000 0.00000000000 0.00000000000 0.00000000000 0.00000000000 0.00000000000 0.00000000000 0.00000000000
0.02899488410 -0.00920804088 0.25630988571 0.00000000000 0.00000000000 0.00000000000 0.00000000000 0.00000000000 0.00000000000 0.00000000000 0.00000000000
0.02904369201 -0.00918523221 0.25630453625 0.00000000000 0.00000000000 0.00000000000 0.00000000000 0.00000000000 0.00000000000 0.00000000000 0.00000000000
0.02909249993 -0.00916242347 0.25629918480 0.00000000000 0.00000000000 0.00000000000 0.00000000000 0.00000000000 0.00000000000 0.00000000000 0.00000000000
0.02914130784 -0.00913961466 0.25629383136 0.00000000000 0.00000000000 0.00000000000 0.00000000000 0.00000000000 0.00000000000 0.00000000000 0.00000000000
0.02919011574 -0.00911680578 0.25628847593 0.00000000000 0.00000000000 0.00000000000 0.00000000000 0.00000000000 0.00000000000 0.00000000000 0.00000000000
0.02923892365 -0.00909399683 0.25628311851 0.00000000000 0.00000000000 0.00000000000 0.00000000000 0.00000000000 0.00000000000 0.00000000000 0.00000000000
0.02928773156 -0.00907118781 0.25627775909 0.00000000000 0.00000000000 0.00000000000 0.00000000000 0.00000000000 0.00000000000 0.00000000000 0.00000000000
0.02933653948 -0.00904837872 0.25627239768 0.00000000000 0.00000000000 0.00000000000 0.00000000000 0.00000000000 0.00000000000 0.00000000000 0.00000000000
0.02938534740 -0.00902556955 0.25626703429 0.00000000000 0.00000000000 0.00000000000 0.00000000000 0.00000000000 0.00000000000 0.00000000000 0.00000000000
0.02943415532 -0.00900276031 0.25626166889 0.00000000000 0.00000000000 0.00000000000 0.00000000000 0.00000000000 0.00000000000 0.00000000000 0.00000000000
0.02948296324 -0.00897995101 0.25625630151 0.00000000000 0.00000000000 0.00000000000 0.00000000000 0.00000000000 0.00000000000 0.00000000000 0.00000000000
0.02953177116 -0.00895714163 0.25625093214 0.00000000000 0.00000000000 0.00000000000 0.00000000000 0.00000000000 0.00000000000 0.00000000000 0.00000000000
0.02958057906 -0.00893433219 0.25624556077 0.00000000000 0.00000000000 0.00000000000 0.00000000000 0.00000000000 0.00000000000 0.00000000000 0.00000000000
0.02962938695 -0.00891152269 0.25624018742 0.00000000000 0.00000000000 0.00000000000 0.00000000000 0.00000000000 0.00000000000 0.00000000000 0.00000000000
0.02967819484 -0.00888871312 0.25623481207 0.00000000000 0.00000000000 0.00000000000 0.00000000000 0.00000000000 0.00000000000 0.00000000000 0.00000000000
0.02972700272 -0.00886590348 0.25622943473 0.00000000000 0.00000000000 0.00000000000 0.00000000000 0.00000000000 0.00000000000 0.00000000000 0.00000000000
0.02977581062 -0.00884309377 0.25622405539 0.00000000000 0.00000000000 0.00000000000 0.00000000000 0.00000000000 0.00000000000 0.00000000000 0.00000000000
0.02982461855 -0.00882028398 0.25621867406 0.00000000000 0.00000000000 0.00000000000 0.00000000000 0.00000000000 0.00000000000 0.00000000000 0.00000000000
0.02987342649 -0.00879747410 0.25621329074 0.00000000000 0.00000000000 0.00000000000 0.00000000000 0.00000000000 0.00000000000 0.00000000000 0.00000000000
0.02992223444 -0.00877466417 0.25620790542 0.00000000000 0.00000000000 0.00000000000 0.00000000000 0.00000000000 0.00000000000 0.00000000000 0.00000000000
0.02997104236 -0.00875185417 0.25620251811 0.00000000000 0.00000000000 0.00000000000 0.00000000000 0.00000000000 0.00000000000 0.00000000000 0.00000000000
0.03001985025 -0.00872904411 0.25619712881 0.00000000000 0.00000000000 0.00000000000 0.00000000000 0.00000000000 0.00000000000 0.00000000000 0.00000000000
0.03006865812 -0.00870623400 0.25619173752 0.00000000000 0.00000000000 0.00000000000 0.00000000000 0.00000000000 0.00000000000 0.00000000000 0.00000000000
0.03011746599 -0.00868342383 0.25618634423 0.00000000000 0.00000000000 0.00000000000 0.00000000000 0.00000000000 0.00000000000 0.00000000000 0.00000000000
0.03016627389 -0.00866061357 0.25618094895 0.00000000000 0.00000000000 0.00000000000 0.00000000000 0.00000000000 0.00000000000 0.00000000000 0.00000000000
0.03021508184 -0.00863780322 0.25617555167 0.00000000000 0.00000000000 0.00000000000 0.00000000000 0.00000000000 0.00000000000 0.00000000000 0.00000000000
0.03026388983 -0.00861499278 0.25617015239 0.00000000000 0.00000000000 0.00000000000 0.00000000000 0.00000000000 0.00000000000 0.00000000000 0.00000000000
0.03031269785 -0.00859218227 0.25616475111 0.00000000000 0.00000000000 0.00000000000 0.00000000000 0.00000000000 0.00000000000 0.00000000000 0.00000000000
0.03036150587 -0.00856937168 0.25615934784 0.00000000000 0.00000000000 0.00000000000 0.00000000000 0.00000000000 0.00000000000 0.00000000000 0.00000000000
0.03041031383 -0.00854656106 0.25615394258 0.00000000000 0.00000000000 0.00000000000 0.00000000000 0.00000000000 0.00000000000 0.00000000000 0.00000000000
0.03045912168 -0.00852375042 0.25614853534 0.00000000000 0.00000000000 0.00000000000 0.00000000000 0.00000000000 0.00000000000 0.00000000000 0.00000000000
0.03050792949 -0.00850093974 0.25614312610 0.00000000000 0.00000000000 0.00000000000 0.00000000000 0.00000000000 0.00000000000 0.00000000000 0.00000000000
0.03055673730 -0.00847812899 0.25613771487 0.00000000000 0.00000000000 0.00000000000 0.00000000000 0.00000000000 0.00000000000 0.00000000000 0.00000000000
0.03060554515 -0.00845531815 0.25613230164 0.00000000000 0.00000000000 0.00000000000 0.00000000000 0.00000000000 0.00000000000 0.00000000000 0.00000000000
0.03065435303 -0.00843250723 0.25612688642 0.00000000000 0.00000000000 0.00000000000 0.00000000000 0.00000000000 0.00000000000 0.00000000000 0.00000000000
0.03070316094 -0.00840969624 0.25612146919 0.00000000000 0.00000000000 0.00000000000 0.00000000000 0.00000000000 0.00000000000 0.00000000000 0.00000000000
0.03075196885 -0.00838688518 0.25611604997 0.00000000000 0.00000000000 0.00000000000 0.00000000000 0.00000000000 0.00000000000 0.00000000000 0.00000000000
0.03080077673 -0.00836407406 0.25611062875 0.00000000000 0.00000000000 0.00000000000 0.00000000000 0.00000000000 0.00000000000 0.00000000000 0.00000000000
0.03084958461 -0.00834126289 0.25610520554 0.00000000000 0.00000000000 0.00000000000 0.00000000000 0.00000000000 0.00000000000 0.00000000000 0.00000000000
0.03089839778 -0.00831845164 0.25609982400 0.00000000000 0.00000000000 0.00000000000 0.00000000000 0.00000000000 0.00000000000 0.00000000000 0.00000000000
0.03094726677 -0.00829564032 0.25609490151 0.00000000000 0.00000000000 0.00000000000 0.00000000000 0.00000000000 0.00000000000 0.00000000000 0.00000000000
0.03099613579 -0.00827282891 0.25608997702 0.00000000000 0.00000000000 0.00000000000 0.00000000000 0.00000000000 0.00000000000 0.00000000000 0.00000000000
0.03104500482 -0.00825001744 0.25608505053 0.00000000000 0.00000000000 0.00000000000 0.00000000000 0.00000000000 0.00000000000 0.00000000000 0.00000000000
0.03109387386 -0.00822720590 0.25608012204 0.00000000000 0.00000000000 0.00000000000 0.00000000000 0.00000000000 0.00000000000 0.00000000000 0.00000000000
0.03114274292 -0.00820439428 0.25607519155 0.00000000000 0.00000000000 0.00000000000 0.00000000000 0.00000000000 0.00000000000 0.00000000000 0.00000000000
0.03119161208 -0.00818158256 0.25607025905 0.00000000000 0.00000000000 0.00000000000 0.00000000000 0.00000000000 0.00000000000 0.00000000000 0.00000000000
0.03124048138 -0.00815877070 0.25606532453 0.00000000000 0.00000000000 0.00000000000 0.00000000000 0.00000000000 0.00000000000 0.00000000000 0.00000000000
0.03128935064 -0.00813595880 0.25606038802 0.00000000000 0.00000000000 0.00000000000 0.00000000000 0.00000000000 0.00000000000 0.00000000000 0.00000000000
0.03133821999 -0.00811314678 0.25605544950 0.00000000000 0.00000000000 0.00000000000 0.00000000000 0.00000000000 0.00000000000 0.00000000000 0.00000000000
0.03138708798 -0.00809033543 0.25605050911 0.00000000000 0.00000000000 0.00000000000 0.00000000000 0.00000000000 0.00000000000 0.00000000000 0.00000000000
0.03144817274 -0.00806182058 0.25604433086 0.00000000000 0.00000000000 0.00000000000 0.00000000000 0.00000000000 0.00000000000 0.00000000000 0.00000000000
0.03148481850 -0.00804471753 0.25604062281 0.00000000000 0.00000000000 0.00000000000 0.00000000000 0.00000000000 0.00000000000 0.00000000000 0.00000000000
ZONE T="NURB"
I=201, J=1, K=1
0.02660489878 -0.01032560369 0.25658203878 6.50598975492 0.00000000000 0.00000000000 0.00000000000 0.00000000000 0.00000000000 0.00000000000 0.25678972082
0.02662928167 -0.01031418703 0.25657920729 6.50959597923 0.00000000000 0.00000000000 0.00000000000 0.00000000000 0.00000000000 0.00000000000 0.25678643279
0.02665366198 -0.01030277677 0.25657637555 6.51320426243 0.00000000000 0.00000000000 0.00000000000 0.00000000000 0.00000000000 0.00000000000 0.25678314528
0.02667803971 -0.01029137292 0.25657354358 6.51681460529 0.00000000000 0.00000000000 0.00000000000 0.00000000000 0.00000000000 0.00000000000 0.25677985828
0.02670241660 -0.01027997161 0.25657071117 1.30803192501 0.00000000000 0.00000000000 0.00000000000 0.00000000000 0.00000000000 0.00000000000 0.25677657145
0.02672679440 -0.01026856895 0.25656787813 1.30782201149 0.00000000000 0.00000000000 0.00000000000 0.00000000000 0.00000000000 0.00000000000 0.25677328443
0.02675117228 -0.01025716587 0.25656504458 0.70845067129 0.00000000000 0.00000000000 0.00000000000 0.00000000000 0.00000000000 0.00000000000 0.25676999737
0.02677554942 -0.01024576326 0.25656221061 0.70851552234 0.00000000000 0.00000000000 0.00000000000 0.00000000000 0.00000000000 0.00000000000 0.25676671041
0.02679992624 -0.01023436085 0.25655937618 0.67071667924 0.00000000000 0.00000000000 0.00000000000 0.00000000000 0.00000000000 0.00000000000 0.25676342350
0.02682430315 -0.01022295835 0.25655654124 0.67070345625 0.00000000000 0.00000000000 0.00000000000 0.00000000000 0.00000000000 0.00000000000 0.25676013657
0.02684868015 -0.01021155578 0.25655370580 0.67213996158 0.00000000000 0.00000000000 0.00000000000 0.00000000000 0.00000000000 0.00000000000 0.25675684963
0.02687305722 -0.01020015316 0.25655086986 0.67212973601 0.00000000000 0.00000000000 0.00000000000 0.00000000000 0.00000000000 0.00000000000 0.25675356268
0.02689743434 -0.01018875050 0.25654803341 0.67179273888 0.00000000000 0.00000000000 0.00000000000 0.00000000000 0.00000000000 0.00000000000 0.25675027572
0.02692181149 -0.01017734780 0.25654519647 0.67178590849 0.00000000000 0.00000000000 0.00000000000 0.00000000000 0.00000000000 0.00000000000 0.25674698876
0.02694618866 -0.01016594507 0.25654235902 0.67190132088 0.00000000000 0.00000000000 0.00000000000 0.00000000000 0.00000000000 0.00000000000 0.25674370180
0.02697056587 -0.01015454231 0.25653952108 0.67189414035 0.00000000000 0.00000000000 0.00000000000 0.00000000000 0.00000000000 0.00000000000 0.25674041483
0.02699494310 -0.01014313952 0.25653668264 0.67193600358 0.00000000000 0.00000000000 0.00000000000 0.00000000000 0.00000000000 0.00000000000 0.25673712786
0.02701932033 -0.01013173670 0.25653384371 0.67193122052 0.00000000000 0.00000000000 0.00000000000 0.00000000000 0.00000000000 0.00000000000 0.25673384089
0.02704369757 -0.01012033387 0.25653100428 0.67198375414 0.00000000000 0.00000000000 0.00000000000 0.00000000000 0.00000000000 0.00000000000 0.25673055391
0.02706807481 -0.01010893102 0.25652816435 0.67197908241 0.00000000000 0.00000000000 0.00000000000 0.00000000000 0.00000000000 0.00000000000 0.25672726694
0.02709245204 -0.01009752814 0.25652532393 0.67202915004 0.00000000000 0.00000000000 0.00000000000 0.00000000000 0.00000000000 0.00000000000 0.25672397997
0.02711682928 -0.01008612525 0.25652248301 0.67202460506 0.00000000000 0.00000000000 0.00000000000 0.00000000000 0.00000000000 0.00000000000 0.25672069299
0.02714120652 -0.01007472233 0.25651964160 0.67207494084 0.00000000000 0.00000000000 0.00000000000 0.00000000000 0.00000000000 0.00000000000 0.25671740602
0.02716558377 -0.01006331940 0.25651679969 0.67207027240 0.00000000000 0.00000000000 0.00000000000 0.00000000000 0.00000000000 0.00000000000 0.25671411905
0.02718996101 -0.01005191644 0.25651395728 0.67212060519 0.00000000000 0.00000000000 0.00000000000 0.00000000000 0.00000000000 0.00000000000 0.25671083207
0.02721433826 -0.01004051346 0.25651111438 0.67211583406 0.00000000000 0.00000000000 0.00000000000 0.00000000000 0.00000000000 0.00000000000 0.25670754510
0.02723871551 -0.01002911047 0.25650827098 0.67216629191 0.00000000000 0.00000000000 0.00000000000 0.00000000000 0.00000000000 0.00000000000 0.25670425813
0.02726309276 -0.01001770745 0.25650542709 0.67216168193 0.00000000000 0.00000000000 0.00000000000 0.00000000000 0.00000000000 0.00000000000 0.25670097115
0.02728747002 -0.01000630441 0.25650258270 0.67221197429 0.00000000000 0.00000000000 0.00000000000 0.00000000000 0.00000000000 0.00000000000 0.25669768418
0.02731184727 -0.00999490135 0.25649973782 0.67220744288 0.00000000000 0.00000000000 0.00000000000 0.00000000000 0.00000000000 0.00000000000 0.25669439720
0.02733622453 -0.00998349828 0.25649689244 0.67225766462 0.00000000000 0.00000000000 0.00000000000 0.00000000000 0.00000000000 0.00000000000 0.25669111023
0.02736060178 -0.00997209518 0.25649404657 0.67225326224 0.00000000000 0.00000000000 0.00000000000 0.00000000000 0.00000000000 0.00000000000 0.25668782325
0.02738497903 -0.00996069207 0.25649120020 0.67230342617 0.00000000000 0.00000000000 0.00000000000 0.00000000000 0.00000000000 0.00000000000 0.25668453628
0.02740935627 -0.00994928894 0.25648835333 0.67229932282 0.00000000000 0.00000000000 0.00000000000 0.00000000000 0.00000000000 0.00000000000 0.25668124930
0.02743373352 -0.00993788579 0.25648550597 0.67234915213 0.00000000000 0.00000000000 0.00000000000 0.00000000000 0.00000000000 0.00000000000 0.25667796233
0.02745811075 -0.00992648263 0.25648265811 0.67234495215 0.00000000000 0.00000000000 0.00000000000 0.00000000000 0.00000000000 0.00000000000 0.25667467536
0.02748248799 -0.00991507945 0.25647980976 0.67239489963 0.00000000000 0.00000000000 0.00000000000 0.00000000000 0.00000000000 0.00000000000 0.25667138839
0.02750686523 -0.00990367624 0.25647696091 0.67239030787 0.00000000000 0.00000000000 0.00000000000 0.00000000000 0.00000000000 0.00000000000 0.25666810141
0.02753124247 -0.00989227302 0.25647411157 0.67244055447 0.00000000000 0.00000000000 0.00000000000 0.00000000000 0.00000000000 0.00000000000 0.25666481444
0.02755561971 -0.00988086978 0.25647126173 0.67243581847 0.00000000000 0.00000000000 0.00000000000 0.00000000000 0.00000000000 0.00000000000 0.25666152747
0.02757999696 -0.00986946651 0.25646841140 0.67248634616 0.00000000000 0.00000000000 0.00000000000 0.00000000000 0.00000000000 0.00000000000 0.25665824049
0.02760437420 -0.00985806323 0.25646556056 0.67248170893 0.00000000000 0.00000000000 0.00000000000 0.00000000000 0.00000000000 0.00000000000 0.25665495352
0.02762875145 -0.00984665992 0.25646270924 0.67253195267 0.00000000000 0.00000000000 0.00000000000 0.00000000000 0.00000000000 0.00000000000 0.25665166655
0.02765312870 -0.00983525660 0.25645985741 0.67252755620 0.00000000000 0.00000000000 0.00000000000 0.00000000000 0.00000000000 0.00000000000 0.25664837957
0.02767750594 -0.00982385326 0.25645700509 0.67257771823 0.00000000000 0.00000000000 0.00000000000 0.00000000000 0.00000000000 0.00000000000 0.25664509260
0.02770188318 -0.00981244991 0.25645415228 0.67257371051 0.00000000000 0.00000000000 0.00000000000 0.00000000000 0.00000000000 0.00000000000 0.25664180563
0.02772626041 -0.00980104654 0.25645129897 0.67262349601 0.00000000000 0.00000000000 0.00000000000 0.00000000000 0.00000000000 0.00000000000 0.25663851865
0.02775063763 -0.00978964315 0.25644844517 0.67261956935 0.00000000000 0.00000000000 0.00000000000 0.00000000000 0.00000000000 0.00000000000 0.25663523168
0.02777501485 -0.00977823975 0.25644559087 0.67266930868 0.00000000000 0.00000000000 0.00000000000 0.00000000000 0.00000000000 0.00000000000 0.25663194471
0.02779939206 -0.00976683633 0.25644273607 0.67266503427 0.00000000000 0.00000000000 0.00000000000 0.00000000000 0.00000000000 0.00000000000 0.25662865774
0.02782376928 -0.00975543289 0.25643988078 0.67271511316 0.00000000000 0.00000000000 0.00000000000 0.00000000000 0.00000000000 0.00000000000 0.25662537077
0.02784814650 -0.00974402943 0.25643702499 0.67271040606 0.00000000000 0.00000000000 0.00000000000 0.00000000000 0.00000000000 0.00000000000 0.25662208380
0.02787252372 -0.00973262594 0.25643416871 0.67276077620 0.00000000000 0.00000000000 0.00000000000 0.00000000000 0.00000000000 0.00000000000 0.25661879683
0.02789690095 -0.00972122244 0.25643131193 0.67275574032 0.00000000000 0.00000000000 0.00000000000 0.00000000000 0.00000000000 0.00000000000 0.25661550986
0.02792127819 -0.00970981891 0.25642845465 0.67280650584 0.00000000000 0.00000000000 0.00000000000 0.00000000000 0.00000000000 0.00000000000 0.25661222289
0.02794565545 -0.00969841536 0.25642559687 0.67280071949 0.00000000000 0.00000000000 0.00000000000 0.00000000000 0.00000000000 0.00000000000 0.25660893591
0.02797003271 -0.00968701178 0.25642273860 0.67285217486 0.00000000000 0.00000000000 0.00000000000 0.00000000000 0.00000000000 0.00000000000 0.25660564894
0.02799440999 -0.00967560818 0.25641987982 0.67284700388 0.00000000000 0.00000000000 0.00000000000 0.00000000000 0.00000000000 0.00000000000 0.25660236196
0.02801878727 -0.00966420456 0.25641702056 0.67289793026 0.00000000000 0.00000000000 0.00000000000 0.00000000000 0.00000000000 0.00000000000 0.25659907498
0.02804316454 -0.00965280093 0.25641416079 0.67289372577 0.00000000000 0.00000000000 0.00000000000 0.00000000000 0.00000000000 0.00000000000 0.25659578800
0.02806754602 -0.00964139727 0.25641133280 88.23987362243 0.00000000000 0.00000000000 0.00000000000 0.00000000000 0.00000000000 0.00000000000 0.25659253327
0.02809193592 -0.00962999361 0.25640856890 88.22961033877 0.00000000000 0.00000000000 0.00000000000 0.00000000000 0.00000000000 0.00000000000 0.25658934308
0.02811633251 -0.00961858993 0.25640585580 51.61391801061 0.00000000000 0.00000000000 0.00000000000 0.00000000000 0.00000000000 0.00000000000 0.25658620415
0.02814073405 -0.00960718623 0.25640318020 51.60955408841 0.00000000000 0.00000000000 0.00000000000 0.00000000000 0.00000000000 0.00000000000 0.25658310319
0.02816513806 -0.00959578252 0.25640052312 0.67439941761 0.00000000000 0.00000000000 0.00000000000 0.00000000000 0.00000000000 0.00000000000 0.25658002124
0.02818954207 -0.00958437879 0.25639786554 0.67439563640 0.00000000000 0.00000000000 0.00000000000 0.00000000000 0.00000000000 0.00000000000 0.25657693928
0.02821394607 -0.00957297504 0.25639520747 0.67444248161 0.00000000000 0.00000000000 0.00000000000 0.00000000000 0.00000000000 0.00000000000 0.25657385733
0.02823835008 -0.00956157128 0.25639254890 0.67443836457 0.00000000000 0.00000000000 0.00000000000 0.00000000000 0.00000000000 0.00000000000 0.25657077537
0.02826275408 -0.00955016749 0.25638988983 0.67448538195 0.00000000000 0.00000000000 0.00000000000 0.00000000000 0.00000000000 0.00000000000 0.25656769342
0.02828715809 -0.00953876369 0.25638723026 0.67448095804 0.00000000000 0.00000000000 0.00000000000 0.00000000000 0.00000000000 0.00000000000 0.25656461146
0.02831156209 -0.00952735987 0.25638457020 0.67452839739 0.00000000000 0.00000000000 0.00000000000 0.00000000000 0.00000000000 0.00000000000 0.25656152951
0.02833596610 -0.00951595603 0.25638190964 0.67452395272 0.00000000000 0.00000000000 0.00000000000 0.00000000000 0.00000000000 0.00000000000 0.25655844755
0.02836037012 -0.00950455217 0.25637924858 0.67457137239 0.00000000000 0.00000000000 0.00000000000 0.00000000000 0.00000000000 0.00000000000 0.25655536559
0.02838477413 -0.00949314829 0.25637658703 0.67456697888 0.00000000000 0.00000000000 0.00000000000 0.00000000000 0.00000000000 0.00000000000 0.25655228364
0.02840917815 -0.00948174439 0.25637392497 0.67461438863 0.00000000000 0.00000000000 0.00000000000 0.00000000000 0.00000000000 0.00000000000 0.25654920168
0.02843358216 -0.00947034047 0.25637126242 0.67461006997 0.00000000000 0.00000000000 0.00000000000 0.00000000000 0.00000000000 0.00000000000 0.25654611972
0.02845798618 -0.00945893653 0.25636859938 0.67465740177 0.00000000000 0.00000000000 0.00000000000 0.00000000000 0.00000000000 0.00000000000 0.25654303777
0.02848239020 -0.00944753258 0.25636593583 0.67465321703 0.00000000000 0.00000000000 0.00000000000 0.00000000000 0.00000000000 0.00000000000 0.25653995581
0.02850679421 -0.00943612861 0.25636327179 0.67470045183 0.00000000000 0.00000000000 0.00000000000 0.00000000000 0.00000000000 0.00000000000 0.25653687385
0.02853119822 -0.00942472462 0.25636060725 0.67469644450 0.00000000000 0.00000000000 0.00000000000 0.00000000000 0.00000000000 0.00000000000 0.25653379190
0.02855560223 -0.00941332061 0.25635794222 0.67474350907 0.00000000000 0.00000000000 0.00000000000 0.00000000000 0.00000000000 0.00000000000 0.25653070994
0.02858000624 -0.00940191659 0.25635527669 0.67473954425 0.00000000000 0.00000000000 0.00000000000 0.00000000000 0.00000000000 0.00000000000 0.25652762799
0.02860441024 -0.00939051255 0.25635261066 0.67478650362 0.00000000000 0.00000000000 0.00000000000 0.00000000000 0.00000000000 0.00000000000 0.25652454603
0.02862881425 -0.00937910849 0.25634994413 0.67478233812 0.00000000000 0.00000000000 0.00000000000 0.00000000000 0.00000000000 0.00000000000 0.25652146408
0.02865321825 -0.00936770442 0.25634727711 0.67482956484 0.00000000000 0.00000000000 0.00000000000 0.00000000000 0.00000000000 0.00000000000 0.25651838212
0.02867762225 -0.00935630032 0.25634460958 0.67482525117 0.00000000000 0.00000000000 0.00000000000 0.00000000000 0.00000000000 0.00000000000 0.25651530017
0.02870202626 -0.00934489621 0.25634194157 0.67487256969 0.00000000000 0.00000000000 0.00000000000 0.00000000000 0.00000000000 0.00000000000 0.25651221821
0.02872643026 -0.00933349208 0.25633927305 0.67486823038 0.00000000000 0.00000000000 0.00000000000 0.00000000000 0.00000000000 0.00000000000 0.25650913625
0.02875083427 -0.00932208792 0.25633660404 0.67491562279 0.00000000000 0.00000000000 0.00000000000 0.00000000000 0.00000000000 0.00000000000 0.25650605430
0.02877523828 -0.00931068376 0.25633393452 0.67491126995 0.00000000000 0.00000000000 0.00000000000 0.00000000000 0.00000000000 0.00000000000 0.25650297234
0.02879964229 -0.00929927957 0.25633126452 0.67495859843 0.00000000000 0.00000000000 0.00000000000 0.00000000000 0.00000000000 0.00000000000 0.25649989039
0.02882404630 -0.00928787536 0.25632859401 0.67495424792 0.00000000000 0.00000000000 0.00000000000 0.00000000000 0.00000000000 0.00000000000 0.25649680843
0.02884845031 -0.00927647114 0.25632592300 0.67500170449 0.00000000000 0.00000000000 0.00000000000 0.00000000000 0.00000000000 0.00000000000 0.25649372647
0.02887285433 -0.00926506689 0.25632325150 0.67499742677 0.00000000000 0.00000000000 0.00000000000 0.00000000000 0.00000000000 0.00000000000 0.25649064452
0.02889725834 -0.00925366263 0.25632057950 0.67504471577 0.00000000000 0.00000000000 0.00000000000 0.00000000000 0.00000000000 0.00000000000 0.25648756256
0.02892166235 -0.00924225835 0.25631790701 0.67504049093 0.00000000000 0.00000000000 0.00000000000 0.00000000000 0.00000000000 0.00000000000 0.25648448061
0.02894606636 -0.00923085405 0.25631523401 0.67508781225 0.00000000000 0.00000000000 0.00000000000 0.00000000000 0.00000000000 0.00000000000 0.25648139865
0.02897047038 -0.00921944974 0.25631256052 0.67508357692 0.00000000000 0.00000000000 0.00000000000 0.00000000000 0.00000000000 0.00000000000 0.25647831669
0.02899487439 -0.00920804541 0.25630988653 0.67513086354 0.00000000000 0.00000000000 0.00000000000 0.00000000000 0.00000000000 0.00000000000 0.25647523474
0.02901927840 -0.00919664106 0.25630721204 0.67512665443 0.00000000000 0.00000000000 0.00000000000 0.00000000000 0.00000000000 0.00000000000 0.25647215278
0.02904368241 -0.00918523669 0.25630453706 0.67517391012 0.00000000000 0.00000000000 0.00000000000 0.00000000000 0.00000000000 0.00000000000 0.25646907082
0.02906808642 -0.00917383230 0.25630186158 0.67516968836 0.00000000000 0.00000000000 0.00000000000 0.00000000000 0.00000000000 0.00000000000 0.25646598887
0.02909249043 -0.00916242790 0.25629918560 0.67521693263 0.00000000000 0.00000000000 0.00000000000 0.00000000000 0.00000000000 0.00000000000 0.25646290691
0.02911689444 -0.00915102348 0.25629650912 0.67521270792 0.00000000000 0.00000000000 0.00000000000 0.00000000000 0.00000000000 0.00000000000 0.25645982496
0.02914129845 -0.00913961904 0.25629383214 0.67526007216 0.00000000000 0.00000000000 0.00000000000 0.00000000000 0.00000000000 0.00000000000 0.25645674300
0.02916570247 -0.00912821458 0.25629115467 0.67525583923 0.00000000000 0.00000000000 0.00000000000 0.00000000000 0.00000000000 0.00000000000 0.25645366104
0.02919010648 -0.00911681011 0.25628847670 0.67530313283 0.00000000000 0.00000000000 0.00000000000 0.00000000000 0.00000000000 0.00000000000 0.25645057909
0.02921451049 -0.00910540561 0.25628579823 0.67529888755 0.00000000000 0.00000000000 0.00000000000 0.00000000000 0.00000000000 0.00000000000 0.25644749713
0.02923891450 -0.00909400110 0.25628311926 0.67534618456 0.00000000000 0.00000000000 0.00000000000 0.00000000000 0.00000000000 0.00000000000 0.25644441518
0.02926331851 -0.00908259658 0.25628043980 0.67534192052 0.00000000000 0.00000000000 0.00000000000 0.00000000000 0.00000000000 0.00000000000 0.25644133322
0.02928772252 -0.00907119203 0.25627775984 0.67538924945 0.00000000000 0.00000000000 0.00000000000 0.00000000000 0.00000000000 0.00000000000 0.25643825126
0.02931212653 -0.00905978747 0.25627507937 0.67538496537 0.00000000000 0.00000000000 0.00000000000 0.00000000000 0.00000000000 0.00000000000 0.25643516931
0.02933653054 -0.00904838289 0.25627239842 0.67543233042 0.00000000000 0.00000000000 0.00000000000 0.00000000000 0.00000000000 0.00000000000 0.25643208735
0.02936093455 -0.00903697829 0.25626971696 0.67542803266 0.00000000000 0.00000000000 0.00000000000 0.00000000000 0.00000000000 0.00000000000 0.25642900539
0.02938533857 -0.00902557367 0.25626703501 0.67547544034 0.00000000000 0.00000000000 0.00000000000 0.00000000000 0.00000000000 0.00000000000 0.25642592344
0.02940974258 -0.00901416903 0.25626435255 0.67547115478 0.00000000000 0.00000000000 0.00000000000 0.00000000000 0.00000000000 0.00000000000 0.25642284148
0.02943414660 -0.00900276438 0.25626166960 0.67551849743 0.00000000000 0.00000000000 0.00000000000 0.00000000000 0.00000000000 0.00000000000 0.25641975953
0.02945855061 -0.00899135971 0.25625898616 0.67551424909 0.00000000000 0.00000000000 0.00000000000 0.00000000000 0.00000000000 0.00000000000 0.25641667757
0.02948295462 -0.00897995503 0.25625630221 0.67556162655 0.00000000000 0.00000000000 0.00000000000 0.00000000000 0.00000000000 0.00000000000 0.25641359561
0.02950735864 -0.00896855032 0.25625361777 0.67555743890 0.00000000000 0.00000000000 0.00000000000 0.00000000000 0.00000000000 0.00000000000 0.25641051366
0.02953176265 -0.00895714560 0.25625093282 0.67560468814 0.00000000000 0.00000000000 0.00000000000 0.00000000000 0.00000000000 0.00000000000 0.25640743170
0.02955616666 -0.00894574086 0.25624824738 0.67560058227 0.00000000000 0.00000000000 0.00000000000 0.00000000000 0.00000000000 0.00000000000 0.25640434974
0.02958057067 -0.00893433611 0.25624556145 0.67564781209 0.00000000000 0.00000000000 0.00000000000 0.00000000000 0.00000000000 0.00000000000 0.25640126779
0.02960497467 -0.00892293134 0.25624287501 0.67564371874 0.00000000000 0.00000000000 0.00000000000 0.00000000000 0.00000000000 0.00000000000 0.25639818583
0.02962937868 -0.00891152655 0.25624018808 0.67569092489 0.00000000000 0.00000000000 0.00000000000 0.00000000000 0.00000000000 0.00000000000 0.25639510388
0.02965378268 -0.00890012174 0.25623750065 0.67568671427 0.00000000000 0.00000000000 0.00000000000 0.00000000000 0.00000000000 0.00000000000 0.25639202192
0.02967818669 -0.00888871692 0.25623481272 0.67573403644 0.00000000000 0.00000000000 0.00000000000 0.00000000000 0.00000000000 0.00000000000 0.25638893997
0.02970259069 -0.00887731208 0.25623212429 0.67572976294 0.00000000000 0.00000000000 0.00000000000 0.00000000000 0.00000000000 0.00000000000 0.25638585801
0.02972699470 -0.00886590723 0.25622943536 0.67577710147 0.00000000000 0.00000000000 0.00000000000 0.00000000000 0.00000000000 0.00000000000 0.25638277606
0.02975139870 -0.00885450235 0.25622674594 0.67577277875 0.00000000000 0.00000000000 0.00000000000 0.00000000000 0.00000000000 0.00000000000 0.25637969410
0.02977580271 -0.00884309746 0.25622405602 0.67582028542 0.00000000000 0.00000000000 0.00000000000 0.00000000000 0.00000000000 0.00000000000 0.25637661214
0.02980020673 -0.00883169255 0.25622136560 0.67581567630 0.00000000000 0.00000000000 0.00000000000 0.00000000000 0.00000000000 0.00000000000 0.25637353019
0.02982461074 -0.00882028762 0.25621867468 0.67586331708 0.00000000000 0.00000000000 0.00000000000 0.00000000000 0.00000000000 0.00000000000 0.25637044823
0.02984901476 -0.00880888267 0.25621598326 0.67585884533 0.00000000000 0.00000000000 0.00000000000 0.00000000000 0.00000000000 0.00000000000 0.25636736627
0.02987341878 -0.00879747770 0.25621329134 0.67590642029 0.00000000000 0.00000000000 0.00000000000 0.00000000000 0.00000000000 0.00000000000 0.25636428432
0.02989782280 -0.00878607272 0.25621059892 0.67590219555 0.00000000000 0.00000000000 0.00000000000 0.00000000000 0.00000000000 0.00000000000 0.25636120236
0.02992222682 -0.00877466772 0.25620790601 0.67594956389 0.00000000000 0.00000000000 0.00000000000 0.00000000000 0.00000000000 0.00000000000 0.25635812040
0.02994663084 -0.00876326270 0.25620521260 0.67594555054 0.00000000000 0.00000000000 0.00000000000 0.00000000000 0.00000000000 0.00000000000 0.25635503845
0.02997103485 -0.00875185767 0.25620251869 0.67599271146 0.00000000000 0.00000000000 0.00000000000 0.00000000000 0.00000000000 0.00000000000 0.25635195649
0.02999543886 -0.00874045262 0.25619982428 0.67598877944 0.00000000000 0.00000000000 0.00000000000 0.00000000000 0.00000000000 0.00000000000 0.25634887453
0.03001984286 -0.00872904756 0.25619712938 0.67603589396 0.00000000000 0.00000000000 0.00000000000 0.00000000000 0.00000000000 0.00000000000 0.25634579258
0.03004424686 -0.00871764248 0.25619443397 0.67603191311 0.00000000000 0.00000000000 0.00000000000 0.00000000000 0.00000000000 0.00000000000 0.25634271062
0.03006865086 -0.00870623739 0.25619173807 0.67607906877 0.00000000000 0.00000000000 0.00000000000 0.00000000000 0.00000000000 0.00000000000 0.25633962867
0.03009305486 -0.00869483228 0.25618904167 0.67607487771 0.00000000000 0.00000000000 0.00000000000 0.00000000000 0.00000000000 0.00000000000 0.25633654671
0.03011745886 -0.00868342715 0.25618634477 0.67612212713 0.00000000000 0.00000000000 0.00000000000 0.00000000000 0.00000000000 0.00000000000 0.25633346476
0.03014186287 -0.00867202200 0.25618364738 0.67611756692 0.00000000000 0.00000000000 0.00000000000 0.00000000000 0.00000000000 0.00000000000 0.25633038280
0.03016626688 -0.00866061684 0.25618094948 0.67616530115 0.00000000000 0.00000000000 0.00000000000 0.00000000000 0.00000000000 0.00000000000 0.25632730085
0.03019067089 -0.00864921165 0.25617825108 0.67616042805 0.00000000000 0.00000000000 0.00000000000 0.00000000000 0.00000000000 0.00000000000 0.25632421889
0.03021507492 -0.00863780645 0.25617555219 0.67620838023 0.00000000000 0.00000000000 0.00000000000 0.00000000000 0.00000000000 0.00000000000 0.25632113693
0.03023947895 -0.00862640122 0.25617285279 0.67620356634 0.00000000000 0.00000000000 0.00000000000 0.00000000000 0.00000000000 0.00000000000 0.25631805497
0.03026388298 -0.00861499598 0.25617015290 0.67625150820 0.00000000000 0.00000000000 0.00000000000 0.00000000000 0.00000000000 0.00000000000 0.25631497302
0.03028828702 -0.00860359071 0.25616745251 0.67624703401 0.00000000000 0.00000000000 0.00000000000 0.00000000000 0.00000000000 0.00000000000 0.25631189106
0.03031269106 -0.00859218543 0.25616475161 0.67629464161 0.00000000000 0.00000000000 0.00000000000 0.00000000000 0.00000000000 0.00000000000 0.25630880910
0.03033709510 -0.00858078013 0.25616205022 0.67629039368 0.00000000000 0.00000000000 0.00000000000 0.00000000000 0.00000000000 0.00000000000 0.25630572714
0.03036149914 -0.00856937482 0.25615934834 0.67633778961 0.00000000000 0.00000000000 0.00000000000 0.00000000000 0.00000000000 0.00000000000 0.25630264518
0.03038590317 -0.00855796950 0.25615664595 0.67633399447 0.00000000000 0.00000000000 0.00000000000 0.00000000000 0.00000000000 0.00000000000 0.25629956322
0.03041030719 -0.00854656416 0.25615394307 0.67638102218 0.00000000000 0.00000000000 0.00000000000 0.00000000000 0.00000000000 0.00000000000 0.25629648126
0.03043471119 -0.00853515881 0.25615123968 0.67637828397 0.00000000000 0.00000000000 0.00000000000 0.00000000000 0.00000000000 0.00000000000 0.25629339931
0.03045911518 -0.00852375345 0.25614853581 0.67642428379 0.00000000000 0.00000000000 0.00000000000 0.00000000000 0.00000000000 0.00000000000 0.25629031735
0.03048351916 -0.00851234808 0.25614583143 0.67642033462 0.00000000000 0.00000000000 0.00000000000 0.00000000000 0.00000000000 0.00000000000 0.25628723540
0.03050792315 -0.00850094269 0.25614312656 0.67646742973 0.00000000000 0.00000000000 0.00000000000 0.00000000000 0.00000000000 0.00000000000 0.25628415345
0.03053232713 -0.00848953729 0.25614042118 0.67646317131 0.00000000000 0.00000000000 0.00000000000 0.00000000000 0.00000000000 0.00000000000 0.25628107149
0.03055673112 -0.00847813187 0.25613771531 0.67651051214 0.00000000000 0.00000000000 0.00000000000 0.00000000000 0.00000000000 0.00000000000 0.25627798954
0.03058113511 -0.00846672643 0.25613500894 0.67650584555 0.00000000000 0.00000000000 0.00000000000 0.00000000000 0.00000000000 0.00000000000 0.25627490759
0.03060553911 -0.00845532097 0.25613230206 0.67655371551 0.00000000000 0.00000000000 0.00000000000 0.00000000000 0.00000000000 0.00000000000 0.25627182563
0.03062994311 -0.00844391549 0.25612959469 0.67654893137 0.00000000000 0.00000000000 0.00000000000 0.00000000000 0.00000000000 0.00000000000 0.25626874368
0.03065434712 -0.00843250999 0.25612688682 0.67659684110 0.00000000000 0.00000000000 0.00000000000 0.00000000000 0.00000000000 0.00000000000 0.25626566172
0.03067875113 -0.00842110447 0.25612417845 0.67659235442 0.00000000000 0.00000000000 0.00000000000 0.00000000000 0.00000000000 0.00000000000 0.25626257977
0.03070315514 -0.00840969894 0.25612146958 0.67664002852 0.00000000000 0.00000000000 0.00000000000 0.00000000000 0.00000000000 0.00000000000 0.25625949781
0.03072755915 -0.00839829339 0.25611876022 0.67663588137 0.00000000000 0.00000000000 0.00000000000 0.00000000000 0.00000000000 0.00000000000 0.25625641585
0.03075196316 -0.00838688783 0.25611605035 0.67668323820 0.00000000000 0.00000000000 0.00000000000 0.00000000000 0.00000000000 0.00000000000 0.25625333390
0.03077636716 -0.00837548225 0.25611333998 0.67667917474 0.00000000000 0.00000000000 0.00000000000 0.00000000000 0.00000000000 0.00000000000 0.25625025194
0.03080077117 -0.00836407666 0.25611062912 0.67672640239 0.00000000000 0.00000000000 0.00000000000 0.00000000000 0.00000000000 0.00000000000 0.25624716999
0.03082517517 -0.00835267105 0.25610791776 0.67672223987 0.00000000000 0.00000000000 0.00000000000 0.00000000000 0.00000000000 0.00000000000 0.25624408803
0.03084957983 -0.00834126542 0.25610521135 14.32384192897 0.00000000000 0.00000000000 0.00000000000 0.00000000000 0.00000000000 0.00000000000 0.25624101153
0.03087398582 -0.00832985978 0.25610251536 14.32358591293 0.00000000000 0.00000000000 0.00000000000 0.00000000000 0.00000000000 0.00000000000 0.25623794594
0.03089839943 -0.00831845412 0.25609988194 157.68561624521 0.00000000000 0.00000000000 0.00000000000 0.00000000000 0.00000000000 0.00000000000 0.25623494338
0.03092282700 -0.00830704844 0.25609736329 157.65213251296 0.00000000000 0.00000000000 0.00000000000 0.00000000000 0.00000000000 0.00000000000 0.25623205603
0.03094726155 -0.00829564275 0.25609490179 0.67836034635 0.00000000000 0.00000000000 0.00000000000 0.00000000000 0.00000000000 0.00000000000 0.25622922630
0.03097169610 -0.00828423703 0.25609243979 0.67835593864 0.00000000000 0.00000000000 0.00000000000 0.00000000000 0.00000000000 0.00000000000 0.25622639657
0.03099613066 -0.00827283130 0.25608997729 0.67840004415 0.00000000000 0.00000000000 0.00000000000 0.00000000000 0.00000000000 0.00000000000 0.25622356684
0.03102056522 -0.00826142555 0.25608751429 0.67839605445 0.00000000000 0.00000000000 0.00000000000 0.00000000000 0.00000000000 0.00000000000 0.25622073711
0.03104499977 -0.00825001979 0.25608505079 0.67843990221 0.00000000000 0.00000000000 0.00000000000 0.00000000000 0.00000000000 0.00000000000 0.25621790739
0.03106943433 -0.00823861401 0.25608258679 0.67843606243 0.00000000000 0.00000000000 0.00000000000 0.00000000000 0.00000000000 0.00000000000 0.25621507766
0.03109386889 -0.00822720821 0.25608012229 0.67847945364 0.00000000000 0.00000000000 0.00000000000 0.00000000000 0.00000000000 0.00000000000 0.25621224793
0.03111830345 -0.00821580240 0.25607765730 0.67847526723 0.00000000000 0.00000000000 0.00000000000 0.00000000000 0.00000000000 0.00000000000 0.25620941820
0.03114273802 -0.00820439657 0.25607519180 0.67852067775 0.00000000000 0.00000000000 0.00000000000 0.00000000000 0.00000000000 0.00000000000 0.25620658847
0.03116717260 -0.00819299071 0.25607272579 0.67851577093 0.00000000000 0.00000000000 0.00000000000 0.00000000000 0.00000000000 0.00000000000 0.25620375874
0.03119160719 -0.00818158483 0.25607025929 0.67855206593 0.00000000000 0.00000000000 0.00000000000 0.00000000000 0.00000000000 0.00000000000 0.25620092901
0.03121604181 -0.00817017893 0.25606779229 0.67854619634 0.00000000000 0.00000000000 0.00000000000 0.00000000000 0.00000000000 0.00000000000 0.25619809927
0.03124047644 -0.00815877300 0.25606532478 0.67863991064 0.00000000000 0.00000000000 0.00000000000 0.00000000000 0.00000000000 0.00000000000 0.25619526954
0.03126491105 -0.00814736707 0.25606285678 0.67863715226 0.00000000000 0.00000000000 0.00000000000 0.00000000000 0.00000000000 0.00000000000 0.25619243980
0.03128934568 -0.00813596111 0.25606038827 0.67841847544 0.00000000000 0.00000000000 0.00000000000 0.00000000000 0.00000000000 0.00000000000 0.25618961006
0.03131378038 -0.00812455510 0.25605791926 0.67840949453 0.00000000000 0.00000000000 0.00000000000 0.00000000000 0.00000000000 0.00000000000 0.25618678032
0.03133821495 -0.00811314914 0.25605544976 0.68065614274 0.00000000000 0.00000000000 0.00000000000 0.00000000000 0.00000000000 0.00000000000 0.25618395059
0.03136264925 -0.00810174332 0.25605297978 0.68067691010 0.00000000000 0.00000000000 0.00000000000 0.00000000000 0.00000000000 0.00000000000 0.25618112089
0.03138708357 -0.00809033741 0.25605050928 0.77358060542 0.00000000000 0.00000000000 0.00000000000 0.00000000000 0.00000000000 0.00000000000 0.25617829116
0.03141151825 -0.00807893119 0.25604803818 0.77353721813 0.00000000000 0.00000000000 0.00000000000 0.00000000000 0.00000000000 0.00000000000 0.25617546132
0.03143595263 -0.00806752541 0.25604556665 1.08998284702 0.00000000000 0.00000000000 0.00000000000 0.00000000000 0.00000000000 0.00000000000 0.25617263157
0.03146038604 -0.00805612086 0.25604309486 1.09014656822 0.00000000000 0.00000000000 0.00000000000 0.00000000000 0.00000000000 0.00000000000 0.25616980210
0.03148481850 -0.00804471753 0.25604062281 1.09031031936 0.00000000000 0.00000000000 0.00000000000 0.00000000000 0.00000000000 0.00000000000 0.25616697291
