VARIABLES=
"CoordinateX"
"CoordinateY"
"CoordinateZ"
"Kappa1"
"Kappa2"
"dy"
"dz"
"d2x"
"d2y"
"d2z"
"R"
ZONE T="Konrollpunkte"
I=101, J=1, K=1
0.02685434155 -0.01007905678 0.22640141550 0.00000000000 0.00000000000 0.00000000000 0.00000000000 0.00000000000 0.00000000000 0.00000000000 0.00000000000
0.02688921476 -0.01006291517 0.22640779742 0.00000000000 0.00000000000 0.00000000000 0.00000000000 0.00000000000 0.00000000000 0.00000000000 0.00000000000
0.02694727669 -0.01003604834 0.22641841998 0.00000000000 0.00000000000 0.00000000000 0.00000000000 0.00000000000 0.00000000000 0.00000000000 0.00000000000
0.02699372273 -0.01001455564 0.22642691505 0.00000000000 0.00000000000 0.00000000000 0.00000000000 0.00000000000 0.00000000000 0.00000000000 0.00000000000
0.02704016651 -0.00999306403 0.22643540759 0.00000000000 0.00000000000 0.00000000000 0.00000000000 0.00000000000 0.00000000000 0.00000000000 0.00000000000
0.02708660973 -0.00997157256 0.22644389793 0.00000000000 0.00000000000 0.00000000000 0.00000000000 0.00000000000 0.00000000000 0.00000000000 0.00000000000
0.02713305241 -0.00995008125 0.22645238607 0.00000000000 0.00000000000 0.00000000000 0.00000000000 0.00000000000 0.00000000000 0.00000000000 0.00000000000
0.02717949505 -0.00992858986 0.22646087210 0.00000000000 0.00000000000 0.00000000000 0.00000000000 0.00000000000 0.00000000000 0.00000000000 0.00000000000
0.02722593797 -0.00990709826 0.22646935608 0.00000000000 0.00000000000 0.00000000000 0.00000000000 0.00000000000 0.00000000000 0.00000000000 0.00000000000
0.02727238119 -0.00988560642 0.22647783801 0.00000000000 0.00000000000 0.00000000000 0.00000000000 0.00000000000 0.00000000000 0.00000000000 0.00000000000
0.02731882458 -0.00986411441 0.22648631787 0.00000000000 0.00000000000 0.00000000000 0.00000000000 0.00000000000 0.00000000000 0.00000000000 0.00000000000
0.02736526803 -0.00984262229 0.22649479563 0.00000000000 0.00000000000 0.00000000000 0.00000000000 0.00000000000 0.00000000000 0.00000000000 0.00000000000
0.02741171146 -0.00982113008 0.22650327129 0.00000000000 0.00000000000 0.00000000000 0.00000000000 0.00000000000 0.00000000000 0.00000000000 0.00000000000
0.02745815489 -0.00979963778 0.22651174485 0.00000000000 0.00000000000 0.00000000000 0.00000000000 0.00000000000 0.00000000000 0.00000000000 0.00000000000
0.02750459832 -0.00977814539 0.22652021631 0.00000000000 0.00000000000 0.00000000000 0.00000000000 0.00000000000 0.00000000000 0.00000000000 0.00000000000
0.02755104178 -0.00975665289 0.22652868567 0.00000000000 0.00000000000 0.00000000000 0.00000000000 0.00000000000 0.00000000000 0.00000000000 0.00000000000
0.02759748525 -0.00973516030 0.22653715294 0.00000000000 0.00000000000 0.00000000000 0.00000000000 0.00000000000 0.00000000000 0.00000000000 0.00000000000
0.02764392872 -0.00971366762 0.22654561810 0.00000000000 0.00000000000 0.00000000000 0.00000000000 0.00000000000 0.00000000000 0.00000000000 0.00000000000
0.02769037217 -0.00969217486 0.22655408116 0.00000000000 0.00000000000 0.00000000000 0.00000000000 0.00000000000 0.00000000000 0.00000000000 0.00000000000
0.02773681559 -0.00967068202 0.22656254211 0.00000000000 0.00000000000 0.00000000000 0.00000000000 0.00000000000 0.00000000000 0.00000000000 0.00000000000
0.02778325900 -0.00964918910 0.22657100096 0.00000000000 0.00000000000 0.00000000000 0.00000000000 0.00000000000 0.00000000000 0.00000000000 0.00000000000
0.02782970243 -0.00962769608 0.22657945771 0.00000000000 0.00000000000 0.00000000000 0.00000000000 0.00000000000 0.00000000000 0.00000000000 0.00000000000
0.02787614590 -0.00960620295 0.22658791237 0.00000000000 0.00000000000 0.00000000000 0.00000000000 0.00000000000 0.00000000000 0.00000000000 0.00000000000
0.02792258946 -0.00958470969 0.22659636495 0.00000000000 0.00000000000 0.00000000000 0.00000000000 0.00000000000 0.00000000000 0.00000000000 0.00000000000
0.02796903307 -0.00956321632 0.22660481543 0.00000000000 0.00000000000 0.00000000000 0.00000000000 0.00000000000 0.00000000000 0.00000000000 0.00000000000
0.02801547667 -0.00954172286 0.22661326382 0.00000000000 0.00000000000 0.00000000000 0.00000000000 0.00000000000 0.00000000000 0.00000000000 0.00000000000
0.02806192024 -0.00952022934 0.22662171010 0.00000000000 0.00000000000 0.00000000000 0.00000000000 0.00000000000 0.00000000000 0.00000000000 0.00000000000
0.02810839034 -0.00949873573 0.22662998640 0.00000000000 0.00000000000 0.00000000000 0.00000000000 0.00000000000 0.00000000000 0.00000000000 0.00000000000
0.02815488810 -0.00947724205 0.22663808583 0.00000000000 0.00000000000 0.00000000000 0.00000000000 0.00000000000 0.00000000000 0.00000000000 0.00000000000
0.02820138585 -0.00945574828 0.22664618316 0.00000000000 0.00000000000 0.00000000000 0.00000000000 0.00000000000 0.00000000000 0.00000000000 0.00000000000
0.02824788361 -0.00943425442 0.22665427840 0.00000000000 0.00000000000 0.00000000000 0.00000000000 0.00000000000 0.00000000000 0.00000000000 0.00000000000
0.02829438138 -0.00941276047 0.22666237154 0.00000000000 0.00000000000 0.00000000000 0.00000000000 0.00000000000 0.00000000000 0.00000000000 0.00000000000
0.02834087916 -0.00939126642 0.22667046259 0.00000000000 0.00000000000 0.00000000000 0.00000000000 0.00000000000 0.00000000000 0.00000000000 0.00000000000
0.02838737693 -0.00936977230 0.22667855154 0.00000000000 0.00000000000 0.00000000000 0.00000000000 0.00000000000 0.00000000000 0.00000000000 0.00000000000
0.02843387467 -0.00934827810 0.22668663840 0.00000000000 0.00000000000 0.00000000000 0.00000000000 0.00000000000 0.00000000000 0.00000000000 0.00000000000
0.02848037238 -0.00932678383 0.22669472315 0.00000000000 0.00000000000 0.00000000000 0.00000000000 0.00000000000 0.00000000000 0.00000000000 0.00000000000
0.02852687006 -0.00930528948 0.22670280581 0.00000000000 0.00000000000 0.00000000000 0.00000000000 0.00000000000 0.00000000000 0.00000000000 0.00000000000
0.02857336773 -0.00928379506 0.22671088636 0.00000000000 0.00000000000 0.00000000000 0.00000000000 0.00000000000 0.00000000000 0.00000000000 0.00000000000
0.02861986541 -0.00926230055 0.22671896483 0.00000000000 0.00000000000 0.00000000000 0.00000000000 0.00000000000 0.00000000000 0.00000000000 0.00000000000
0.02866636310 -0.00924080594 0.22672704120 0.00000000000 0.00000000000 0.00000000000 0.00000000000 0.00000000000 0.00000000000 0.00000000000 0.00000000000
0.02871286081 -0.00921931124 0.22673511548 0.00000000000 0.00000000000 0.00000000000 0.00000000000 0.00000000000 0.00000000000 0.00000000000 0.00000000000
0.02875935853 -0.00919781645 0.22674318768 0.00000000000 0.00000000000 0.00000000000 0.00000000000 0.00000000000 0.00000000000 0.00000000000 0.00000000000
0.02880585626 -0.00917632157 0.22675125778 0.00000000000 0.00000000000 0.00000000000 0.00000000000 0.00000000000 0.00000000000 0.00000000000 0.00000000000
0.02885235399 -0.00915482661 0.22675932578 0.00000000000 0.00000000000 0.00000000000 0.00000000000 0.00000000000 0.00000000000 0.00000000000 0.00000000000
0.02889885172 -0.00913333156 0.22676739169 0.00000000000 0.00000000000 0.00000000000 0.00000000000 0.00000000000 0.00000000000 0.00000000000 0.00000000000
0.02894534945 -0.00911183643 0.22677545552 0.00000000000 0.00000000000 0.00000000000 0.00000000000 0.00000000000 0.00000000000 0.00000000000 0.00000000000
0.02899184718 -0.00909034121 0.22678351724 0.00000000000 0.00000000000 0.00000000000 0.00000000000 0.00000000000 0.00000000000 0.00000000000 0.00000000000
0.02903834491 -0.00906884591 0.22679157688 0.00000000000 0.00000000000 0.00000000000 0.00000000000 0.00000000000 0.00000000000 0.00000000000 0.00000000000
0.02908484265 -0.00904735052 0.22679963443 0.00000000000 0.00000000000 0.00000000000 0.00000000000 0.00000000000 0.00000000000 0.00000000000 0.00000000000
0.02913134039 -0.00902585505 0.22680768988 0.00000000000 0.00000000000 0.00000000000 0.00000000000 0.00000000000 0.00000000000 0.00000000000 0.00000000000
0.02917783813 -0.00900435949 0.22681574324 0.00000000000 0.00000000000 0.00000000000 0.00000000000 0.00000000000 0.00000000000 0.00000000000 0.00000000000
0.02922433587 -0.00898286385 0.22682379451 0.00000000000 0.00000000000 0.00000000000 0.00000000000 0.00000000000 0.00000000000 0.00000000000 0.00000000000
0.02927083361 -0.00896136813 0.22683184369 0.00000000000 0.00000000000 0.00000000000 0.00000000000 0.00000000000 0.00000000000 0.00000000000 0.00000000000
0.02931733135 -0.00893987233 0.22683989078 0.00000000000 0.00000000000 0.00000000000 0.00000000000 0.00000000000 0.00000000000 0.00000000000 0.00000000000
0.02936382909 -0.00891837644 0.22684793577 0.00000000000 0.00000000000 0.00000000000 0.00000000000 0.00000000000 0.00000000000 0.00000000000 0.00000000000
0.02941032682 -0.00889688047 0.22685597868 0.00000000000 0.00000000000 0.00000000000 0.00000000000 0.00000000000 0.00000000000 0.00000000000 0.00000000000
0.02945682456 -0.00887538443 0.22686401949 0.00000000000 0.00000000000 0.00000000000 0.00000000000 0.00000000000 0.00000000000 0.00000000000 0.00000000000
0.02950332229 -0.00885388830 0.22687205821 0.00000000000 0.00000000000 0.00000000000 0.00000000000 0.00000000000 0.00000000000 0.00000000000 0.00000000000
0.02954982002 -0.00883239209 0.22688009485 0.00000000000 0.00000000000 0.00000000000 0.00000000000 0.00000000000 0.00000000000 0.00000000000 0.00000000000
0.02959631774 -0.00881089580 0.22688812939 0.00000000000 0.00000000000 0.00000000000 0.00000000000 0.00000000000 0.00000000000 0.00000000000 0.00000000000
0.02964281547 -0.00878939943 0.22689616184 0.00000000000 0.00000000000 0.00000000000 0.00000000000 0.00000000000 0.00000000000 0.00000000000 0.00000000000
0.02968931320 -0.00876790298 0.22690419220 0.00000000000 0.00000000000 0.00000000000 0.00000000000 0.00000000000 0.00000000000 0.00000000000 0.00000000000
0.02973581094 -0.00874640644 0.22691222048 0.00000000000 0.00000000000 0.00000000000 0.00000000000 0.00000000000 0.00000000000 0.00000000000 0.00000000000
0.02978230871 -0.00872490981 0.22692024667 0.00000000000 0.00000000000 0.00000000000 0.00000000000 0.00000000000 0.00000000000 0.00000000000 0.00000000000
0.02982880649 -0.00870341309 0.22692827077 0.00000000000 0.00000000000 0.00000000000 0.00000000000 0.00000000000 0.00000000000 0.00000000000 0.00000000000
0.02987530427 -0.00868191629 0.22693629279 0.00000000000 0.00000000000 0.00000000000 0.00000000000 0.00000000000 0.00000000000 0.00000000000 0.00000000000
0.02992180203 -0.00866041942 0.22694431271 0.00000000000 0.00000000000 0.00000000000 0.00000000000 0.00000000000 0.00000000000 0.00000000000 0.00000000000
0.02996829978 -0.00863892248 0.22695233054 0.00000000000 0.00000000000 0.00000000000 0.00000000000 0.00000000000 0.00000000000 0.00000000000 0.00000000000
0.03001479752 -0.00861742546 0.22696034628 0.00000000000 0.00000000000 0.00000000000 0.00000000000 0.00000000000 0.00000000000 0.00000000000 0.00000000000
0.03006129526 -0.00859592836 0.22696835994 0.00000000000 0.00000000000 0.00000000000 0.00000000000 0.00000000000 0.00000000000 0.00000000000 0.00000000000
0.03010779301 -0.00857443118 0.22697637150 0.00000000000 0.00000000000 0.00000000000 0.00000000000 0.00000000000 0.00000000000 0.00000000000 0.00000000000
0.03015429078 -0.00855293391 0.22698438099 0.00000000000 0.00000000000 0.00000000000 0.00000000000 0.00000000000 0.00000000000 0.00000000000 0.00000000000
0.03020078856 -0.00853143656 0.22699238839 0.00000000000 0.00000000000 0.00000000000 0.00000000000 0.00000000000 0.00000000000 0.00000000000 0.00000000000
0.03024728636 -0.00850993912 0.22700039370 0.00000000000 0.00000000000 0.00000000000 0.00000000000 0.00000000000 0.00000000000 0.00000000000 0.00000000000
0.03029378415 -0.00848844161 0.22700839692 0.00000000000 0.00000000000 0.00000000000 0.00000000000 0.00000000000 0.00000000000 0.00000000000 0.00000000000
0.03034028190 -0.00846694403 0.22701639805 0.00000000000 0.00000000000 0.00000000000 0.00000000000 0.00000000000 0.00000000000 0.00000000000 0.00000000000
0.03038677955 -0.00844544642 0.22702439708 0.00000000000 0.00000000000 0.00000000000 0.00000000000 0.00000000000 0.00000000000 0.00000000000 0.00000000000
0.03043327717 -0.00842394876 0.22703239401 0.00000000000 0.00000000000 0.00000000000 0.00000000000 0.00000000000 0.00000000000 0.00000000000 0.00000000000
0.03047977480 -0.00840245101 0.22704038886 0.00000000000 0.00000000000 0.00000000000 0.00000000000 0.00000000000 0.00000000000 0.00000000000 0.00000000000
0.03052627245 -0.00838095317 0.22704838163 0.00000000000 0.00000000000 0.00000000000 0.00000000000 0.00000000000 0.00000000000 0.00000000000 0.00000000000
0.03057277014 -0.00835945523 0.22705637232 0.00000000000 0.00000000000 0.00000000000 0.00000000000 0.00000000000 0.00000000000 0.00000000000 0.00000000000
0.03061926786 -0.00833795721 0.22706436093 0.00000000000 0.00000000000 0.00000000000 0.00000000000 0.00000000000 0.00000000000 0.00000000000 0.00000000000
0.03066576558 -0.00831645911 0.22707234745 0.00000000000 0.00000000000 0.00000000000 0.00000000000 0.00000000000 0.00000000000 0.00000000000 0.00000000000
0.03071226327 -0.00829496095 0.22708033188 0.00000000000 0.00000000000 0.00000000000 0.00000000000 0.00000000000 0.00000000000 0.00000000000 0.00000000000
0.03075876095 -0.00827346271 0.22708831422 0.00000000000 0.00000000000 0.00000000000 0.00000000000 0.00000000000 0.00000000000 0.00000000000 0.00000000000
0.03080525863 -0.00825196440 0.22709629448 0.00000000000 0.00000000000 0.00000000000 0.00000000000 0.00000000000 0.00000000000 0.00000000000 0.00000000000
0.03085175634 -0.00823046600 0.22710427266 0.00000000000 0.00000000000 0.00000000000 0.00000000000 0.00000000000 0.00000000000 0.00000000000 0.00000000000
0.03089825964 -0.00820896750 0.22711221183 0.00000000000 0.00000000000 0.00000000000 0.00000000000 0.00000000000 0.00000000000 0.00000000000 0.00000000000
0.03094482051 -0.00818746890 0.22711976538 0.00000000000 0.00000000000 0.00000000000 0.00000000000 0.00000000000 0.00000000000 0.00000000000 0.00000000000
0.03099138139 -0.00816597022 0.22712731686 0.00000000000 0.00000000000 0.00000000000 0.00000000000 0.00000000000 0.00000000000 0.00000000000 0.00000000000
0.03103794228 -0.00814447146 0.22713486625 0.00000000000 0.00000000000 0.00000000000 0.00000000000 0.00000000000 0.00000000000 0.00000000000 0.00000000000
0.03108450320 -0.00812297261 0.22714241357 0.00000000000 0.00000000000 0.00000000000 0.00000000000 0.00000000000 0.00000000000 0.00000000000 0.00000000000
0.03113106419 -0.00810147365 0.22714995882 0.00000000000 0.00000000000 0.00000000000 0.00000000000 0.00000000000 0.00000000000 0.00000000000 0.00000000000
0.03117762529 -0.00807997457 0.22715750201 0.00000000000 0.00000000000 0.00000000000 0.00000000000 0.00000000000 0.00000000000 0.00000000000 0.00000000000
0.03122418645 -0.00805847539 0.22716504312 0.00000000000 0.00000000000 0.00000000000 0.00000000000 0.00000000000 0.00000000000 0.00000000000 0.00000000000
0.03127074755 -0.00803697616 0.22717258215 0.00000000000 0.00000000000 0.00000000000 0.00000000000 0.00000000000 0.00000000000 0.00000000000 0.00000000000
0.03131730840 -0.00801547699 0.22718011905 0.00000000000 0.00000000000 0.00000000000 0.00000000000 0.00000000000 0.00000000000 0.00000000000 0.00000000000
0.03136386918 -0.00799397763 0.22718765387 0.00000000000 0.00000000000 0.00000000000 0.00000000000 0.00000000000 0.00000000000 0.00000000000 0.00000000000
0.03141042896 -0.00797247958 0.22719518641 0.00000000000 0.00000000000 0.00000000000 0.00000000000 0.00000000000 0.00000000000 0.00000000000 0.00000000000
0.03146862373 -0.00794560249 0.22720459860 0.00000000000 0.00000000000 0.00000000000 0.00000000000 0.00000000000 0.00000000000 0.00000000000 0.00000000000
0.03150353203 -0.00792951530 0.22721024174 0.00000000000 0.00000000000 0.00000000000 0.00000000000 0.00000000000 0.00000000000 0.00000000000 0.00000000000
ZONE T="NURB"
I=201, J=1, K=1
0.02685434155 -0.01007905678 0.22640141550 1.51894196298 0.00000000000 0.00000000000 0.00000000000 0.00000000000 0.00000000000 0.00000000000 0.22662565681
0.02687757861 -0.01006830168 0.22640566777 1.52039142605 0.00000000000 0.00000000000 0.00000000000 0.00000000000 0.00000000000 0.00000000000 0.22662942681
0.02690080873 -0.01005755087 0.22640991837 1.52184272682 0.00000000000 0.00000000000 0.00000000000 0.00000000000 0.00000000000 0.00000000000 0.22663319586
0.02692403192 -0.01004680433 0.22641416730 1.52329586818 0.00000000000 0.00000000000 0.00000000000 0.00000000000 0.00000000000 0.00000000000 0.22663696395
0.02694725240 -0.01003605947 0.22641841524 0.92317479987 0.00000000000 0.00000000000 0.00000000000 0.00000000000 0.00000000000 0.00000000000 0.22664073167
0.02697047442 -0.01002531369 0.22642266289 0.92299211214 0.00000000000 0.00000000000 0.00000000000 0.00000000000 0.00000000000 0.00000000000 0.22664449957
0.02699369696 -0.01001456757 0.22642691007 0.77242265756 0.00000000000 0.00000000000 0.00000000000 0.00000000000 0.00000000000 0.00000000000 0.22664826752
0.02701691900 -0.01000382169 0.22643115664 0.77248087608 0.00000000000 0.00000000000 0.00000000000 0.00000000000 0.00000000000 0.00000000000 0.22665203538
0.02704014078 -0.00999307592 0.22643540262 0.77463717622 0.00000000000 0.00000000000 0.00000000000 0.00000000000 0.00000000000 0.00000000000 0.22665580321
0.02706336252 -0.00998233014 0.22643964808 0.77464685842 0.00000000000 0.00000000000 0.00000000000 0.00000000000 0.00000000000 0.00000000000 0.22665957103
0.02708658420 -0.00997158436 0.22644389300 0.77394417559 0.00000000000 0.00000000000 0.00000000000 0.00000000000 0.00000000000 0.00000000000 0.22666333884
0.02710980581 -0.00996083859 0.22644813739 0.77395898964 0.00000000000 0.00000000000 0.00000000000 0.00000000000 0.00000000000 0.00000000000 0.22666710664
0.02713302738 -0.00995009282 0.22645238123 0.77397558528 0.00000000000 0.00000000000 0.00000000000 0.00000000000 0.00000000000 0.00000000000 0.22667087443
0.02715624895 -0.00993934702 0.22645662456 0.77398231853 0.00000000000 0.00000000000 0.00000000000 0.00000000000 0.00000000000 0.00000000000 0.22667464222
0.02717947054 -0.00992860119 0.22646086736 0.77388998078 0.00000000000 0.00000000000 0.00000000000 0.00000000000 0.00000000000 0.00000000000 0.22667841002
0.02720269217 -0.00991785532 0.22646510964 0.77389259938 0.00000000000 0.00000000000 0.00000000000 0.00000000000 0.00000000000 0.00000000000 0.22668217782
0.02722591385 -0.00990710941 0.22646935141 0.77382417030 0.00000000000 0.00000000000 0.00000000000 0.00000000000 0.00000000000 0.00000000000 0.22668594563
0.02724913556 -0.00989636345 0.22647359266 0.77382700653 0.00000000000 0.00000000000 0.00000000000 0.00000000000 0.00000000000 0.00000000000 0.22668971344
0.02727235731 -0.00988561746 0.22647783338 0.77375545012 0.00000000000 0.00000000000 0.00000000000 0.00000000000 0.00000000000 0.00000000000 0.22669348126
0.02729557907 -0.00987487144 0.22648207359 0.77376015128 0.00000000000 0.00000000000 0.00000000000 0.00000000000 0.00000000000 0.00000000000 0.22669724909
0.02731880085 -0.00986412538 0.22648631327 0.77368741504 0.00000000000 0.00000000000 0.00000000000 0.00000000000 0.00000000000 0.00000000000 0.22670101691
0.02734202264 -0.00985337930 0.22649055243 0.77369366800 0.00000000000 0.00000000000 0.00000000000 0.00000000000 0.00000000000 0.00000000000 0.22670478474
0.02736524443 -0.00984263320 0.22649479106 0.77361942102 0.00000000000 0.00000000000 0.00000000000 0.00000000000 0.00000000000 0.00000000000 0.22670855257
0.02738846621 -0.00983188707 0.22649902917 0.77362659630 0.00000000000 0.00000000000 0.00000000000 0.00000000000 0.00000000000 0.00000000000 0.22671232039
0.02741168799 -0.00982114093 0.22650326675 0.77355138396 0.00000000000 0.00000000000 0.00000000000 0.00000000000 0.00000000000 0.00000000000 0.22671608822
0.02743490977 -0.00981039476 0.22650750380 0.77355839159 0.00000000000 0.00000000000 0.00000000000 0.00000000000 0.00000000000 0.00000000000 0.22671985604
0.02745813155 -0.00979964857 0.22651174033 0.77348332565 0.00000000000 0.00000000000 0.00000000000 0.00000000000 0.00000000000 0.00000000000 0.22672362387
0.02748135333 -0.00978890235 0.22651597634 0.77348995272 0.00000000000 0.00000000000 0.00000000000 0.00000000000 0.00000000000 0.00000000000 0.22672739170
0.02750457512 -0.00977815612 0.22652021182 0.77341513639 0.00000000000 0.00000000000 0.00000000000 0.00000000000 0.00000000000 0.00000000000 0.22673115952
0.02752779690 -0.00976740985 0.22652444677 0.77342172362 0.00000000000 0.00000000000 0.00000000000 0.00000000000 0.00000000000 0.00000000000 0.22673492735
0.02755101869 -0.00975666357 0.22652868120 0.77334703220 0.00000000000 0.00000000000 0.00000000000 0.00000000000 0.00000000000 0.00000000000 0.22673869518
0.02757424048 -0.00974591726 0.22653291511 0.77335364830 0.00000000000 0.00000000000 0.00000000000 0.00000000000 0.00000000000 0.00000000000 0.22674246300
0.02759746227 -0.00973517092 0.22653714849 0.77327895061 0.00000000000 0.00000000000 0.00000000000 0.00000000000 0.00000000000 0.00000000000 0.22674623083
0.02762068407 -0.00972442457 0.22654138134 0.77328573928 0.00000000000 0.00000000000 0.00000000000 0.00000000000 0.00000000000 0.00000000000 0.22674999866
0.02764390586 -0.00971367819 0.22654561367 0.77321083764 0.00000000000 0.00000000000 0.00000000000 0.00000000000 0.00000000000 0.00000000000 0.22675376649
0.02766712765 -0.00970293179 0.22654984547 0.77321798571 0.00000000000 0.00000000000 0.00000000000 0.00000000000 0.00000000000 0.00000000000 0.22675753432
0.02769034943 -0.00969218537 0.22655407675 0.77314279941 0.00000000000 0.00000000000 0.00000000000 0.00000000000 0.00000000000 0.00000000000 0.22676130214
0.02771357121 -0.00968143893 0.22655830750 0.77315007175 0.00000000000 0.00000000000 0.00000000000 0.00000000000 0.00000000000 0.00000000000 0.22676506997
0.02773679299 -0.00967069247 0.22656253773 0.77307476244 0.00000000000 0.00000000000 0.00000000000 0.00000000000 0.00000000000 0.00000000000 0.22676883779
0.02776001476 -0.00965994599 0.22656676743 0.77308168021 0.00000000000 0.00000000000 0.00000000000 0.00000000000 0.00000000000 0.00000000000 0.22677260562
0.02778323654 -0.00964919948 0.22657099660 0.77300675183 0.00000000000 0.00000000000 0.00000000000 0.00000000000 0.00000000000 0.00000000000 0.22677637344
0.02780645832 -0.00963845295 0.22657522525 0.77301347766 0.00000000000 0.00000000000 0.00000000000 0.00000000000 0.00000000000 0.00000000000 0.22678014127
0.02782968010 -0.00962770640 0.22657945338 0.77293876598 0.00000000000 0.00000000000 0.00000000000 0.00000000000 0.00000000000 0.00000000000 0.22678390910
0.02785290189 -0.00961695983 0.22658368098 0.77294502775 0.00000000000 0.00000000000 0.00000000000 0.00000000000 0.00000000000 0.00000000000 0.22678767692
0.02787612368 -0.00960621322 0.22658790806 0.77287061304 0.00000000000 0.00000000000 0.00000000000 0.00000000000 0.00000000000 0.00000000000 0.22679144475
0.02789934549 -0.00959546659 0.22659213462 0.77287609029 0.00000000000 0.00000000000 0.00000000000 0.00000000000 0.00000000000 0.00000000000 0.22679521258
0.02792256731 -0.00958471993 0.22659636065 0.77280243443 0.00000000000 0.00000000000 0.00000000000 0.00000000000 0.00000000000 0.00000000000 0.22679898041
0.02794578914 -0.00957397325 0.22660058616 0.77280857070 0.00000000000 0.00000000000 0.00000000000 0.00000000000 0.00000000000 0.00000000000 0.22680274825
0.02796901096 -0.00956322654 0.22660481115 0.77273441572 0.00000000000 0.00000000000 0.00000000000 0.00000000000 0.00000000000 0.00000000000 0.22680651608
0.02799223279 -0.00955247981 0.22660903561 0.77274149172 0.00000000000 0.00000000000 0.00000000000 0.00000000000 0.00000000000 0.00000000000 0.22681028391
0.02801545461 -0.00954173306 0.22661325954 0.77266647440 0.00000000000 0.00000000000 0.00000000000 0.00000000000 0.00000000000 0.00000000000 0.22681405175
0.02803867643 -0.00953098629 0.22661748295 0.77267379171 0.00000000000 0.00000000000 0.00000000000 0.00000000000 0.00000000000 0.00000000000 0.22681781958
0.02806190156 -0.00952023950 0.22662168489 63.93673114183 0.00000000000 0.00000000000 0.00000000000 0.00000000000 0.00000000000 0.00000000000 0.22682156649
0.02808513333 -0.00950949269 0.22662584434 63.94307920194 0.00000000000 0.00000000000 0.00000000000 0.00000000000 0.00000000000 0.00000000000 0.22682527146
0.02810837187 -0.00949874586 0.22662996043 66.54722095274 0.00000000000 0.00000000000 0.00000000000 0.00000000000 0.00000000000 0.00000000000 0.22682893364
0.02813161734 -0.00948799901 0.22663403230 66.55288906369 0.00000000000 0.00000000000 0.00000000000 0.00000000000 0.00000000000 0.00000000000 0.22683255217
0.02815486626 -0.00947725213 0.22663808176 0.77236769876 0.00000000000 0.00000000000 0.00000000000 0.00000000000 0.00000000000 0.00000000000 0.22683614882
0.02817811518 -0.00946650524 0.22664213070 0.77237426744 0.00000000000 0.00000000000 0.00000000000 0.00000000000 0.00000000000 0.00000000000 0.22683974548
0.02820136411 -0.00945575832 0.22664617911 0.77230277035 0.00000000000 0.00000000000 0.00000000000 0.00000000000 0.00000000000 0.00000000000 0.22684334214
0.02822461303 -0.00944501138 0.22665022700 0.77230908345 0.00000000000 0.00000000000 0.00000000000 0.00000000000 0.00000000000 0.00000000000 0.22684693879
0.02824786196 -0.00943426442 0.22665427437 0.77223788968 0.00000000000 0.00000000000 0.00000000000 0.00000000000 0.00000000000 0.00000000000 0.22685053545
0.02827111089 -0.00942351743 0.22665832121 0.77224417861 0.00000000000 0.00000000000 0.00000000000 0.00000000000 0.00000000000 0.00000000000 0.22685413211
0.02829435982 -0.00941277042 0.22666236753 0.77217296305 0.00000000000 0.00000000000 0.00000000000 0.00000000000 0.00000000000 0.00000000000 0.22685772876
0.02831760876 -0.00940202339 0.22666641332 0.77217939804 0.00000000000 0.00000000000 0.00000000000 0.00000000000 0.00000000000 0.00000000000 0.22686132542
0.02834085769 -0.00939127634 0.22667045859 0.77210808497 0.00000000000 0.00000000000 0.00000000000 0.00000000000 0.00000000000 0.00000000000 0.22686492208
0.02836410662 -0.00938052927 0.22667450334 0.77211471662 0.00000000000 0.00000000000 0.00000000000 0.00000000000 0.00000000000 0.00000000000 0.22686851874
0.02838735555 -0.00936978217 0.22667854756 0.77204320826 0.00000000000 0.00000000000 0.00000000000 0.00000000000 0.00000000000 0.00000000000 0.22687211539
0.02841060447 -0.00935903506 0.22668259126 0.77205000554 0.00000000000 0.00000000000 0.00000000000 0.00000000000 0.00000000000 0.00000000000 0.22687571205
0.02843385339 -0.00934828792 0.22668663444 0.77197840241 0.00000000000 0.00000000000 0.00000000000 0.00000000000 0.00000000000 0.00000000000 0.22687930871
0.02845710231 -0.00933754077 0.22669067709 0.77198531850 0.00000000000 0.00000000000 0.00000000000 0.00000000000 0.00000000000 0.00000000000 0.22688290536
0.02848035122 -0.00932679360 0.22669471921 0.77191354122 0.00000000000 0.00000000000 0.00000000000 0.00000000000 0.00000000000 0.00000000000 0.22688650202
0.02850360013 -0.00931604641 0.22669876081 0.77192047744 0.00000000000 0.00000000000 0.00000000000 0.00000000000 0.00000000000 0.00000000000 0.22689009867
0.02852684904 -0.00930529919 0.22670280189 0.77184870969 0.00000000000 0.00000000000 0.00000000000 0.00000000000 0.00000000000 0.00000000000 0.22689369532
0.02855009794 -0.00929455196 0.22670684244 0.77185538547 0.00000000000 0.00000000000 0.00000000000 0.00000000000 0.00000000000 0.00000000000 0.22689729198
0.02857334684 -0.00928380470 0.22671088247 0.77178390273 0.00000000000 0.00000000000 0.00000000000 0.00000000000 0.00000000000 0.00000000000 0.22690088863
0.02859659575 -0.00927305743 0.22671492198 0.77179022321 0.00000000000 0.00000000000 0.00000000000 0.00000000000 0.00000000000 0.00000000000 0.22690448528
0.02861984466 -0.00926231013 0.22671896096 0.77171903508 0.00000000000 0.00000000000 0.00000000000 0.00000000000 0.00000000000 0.00000000000 0.22690808194
0.02864309356 -0.00925156281 0.22672299942 0.77172528371 0.00000000000 0.00000000000 0.00000000000 0.00000000000 0.00000000000 0.00000000000 0.22691167859
0.02866634248 -0.00924081546 0.22672703736 0.77165420506 0.00000000000 0.00000000000 0.00000000000 0.00000000000 0.00000000000 0.00000000000 0.22691527524
0.02868959139 -0.00923006810 0.22673107477 0.77166049904 0.00000000000 0.00000000000 0.00000000000 0.00000000000 0.00000000000 0.00000000000 0.22691887190
0.02871284031 -0.00921932071 0.22673511166 0.77158936932 0.00000000000 0.00000000000 0.00000000000 0.00000000000 0.00000000000 0.00000000000 0.22692246855
0.02873608922 -0.00920857330 0.22673914803 0.77159568929 0.00000000000 0.00000000000 0.00000000000 0.00000000000 0.00000000000 0.00000000000 0.22692606521
0.02875933814 -0.00919782586 0.22674318387 0.77152458856 0.00000000000 0.00000000000 0.00000000000 0.00000000000 0.00000000000 0.00000000000 0.22692966187
0.02878258706 -0.00918707841 0.22674721920 0.77153099210 0.00000000000 0.00000000000 0.00000000000 0.00000000000 0.00000000000 0.00000000000 0.22693325852
0.02880583598 -0.00917633094 0.22675125399 0.77145974791 0.00000000000 0.00000000000 0.00000000000 0.00000000000 0.00000000000 0.00000000000 0.22693685518
0.02882908490 -0.00916558344 0.22675528827 0.77146622951 0.00000000000 0.00000000000 0.00000000000 0.00000000000 0.00000000000 0.00000000000 0.22694045183
0.02885233382 -0.00915483592 0.22675932202 0.77139498625 0.00000000000 0.00000000000 0.00000000000 0.00000000000 0.00000000000 0.00000000000 0.22694404849
0.02887558274 -0.00914408838 0.22676335525 0.77140149153 0.00000000000 0.00000000000 0.00000000000 0.00000000000 0.00000000000 0.00000000000 0.22694764514
0.02889883166 -0.00913334082 0.22676738795 0.77133019023 0.00000000000 0.00000000000 0.00000000000 0.00000000000 0.00000000000 0.00000000000 0.22695124180
0.02892208058 -0.00912259324 0.22677142014 0.77133667647 0.00000000000 0.00000000000 0.00000000000 0.00000000000 0.00000000000 0.00000000000 0.22695483845
0.02894532949 -0.00911184564 0.22677545179 0.77126538610 0.00000000000 0.00000000000 0.00000000000 0.00000000000 0.00000000000 0.00000000000 0.22695843511
0.02896857841 -0.00910109802 0.22677948293 0.77127183988 0.00000000000 0.00000000000 0.00000000000 0.00000000000 0.00000000000 0.00000000000 0.22696203177
0.02899182733 -0.00909035037 0.22678351354 0.77120061543 0.00000000000 0.00000000000 0.00000000000 0.00000000000 0.00000000000 0.00000000000 0.22696562842
0.02901507625 -0.00907960271 0.22678754363 0.77120703797 0.00000000000 0.00000000000 0.00000000000 0.00000000000 0.00000000000 0.00000000000 0.22696922508
0.02903832518 -0.00906885502 0.22679157320 0.77113587473 0.00000000000 0.00000000000 0.00000000000 0.00000000000 0.00000000000 0.00000000000 0.22697282173
0.02906157410 -0.00905810731 0.22679560224 0.77114228781 0.00000000000 0.00000000000 0.00000000000 0.00000000000 0.00000000000 0.00000000000 0.22697641839
0.02908482302 -0.00904735958 0.22679963076 0.77107106780 0.00000000000 0.00000000000 0.00000000000 0.00000000000 0.00000000000 0.00000000000 0.22698001504
0.02910807194 -0.00903661183 0.22680365876 0.77107751116 0.00000000000 0.00000000000 0.00000000000 0.00000000000 0.00000000000 0.00000000000 0.22698361170
0.02913132086 -0.00902586406 0.22680768624 0.77100637105 0.00000000000 0.00000000000 0.00000000000 0.00000000000 0.00000000000 0.00000000000 0.22698720836
0.02915456979 -0.00901511627 0.22681171319 0.77101284716 0.00000000000 0.00000000000 0.00000000000 0.00000000000 0.00000000000 0.00000000000 0.22699080501
0.02917781871 -0.00900436846 0.22681573962 0.77094160170 0.00000000000 0.00000000000 0.00000000000 0.00000000000 0.00000000000 0.00000000000 0.22699440167
0.02920106763 -0.00899362063 0.22681976552 0.77094809998 0.00000000000 0.00000000000 0.00000000000 0.00000000000 0.00000000000 0.00000000000 0.22699799832
0.02922431655 -0.00898287277 0.22682379091 0.77087689084 0.00000000000 0.00000000000 0.00000000000 0.00000000000 0.00000000000 0.00000000000 0.22700159498
0.02924756548 -0.00897212490 0.22682781577 0.77088339002 0.00000000000 0.00000000000 0.00000000000 0.00000000000 0.00000000000 0.00000000000 0.22700519164
0.02927081440 -0.00896137700 0.22683184010 0.77081213300 0.00000000000 0.00000000000 0.00000000000 0.00000000000 0.00000000000 0.00000000000 0.22700878829
0.02929406332 -0.00895062909 0.22683586392 0.77081861536 0.00000000000 0.00000000000 0.00000000000 0.00000000000 0.00000000000 0.00000000000 0.22701238495
0.02931731224 -0.00893988115 0.22683988721 0.77074740212 0.00000000000 0.00000000000 0.00000000000 0.00000000000 0.00000000000 0.00000000000 0.22701598160
0.02934056116 -0.00892913319 0.22684390998 0.77075387973 0.00000000000 0.00000000000 0.00000000000 0.00000000000 0.00000000000 0.00000000000 0.22701957826
0.02936381008 -0.00891838522 0.22684793222 0.77068271431 0.00000000000 0.00000000000 0.00000000000 0.00000000000 0.00000000000 0.00000000000 0.22702317492
0.02938705901 -0.00890763722 0.22685195395 0.77068918930 0.00000000000 0.00000000000 0.00000000000 0.00000000000 0.00000000000 0.00000000000 0.22702677157
0.02941030793 -0.00889688920 0.22685597515 0.77061800433 0.00000000000 0.00000000000 0.00000000000 0.00000000000 0.00000000000 0.00000000000 0.22703036823
0.02943355685 -0.00888614116 0.22685999583 0.77062448541 0.00000000000 0.00000000000 0.00000000000 0.00000000000 0.00000000000 0.00000000000 0.22703396488
0.02945680577 -0.00887539310 0.22686401598 0.77055327147 0.00000000000 0.00000000000 0.00000000000 0.00000000000 0.00000000000 0.00000000000 0.22703756154
0.02948005469 -0.00886464502 0.22686803561 0.77055979199 0.00000000000 0.00000000000 0.00000000000 0.00000000000 0.00000000000 0.00000000000 0.22704115820
0.02950330361 -0.00885389692 0.22687205472 0.77048858037 0.00000000000 0.00000000000 0.00000000000 0.00000000000 0.00000000000 0.00000000000 0.22704475485
0.02952655253 -0.00884314880 0.22687607331 0.77049512605 0.00000000000 0.00000000000 0.00000000000 0.00000000000 0.00000000000 0.00000000000 0.22704835151
0.02954980145 -0.00883240066 0.22688009138 0.77042391857 0.00000000000 0.00000000000 0.00000000000 0.00000000000 0.00000000000 0.00000000000 0.22705194816
0.02957305036 -0.00882165251 0.22688410892 0.77043042072 0.00000000000 0.00000000000 0.00000000000 0.00000000000 0.00000000000 0.00000000000 0.22705554482
0.02959629928 -0.00881090433 0.22688812594 0.77035924433 0.00000000000 0.00000000000 0.00000000000 0.00000000000 0.00000000000 0.00000000000 0.22705914147
0.02961954820 -0.00880015612 0.22689214243 0.77036568871 0.00000000000 0.00000000000 0.00000000000 0.00000000000 0.00000000000 0.00000000000 0.22706273813
0.02964279712 -0.00878940790 0.22689615841 0.77029455202 0.00000000000 0.00000000000 0.00000000000 0.00000000000 0.00000000000 0.00000000000 0.22706633478
0.02966604604 -0.00877865966 0.22690017386 0.77030096429 0.00000000000 0.00000000000 0.00000000000 0.00000000000 0.00000000000 0.00000000000 0.22706993144
0.02968929496 -0.00876791140 0.22690418879 0.77022989861 0.00000000000 0.00000000000 0.00000000000 0.00000000000 0.00000000000 0.00000000000 0.22707352810
0.02971254388 -0.00875716312 0.22690820320 0.77023620950 0.00000000000 0.00000000000 0.00000000000 0.00000000000 0.00000000000 0.00000000000 0.22707712475
0.02973579280 -0.00874641481 0.22691221709 0.77016520183 0.00000000000 0.00000000000 0.00000000000 0.00000000000 0.00000000000 0.00000000000 0.22708072141
0.02975904173 -0.00873566649 0.22691623045 0.77017129275 0.00000000000 0.00000000000 0.00000000000 0.00000000000 0.00000000000 0.00000000000 0.22708431806
0.02978229066 -0.00872491814 0.22692024329 0.77010052953 0.00000000000 0.00000000000 0.00000000000 0.00000000000 0.00000000000 0.00000000000 0.22708791472
0.02980553959 -0.00871416977 0.22692425561 0.77010681116 0.00000000000 0.00000000000 0.00000000000 0.00000000000 0.00000000000 0.00000000000 0.22709151138
0.02982878853 -0.00870342138 0.22692826741 0.77003585924 0.00000000000 0.00000000000 0.00000000000 0.00000000000 0.00000000000 0.00000000000 0.22709510804
0.02985203746 -0.00869267297 0.22693227869 0.77004237909 0.00000000000 0.00000000000 0.00000000000 0.00000000000 0.00000000000 0.00000000000 0.22709870469
0.02987528639 -0.00868192455 0.22693628944 0.76997129708 0.00000000000 0.00000000000 0.00000000000 0.00000000000 0.00000000000 0.00000000000 0.22710230135
0.02989853532 -0.00867117610 0.22694029967 0.76997793543 0.00000000000 0.00000000000 0.00000000000 0.00000000000 0.00000000000 0.00000000000 0.22710589801
0.02992178425 -0.00866042763 0.22694430938 0.76990662122 0.00000000000 0.00000000000 0.00000000000 0.00000000000 0.00000000000 0.00000000000 0.22710949467
0.02994503317 -0.00864967915 0.22694831857 0.76991326905 0.00000000000 0.00000000000 0.00000000000 0.00000000000 0.00000000000 0.00000000000 0.22711309132
0.02996828210 -0.00863893064 0.22695232723 0.76984198696 0.00000000000 0.00000000000 0.00000000000 0.00000000000 0.00000000000 0.00000000000 0.22711668798
0.02999153102 -0.00862818212 0.22695633537 0.76984859829 0.00000000000 0.00000000000 0.00000000000 0.00000000000 0.00000000000 0.00000000000 0.22712028463
0.03001477994 -0.00861743358 0.22696034299 0.76977741692 0.00000000000 0.00000000000 0.00000000000 0.00000000000 0.00000000000 0.00000000000 0.22712388129
0.03003802886 -0.00860668501 0.22696435009 0.76978394025 0.00000000000 0.00000000000 0.00000000000 0.00000000000 0.00000000000 0.00000000000 0.22712747795
0.03006127778 -0.00859593643 0.22696835666 0.76971284206 0.00000000000 0.00000000000 0.00000000000 0.00000000000 0.00000000000 0.00000000000 0.22713107460
0.03008452671 -0.00858518783 0.22697236272 0.76971915887 0.00000000000 0.00000000000 0.00000000000 0.00000000000 0.00000000000 0.00000000000 0.22713467126
0.03010777563 -0.00857443921 0.22697636825 0.76964815925 0.00000000000 0.00000000000 0.00000000000 0.00000000000 0.00000000000 0.00000000000 0.22713826791
0.03013102456 -0.00856369056 0.22698037326 0.76965428458 0.00000000000 0.00000000000 0.00000000000 0.00000000000 0.00000000000 0.00000000000 0.22714186457
0.03015427349 -0.00855294190 0.22698437775 0.76958357448 0.00000000000 0.00000000000 0.00000000000 0.00000000000 0.00000000000 0.00000000000 0.22714546123
0.03017752242 -0.00854219321 0.22698838172 0.76958976673 0.00000000000 0.00000000000 0.00000000000 0.00000000000 0.00000000000 0.00000000000 0.22714905789
0.03020077136 -0.00853144450 0.22699238516 0.76951895615 0.00000000000 0.00000000000 0.00000000000 0.00000000000 0.00000000000 0.00000000000 0.22715265454
0.03022402029 -0.00852069577 0.22699638809 0.76952533212 0.00000000000 0.00000000000 0.00000000000 0.00000000000 0.00000000000 0.00000000000 0.22715625120
0.03024726923 -0.00850994703 0.22700039049 0.76945436563 0.00000000000 0.00000000000 0.00000000000 0.00000000000 0.00000000000 0.00000000000 0.22715984786
0.03027051817 -0.00849919826 0.22700439237 0.76946086491 0.00000000000 0.00000000000 0.00000000000 0.00000000000 0.00000000000 0.00000000000 0.22716344452
0.03029376710 -0.00848844948 0.22700839373 0.76938972444 0.00000000000 0.00000000000 0.00000000000 0.00000000000 0.00000000000 0.00000000000 0.22716704118
0.03031701603 -0.00847770068 0.22701239456 0.76939658804 0.00000000000 0.00000000000 0.00000000000 0.00000000000 0.00000000000 0.00000000000 0.22717063783
0.03034026495 -0.00846695186 0.22701639488 0.76932524773 0.00000000000 0.00000000000 0.00000000000 0.00000000000 0.00000000000 0.00000000000 0.22717423449
0.03036351386 -0.00845620303 0.22702039466 0.76933307155 0.00000000000 0.00000000000 0.00000000000 0.00000000000 0.00000000000 0.00000000000 0.22717783114
0.03038676275 -0.00844545418 0.22702439393 0.76926080729 0.00000000000 0.00000000000 0.00000000000 0.00000000000 0.00000000000 0.00000000000 0.22718142780
0.03041001164 -0.00843470532 0.22702839267 0.76926778579 0.00000000000 0.00000000000 0.00000000000 0.00000000000 0.00000000000 0.00000000000 0.22718502445
0.03043326053 -0.00842395644 0.22703239089 0.76919623246 0.00000000000 0.00000000000 0.00000000000 0.00000000000 0.00000000000 0.00000000000 0.22718862110
0.03045650942 -0.00841320754 0.22703638859 0.76920249588 0.00000000000 0.00000000000 0.00000000000 0.00000000000 0.00000000000 0.00000000000 0.22719221775
0.03047975832 -0.00840245862 0.22704038577 0.76913163493 0.00000000000 0.00000000000 0.00000000000 0.00000000000 0.00000000000 0.00000000000 0.22719581440
0.03050300722 -0.00839170967 0.22704438243 0.76913770258 0.00000000000 0.00000000000 0.00000000000 0.00000000000 0.00000000000 0.00000000000 0.22719941105
0.03052625612 -0.00838096071 0.22704837856 0.76906703676 0.00000000000 0.00000000000 0.00000000000 0.00000000000 0.00000000000 0.00000000000 0.22720300771
0.03054950503 -0.00837021172 0.22705237418 0.76907293266 0.00000000000 0.00000000000 0.00000000000 0.00000000000 0.00000000000 0.00000000000 0.22720660436
0.03057275394 -0.00835946271 0.22705636927 0.76900245140 0.00000000000 0.00000000000 0.00000000000 0.00000000000 0.00000000000 0.00000000000 0.22721020101
0.03059600286 -0.00834871369 0.22706036385 0.76900851167 0.00000000000 0.00000000000 0.00000000000 0.00000000000 0.00000000000 0.00000000000 0.22721379767
0.03061925178 -0.00833796464 0.22706435790 0.76893793256 0.00000000000 0.00000000000 0.00000000000 0.00000000000 0.00000000000 0.00000000000 0.22721739433
0.03064250069 -0.00832721557 0.22706835143 0.76894447837 0.00000000000 0.00000000000 0.00000000000 0.00000000000 0.00000000000 0.00000000000 0.22722099098
0.03066574961 -0.00831646649 0.22707234444 0.76887344239 0.00000000000 0.00000000000 0.00000000000 0.00000000000 0.00000000000 0.00000000000 0.22722458764
0.03068899852 -0.00830571738 0.22707633693 0.76888017545 0.00000000000 0.00000000000 0.00000000000 0.00000000000 0.00000000000 0.00000000000 0.22722818429
0.03071224743 -0.00829496826 0.22708032890 0.76880896428 0.00000000000 0.00000000000 0.00000000000 0.00000000000 0.00000000000 0.00000000000 0.22723178094
0.03073549634 -0.00828421912 0.22708432034 0.76881561071 0.00000000000 0.00000000000 0.00000000000 0.00000000000 0.00000000000 0.00000000000 0.22723537760
0.03075874524 -0.00827346997 0.22708831127 0.76874447988 0.00000000000 0.00000000000 0.00000000000 0.00000000000 0.00000000000 0.00000000000 0.22723897425
0.03078199415 -0.00826272079 0.22709230167 0.76875097673 0.00000000000 0.00000000000 0.00000000000 0.00000000000 0.00000000000 0.00000000000 0.22724257090
0.03080524306 -0.00825197159 0.22709629155 0.76867998422 0.00000000000 0.00000000000 0.00000000000 0.00000000000 0.00000000000 0.00000000000 0.22724616756
0.03082849197 -0.00824122238 0.22710028091 0.76868606456 0.00000000000 0.00000000000 0.00000000000 0.00000000000 0.00000000000 0.00000000000 0.22724976421
0.03085174158 -0.00823047314 0.22710426514 14.65707431228 0.00000000000 0.00000000000 0.00000000000 0.00000000000 0.00000000000 0.00000000000 0.22725335626
0.03087499258 -0.00821972388 0.22710823961 14.65747628918 0.00000000000 0.00000000000 0.00000000000 0.00000000000 0.00000000000 0.00000000000 0.22725693908
0.03089825146 -0.00820897460 0.22711216107 145.06276719910 0.00000000000 0.00000000000 0.00000000000 0.00000000000 0.00000000000 0.00000000000 0.22726046944
0.03092152473 -0.00819822529 0.22711598612 145.08457665742 0.00000000000 0.00000000000 0.00000000000 0.00000000000 0.00000000000 0.00000000000 0.22726390397
0.03094480520 -0.00818747596 0.22711976264 0.76846007890 0.00000000000 0.00000000000 0.00000000000 0.00000000000 0.00000000000 0.00000000000 0.22726729053
0.03096808567 -0.00817672662 0.22712353864 0.76846603395 0.00000000000 0.00000000000 0.00000000000 0.00000000000 0.00000000000 0.00000000000 0.22727067709
0.03099136615 -0.00816597725 0.22712731413 0.76839943271 0.00000000000 0.00000000000 0.00000000000 0.00000000000 0.00000000000 0.00000000000 0.22727406365
0.03101464662 -0.00815522787 0.22713108909 0.76840547066 0.00000000000 0.00000000000 0.00000000000 0.00000000000 0.00000000000 0.00000000000 0.22727745021
0.03103792710 -0.00814447846 0.22713486353 0.76833887474 0.00000000000 0.00000000000 0.00000000000 0.00000000000 0.00000000000 0.00000000000 0.22728083677
0.03106120758 -0.00813372904 0.22713863745 0.76834459343 0.00000000000 0.00000000000 0.00000000000 0.00000000000 0.00000000000 0.00000000000 0.22728422333
0.03108448806 -0.00812297959 0.22714241086 0.76827761282 0.00000000000 0.00000000000 0.00000000000 0.00000000000 0.00000000000 0.00000000000 0.22728760989
0.03110776856 -0.00811223012 0.22714618374 0.76828274891 0.00000000000 0.00000000000 0.00000000000 0.00000000000 0.00000000000 0.00000000000 0.22729099645
0.03113104906 -0.00810148063 0.22714995611 0.76822014981 0.00000000000 0.00000000000 0.00000000000 0.00000000000 0.00000000000 0.00000000000 0.22729438301
0.03115432959 -0.00809073111 0.22715372796 0.76822472699 0.00000000000 0.00000000000 0.00000000000 0.00000000000 0.00000000000 0.00000000000 0.22729776958
0.03117761012 -0.00807998157 0.22715749929 0.76814007782 0.00000000000 0.00000000000 0.00000000000 0.00000000000 0.00000000000 0.00000000000 0.22730115615
0.03120089067 -0.00806923200 0.22716127010 0.76814504153 0.00000000000 0.00000000000 0.00000000000 0.00000000000 0.00000000000 0.00000000000 0.22730454272
0.03122417121 -0.00805848242 0.22716504039 0.76819307403 0.00000000000 0.00000000000 0.00000000000 0.00000000000 0.00000000000 0.00000000000 0.22730792929
0.03124745175 -0.00804773282 0.22716881016 0.76819981198 0.00000000000 0.00000000000 0.00000000000 0.00000000000 0.00000000000 0.00000000000 0.22731131585
0.03127073227 -0.00803698321 0.22717257941 0.76753114983 0.00000000000 0.00000000000 0.00000000000 0.00000000000 0.00000000000 0.00000000000 0.22731470242
0.03129401274 -0.00802623361 0.22717634813 0.76754148941 0.00000000000 0.00000000000 0.00000000000 0.00000000000 0.00000000000 0.00000000000 0.22731808898
0.03131729321 -0.00801548398 0.22718011633 0.77306819384 0.00000000000 0.00000000000 0.00000000000 0.00000000000 0.00000000000 0.00000000000 0.22732147554
0.03134057370 -0.00800473428 0.22718388402 0.77307040788 0.00000000000 0.00000000000 0.00000000000 0.00000000000 0.00000000000 0.00000000000 0.22732486210
0.03136385409 -0.00799398470 0.22718765116 0.81078009283 0.00000000000 0.00000000000 0.00000000000 0.00000000000 0.00000000000 0.00000000000 0.22732824864
0.03138713427 -0.00798323544 0.22719141774 0.81081846438 0.00000000000 0.00000000000 0.00000000000 0.00000000000 0.00000000000 0.00000000000 0.22733163516
0.03141041453 -0.00797248556 0.22719518381 2.05563666942 0.00000000000 0.00000000000 0.00000000000 0.00000000000 0.00000000000 0.00000000000 0.22733502166
0.03143369520 -0.00796173413 0.22719894940 2.05541421101 0.00000000000 0.00000000000 0.00000000000 0.00000000000 0.00000000000 0.00000000000 0.22733840815
0.03145697543 -0.00795098612 0.22720271434 10.55522025093 0.00000000000 0.00000000000 0.00000000000 0.00000000000 0.00000000000 0.00000000000 0.22734179463
0.03148025437 -0.00794024651 0.22720647845 10.56103135710 0.00000000000 0.00000000000 0.00000000000 0.00000000000 0.00000000000 0.00000000000 0.22734518109
0.03150353203 -0.00792951530 0.22721024174 10.56684435578 0.00000000000 0.00000000000 0.00000000000 0.00000000000 0.00000000000 0.00000000000 0.22734856754
