VARIABLES=
"CoordinateX"
"CoordinateY"
"CoordinateZ"
"Kappa1"
"Kappa2"
"dy"
"dz"
"d2x"
"d2y"
"d2z"
"R"
ZONE T="Konrollpunkte"
I=101, J=1, K=1
0.03204238039 -0.00817097547 0.22728012218 0.00000000000 0.00000000000 0.00000000000 0.00000000000 0.00000000000 0.00000000000 0.00000000000 0.00000000000
0.03208318509 -0.00829751688 0.22728147732 0.00000000000 0.00000000000 0.00000000000 0.00000000000 0.00000000000 0.00000000000 0.00000000000 0.00000000000
0.03214434154 -0.00848734076 0.22728337041 0.00000000000 0.00000000000 0.00000000000 0.00000000000 0.00000000000 0.00000000000 0.00000000000 0.00000000000
0.03222576710 -0.00874046832 0.22728563038 0.00000000000 0.00000000000 0.00000000000 0.00000000000 0.00000000000 0.00000000000 0.00000000000 0.00000000000
0.03228677418 -0.00893032727 0.22728713118 0.00000000000 0.00000000000 0.00000000000 0.00000000000 0.00000000000 0.00000000000 0.00000000000 0.00000000000
0.03234771536 -0.00912020169 0.22728846351 0.00000000000 0.00000000000 0.00000000000 0.00000000000 0.00000000000 0.00000000000 0.00000000000 0.00000000000
0.03240858678 -0.00931009265 0.22728962673 0.00000000000 0.00000000000 0.00000000000 0.00000000000 0.00000000000 0.00000000000 0.00000000000 0.00000000000
0.03246938458 -0.00950000132 0.22729062018 0.00000000000 0.00000000000 0.00000000000 0.00000000000 0.00000000000 0.00000000000 0.00000000000 0.00000000000
0.03253010493 -0.00968992879 0.22729144322 0.00000000000 0.00000000000 0.00000000000 0.00000000000 0.00000000000 0.00000000000 0.00000000000 0.00000000000
0.03259074394 -0.00987987620 0.22729209519 0.00000000000 0.00000000000 0.00000000000 0.00000000000 0.00000000000 0.00000000000 0.00000000000 0.00000000000
0.03265129776 -0.01006984464 0.22729257542 0.00000000000 0.00000000000 0.00000000000 0.00000000000 0.00000000000 0.00000000000 0.00000000000 0.00000000000
0.03271176254 -0.01025983518 0.22729288325 0.00000000000 0.00000000000 0.00000000000 0.00000000000 0.00000000000 0.00000000000 0.00000000000 0.00000000000
0.03277213442 -0.01044984888 0.22729301802 0.00000000000 0.00000000000 0.00000000000 0.00000000000 0.00000000000 0.00000000000 0.00000000000 0.00000000000
0.03283240879 -0.01063988693 0.22729297894 0.00000000000 0.00000000000 0.00000000000 0.00000000000 0.00000000000 0.00000000000 0.00000000000 0.00000000000
0.03289258016 -0.01082995088 0.22729276508 0.00000000000 0.00000000000 0.00000000000 0.00000000000 0.00000000000 0.00000000000 0.00000000000 0.00000000000
0.03295264318 -0.01102004228 0.22729237551 0.00000000000 0.00000000000 0.00000000000 0.00000000000 0.00000000000 0.00000000000 0.00000000000 0.00000000000
0.03301259237 -0.01121016267 0.22729180929 0.00000000000 0.00000000000 0.00000000000 0.00000000000 0.00000000000 0.00000000000 0.00000000000 0.00000000000
0.03307242238 -0.01140031362 0.22729106548 0.00000000000 0.00000000000 0.00000000000 0.00000000000 0.00000000000 0.00000000000 0.00000000000 0.00000000000
0.03313212777 -0.01159049665 0.22729014313 0.00000000000 0.00000000000 0.00000000000 0.00000000000 0.00000000000 0.00000000000 0.00000000000 0.00000000000
0.03319170311 -0.01178071332 0.22728904129 0.00000000000 0.00000000000 0.00000000000 0.00000000000 0.00000000000 0.00000000000 0.00000000000 0.00000000000
0.03325114304 -0.01197096514 0.22728775900 0.00000000000 0.00000000000 0.00000000000 0.00000000000 0.00000000000 0.00000000000 0.00000000000 0.00000000000
0.03331044207 -0.01216125367 0.22728629530 0.00000000000 0.00000000000 0.00000000000 0.00000000000 0.00000000000 0.00000000000 0.00000000000 0.00000000000
0.03336959486 -0.01235158039 0.22728464922 0.00000000000 0.00000000000 0.00000000000 0.00000000000 0.00000000000 0.00000000000 0.00000000000 0.00000000000
0.03342859589 -0.01254194680 0.22728281977 0.00000000000 0.00000000000 0.00000000000 0.00000000000 0.00000000000 0.00000000000 0.00000000000 0.00000000000
0.03348743981 -0.01273235434 0.22728080599 0.00000000000 0.00000000000 0.00000000000 0.00000000000 0.00000000000 0.00000000000 0.00000000000 0.00000000000
0.03354612113 -0.01292280447 0.22727860689 0.00000000000 0.00000000000 0.00000000000 0.00000000000 0.00000000000 0.00000000000 0.00000000000 0.00000000000
0.03360463407 -0.01311329872 0.22727622141 0.00000000000 0.00000000000 0.00000000000 0.00000000000 0.00000000000 0.00000000000 0.00000000000 0.00000000000
0.03366297267 -0.01330383864 0.22727364849 0.00000000000 0.00000000000 0.00000000000 0.00000000000 0.00000000000 0.00000000000 0.00000000000 0.00000000000
0.03372115849 -0.01349442583 0.22727068976 0.00000000000 0.00000000000 0.00000000000 0.00000000000 0.00000000000 0.00000000000 0.00000000000 0.00000000000
0.03377921731 -0.01368506179 0.22726711718 0.00000000000 0.00000000000 0.00000000000 0.00000000000 0.00000000000 0.00000000000 0.00000000000 0.00000000000
0.03383708354 -0.01387574812 0.22726335586 0.00000000000 0.00000000000 0.00000000000 0.00000000000 0.00000000000 0.00000000000 0.00000000000 0.00000000000
0.03389475117 -0.01406648635 0.22725940476 0.00000000000 0.00000000000 0.00000000000 0.00000000000 0.00000000000 0.00000000000 0.00000000000 0.00000000000
0.03395221423 -0.01425727796 0.22725526283 0.00000000000 0.00000000000 0.00000000000 0.00000000000 0.00000000000 0.00000000000 0.00000000000 0.00000000000
0.03400946665 -0.01444812446 0.22725092902 0.00000000000 0.00000000000 0.00000000000 0.00000000000 0.00000000000 0.00000000000 0.00000000000 0.00000000000
0.03406650245 -0.01463902734 0.22724640227 0.00000000000 0.00000000000 0.00000000000 0.00000000000 0.00000000000 0.00000000000 0.00000000000 0.00000000000
0.03412331556 -0.01482998800 0.22724168151 0.00000000000 0.00000000000 0.00000000000 0.00000000000 0.00000000000 0.00000000000 0.00000000000 0.00000000000
0.03417989995 -0.01502100790 0.22723676567 0.00000000000 0.00000000000 0.00000000000 0.00000000000 0.00000000000 0.00000000000 0.00000000000 0.00000000000
0.03423624958 -0.01521208843 0.22723165369 0.00000000000 0.00000000000 0.00000000000 0.00000000000 0.00000000000 0.00000000000 0.00000000000 0.00000000000
0.03429235834 -0.01540323098 0.22722634446 0.00000000000 0.00000000000 0.00000000000 0.00000000000 0.00000000000 0.00000000000 0.00000000000 0.00000000000
0.03434822019 -0.01559443689 0.22722083692 0.00000000000 0.00000000000 0.00000000000 0.00000000000 0.00000000000 0.00000000000 0.00000000000 0.00000000000
0.03440382884 -0.01578570754 0.22721512994 0.00000000000 0.00000000000 0.00000000000 0.00000000000 0.00000000000 0.00000000000 0.00000000000 0.00000000000
0.03445917828 -0.01597704425 0.22720922243 0.00000000000 0.00000000000 0.00000000000 0.00000000000 0.00000000000 0.00000000000 0.00000000000 0.00000000000
0.03451426220 -0.01616844828 0.22720311327 0.00000000000 0.00000000000 0.00000000000 0.00000000000 0.00000000000 0.00000000000 0.00000000000 0.00000000000
0.03456907450 -0.01635992089 0.22719680135 0.00000000000 0.00000000000 0.00000000000 0.00000000000 0.00000000000 0.00000000000 0.00000000000 0.00000000000
0.03462360895 -0.01655146324 0.22719028556 0.00000000000 0.00000000000 0.00000000000 0.00000000000 0.00000000000 0.00000000000 0.00000000000 0.00000000000
0.03467785932 -0.01674307655 0.22718356477 0.00000000000 0.00000000000 0.00000000000 0.00000000000 0.00000000000 0.00000000000 0.00000000000 0.00000000000
0.03473181946 -0.01693476192 0.22717663786 0.00000000000 0.00000000000 0.00000000000 0.00000000000 0.00000000000 0.00000000000 0.00000000000 0.00000000000
0.03478548305 -0.01712652054 0.22716950368 0.00000000000 0.00000000000 0.00000000000 0.00000000000 0.00000000000 0.00000000000 0.00000000000 0.00000000000
0.03483884397 -0.01731835350 0.22716216113 0.00000000000 0.00000000000 0.00000000000 0.00000000000 0.00000000000 0.00000000000 0.00000000000 0.00000000000
0.03489189596 -0.01751026190 0.22715460905 0.00000000000 0.00000000000 0.00000000000 0.00000000000 0.00000000000 0.00000000000 0.00000000000 0.00000000000
0.03494463264 -0.01770224688 0.22714684628 0.00000000000 0.00000000000 0.00000000000 0.00000000000 0.00000000000 0.00000000000 0.00000000000 0.00000000000
0.03499704847 -0.01789430935 0.22713887178 0.00000000000 0.00000000000 0.00000000000 0.00000000000 0.00000000000 0.00000000000 0.00000000000 0.00000000000
0.03504913959 -0.01808644975 0.22713068477 0.00000000000 0.00000000000 0.00000000000 0.00000000000 0.00000000000 0.00000000000 0.00000000000 0.00000000000
0.03510090278 -0.01827866821 0.22712228458 0.00000000000 0.00000000000 0.00000000000 0.00000000000 0.00000000000 0.00000000000 0.00000000000 0.00000000000
0.03515233451 -0.01847096495 0.22711367050 0.00000000000 0.00000000000 0.00000000000 0.00000000000 0.00000000000 0.00000000000 0.00000000000 0.00000000000
0.03520343138 -0.01866334007 0.22710484182 0.00000000000 0.00000000000 0.00000000000 0.00000000000 0.00000000000 0.00000000000 0.00000000000 0.00000000000
0.03525418994 -0.01885579367 0.22709579785 0.00000000000 0.00000000000 0.00000000000 0.00000000000 0.00000000000 0.00000000000 0.00000000000 0.00000000000
0.03530460673 -0.01904832582 0.22708653788 0.00000000000 0.00000000000 0.00000000000 0.00000000000 0.00000000000 0.00000000000 0.00000000000 0.00000000000
0.03535467832 -0.01924093655 0.22707706122 0.00000000000 0.00000000000 0.00000000000 0.00000000000 0.00000000000 0.00000000000 0.00000000000 0.00000000000
0.03540440127 -0.01943362592 0.22706736716 0.00000000000 0.00000000000 0.00000000000 0.00000000000 0.00000000000 0.00000000000 0.00000000000 0.00000000000
0.03545377216 -0.01962639395 0.22705745501 0.00000000000 0.00000000000 0.00000000000 0.00000000000 0.00000000000 0.00000000000 0.00000000000 0.00000000000
0.03550278751 -0.01981924067 0.22704732406 0.00000000000 0.00000000000 0.00000000000 0.00000000000 0.00000000000 0.00000000000 0.00000000000 0.00000000000
0.03555144404 -0.02001216606 0.22703697364 0.00000000000 0.00000000000 0.00000000000 0.00000000000 0.00000000000 0.00000000000 0.00000000000 0.00000000000
0.03559973794 -0.02020517026 0.22702640299 0.00000000000 0.00000000000 0.00000000000 0.00000000000 0.00000000000 0.00000000000 0.00000000000 0.00000000000
0.03564766793 -0.02039825280 0.22701561173 0.00000000000 0.00000000000 0.00000000000 0.00000000000 0.00000000000 0.00000000000 0.00000000000 0.00000000000
0.03569523649 -0.02059141225 0.22700460011 0.00000000000 0.00000000000 0.00000000000 0.00000000000 0.00000000000 0.00000000000 0.00000000000 0.00000000000
0.03574244613 -0.02078464705 0.22699336836 0.00000000000 0.00000000000 0.00000000000 0.00000000000 0.00000000000 0.00000000000 0.00000000000 0.00000000000
0.03578929929 -0.02097795573 0.22698191673 0.00000000000 0.00000000000 0.00000000000 0.00000000000 0.00000000000 0.00000000000 0.00000000000 0.00000000000
0.03583579855 -0.02117133674 0.22697024548 0.00000000000 0.00000000000 0.00000000000 0.00000000000 0.00000000000 0.00000000000 0.00000000000 0.00000000000
0.03588194630 -0.02136478859 0.22695835485 0.00000000000 0.00000000000 0.00000000000 0.00000000000 0.00000000000 0.00000000000 0.00000000000 0.00000000000
0.03592774512 -0.02155830978 0.22694624512 0.00000000000 0.00000000000 0.00000000000 0.00000000000 0.00000000000 0.00000000000 0.00000000000 0.00000000000
0.03597319748 -0.02175189885 0.22693391654 0.00000000000 0.00000000000 0.00000000000 0.00000000000 0.00000000000 0.00000000000 0.00000000000 0.00000000000
0.03601830587 -0.02194555432 0.22692136937 0.00000000000 0.00000000000 0.00000000000 0.00000000000 0.00000000000 0.00000000000 0.00000000000 0.00000000000
0.03606307287 -0.02213927474 0.22690860391 0.00000000000 0.00000000000 0.00000000000 0.00000000000 0.00000000000 0.00000000000 0.00000000000 0.00000000000
0.03610750088 -0.02233305869 0.22689562040 0.00000000000 0.00000000000 0.00000000000 0.00000000000 0.00000000000 0.00000000000 0.00000000000 0.00000000000
0.03615159257 -0.02252690473 0.22688241915 0.00000000000 0.00000000000 0.00000000000 0.00000000000 0.00000000000 0.00000000000 0.00000000000 0.00000000000
0.03619535036 -0.02272081146 0.22686900042 0.00000000000 0.00000000000 0.00000000000 0.00000000000 0.00000000000 0.00000000000 0.00000000000 0.00000000000
0.03623877626 -0.02291477760 0.22685536441 0.00000000000 0.00000000000 0.00000000000 0.00000000000 0.00000000000 0.00000000000 0.00000000000 0.00000000000
0.03628187166 -0.02310880202 0.22684151124 0.00000000000 0.00000000000 0.00000000000 0.00000000000 0.00000000000 0.00000000000 0.00000000000 0.00000000000
0.03632463792 -0.02330288361 0.22682744102 0.00000000000 0.00000000000 0.00000000000 0.00000000000 0.00000000000 0.00000000000 0.00000000000 0.00000000000
0.03636707653 -0.02349702125 0.22681315385 0.00000000000 0.00000000000 0.00000000000 0.00000000000 0.00000000000 0.00000000000 0.00000000000 0.00000000000
0.03640918879 -0.02369121388 0.22679864986 0.00000000000 0.00000000000 0.00000000000 0.00000000000 0.00000000000 0.00000000000 0.00000000000 0.00000000000
0.03645097621 -0.02388546039 0.22678392916 0.00000000000 0.00000000000 0.00000000000 0.00000000000 0.00000000000 0.00000000000 0.00000000000 0.00000000000
0.03649244010 -0.02407975975 0.22676899187 0.00000000000 0.00000000000 0.00000000000 0.00000000000 0.00000000000 0.00000000000 0.00000000000 0.00000000000
0.03653361726 -0.02427411076 0.22675356087 0.00000000000 0.00000000000 0.00000000000 0.00000000000 0.00000000000 0.00000000000 0.00000000000 0.00000000000
0.03657450311 -0.02446851239 0.22673768303 0.00000000000 0.00000000000 0.00000000000 0.00000000000 0.00000000000 0.00000000000 0.00000000000 0.00000000000
0.03661506911 -0.02466296368 0.22672159283 0.00000000000 0.00000000000 0.00000000000 0.00000000000 0.00000000000 0.00000000000 0.00000000000 0.00000000000
0.03665531667 -0.02485746358 0.22670529040 0.00000000000 0.00000000000 0.00000000000 0.00000000000 0.00000000000 0.00000000000 0.00000000000 0.00000000000
0.03669524718 -0.02505201103 0.22668877586 0.00000000000 0.00000000000 0.00000000000 0.00000000000 0.00000000000 0.00000000000 0.00000000000 0.00000000000
0.03673486197 -0.02524660498 0.22667204930 0.00000000000 0.00000000000 0.00000000000 0.00000000000 0.00000000000 0.00000000000 0.00000000000 0.00000000000
0.03677416123 -0.02544124466 0.22665511067 0.00000000000 0.00000000000 0.00000000000 0.00000000000 0.00000000000 0.00000000000 0.00000000000 0.00000000000
0.03681314442 -0.02563592950 0.22663795980 0.00000000000 0.00000000000 0.00000000000 0.00000000000 0.00000000000 0.00000000000 0.00000000000 0.00000000000
0.03685181120 -0.02583065885 0.22662059655 0.00000000000 0.00000000000 0.00000000000 0.00000000000 0.00000000000 0.00000000000 0.00000000000 0.00000000000
0.03689016123 -0.02602543209 0.22660302080 0.00000000000 0.00000000000 0.00000000000 0.00000000000 0.00000000000 0.00000000000 0.00000000000 0.00000000000
0.03692819427 -0.02622024856 0.22658523241 0.00000000000 0.00000000000 0.00000000000 0.00000000000 0.00000000000 0.00000000000 0.00000000000 0.00000000000
0.03696591008 -0.02641510763 0.22656723128 0.00000000000 0.00000000000 0.00000000000 0.00000000000 0.00000000000 0.00000000000 0.00000000000 0.00000000000
0.03700330849 -0.02661000863 0.22654901729 0.00000000000 0.00000000000 0.00000000000 0.00000000000 0.00000000000 0.00000000000 0.00000000000 0.00000000000
0.03704038940 -0.02680495089 0.22653059036 0.00000000000 0.00000000000 0.00000000000 0.00000000000 0.00000000000 0.00000000000 0.00000000000 0.00000000000
0.03708940707 -0.02706492361 0.22650569994 0.00000000000 0.00000000000 0.00000000000 0.00000000000 0.00000000000 0.00000000000 0.00000000000 0.00000000000
0.03712569389 -0.02725996946 0.22648676809 0.00000000000 0.00000000000 0.00000000000 0.00000000000 0.00000000000 0.00000000000 0.00000000000 0.00000000000
0.03714967323 -0.02739002797 0.22647402328 0.00000000000 0.00000000000 0.00000000000 0.00000000000 0.00000000000 0.00000000000 0.00000000000 0.00000000000
ZONE T="NURB"
I=201, J=1, K=1
0.03204238039 -0.00817097547 0.22728012218 3.74220152035 0.00000000000 0.00000000000 0.00000000000 0.00000000000 0.00000000000 0.00000000000 0.22742695262
0.03207297505 -0.00826587539 0.22728112108 3.71613258232 0.00000000000 0.00000000000 0.00000000000 0.00000000000 0.00000000000 0.00000000000 0.22743138020
0.03210355658 -0.00836077842 0.22728208556 3.69117999314 0.00000000000 0.00000000000 0.00000000000 0.00000000000 0.00000000000 0.00000000000 0.22743581299
0.03213412453 -0.00845568475 0.22728301608 3.66736703675 0.00000000000 0.00000000000 0.00000000000 0.00000000000 0.00000000000 0.00000000000 0.22744025150
0.03216467840 -0.00855059453 0.22728391311 3.64471651256 0.00000000000 0.00000000000 0.00000000000 0.00000000000 0.00000000000 0.00000000000 0.22744469619
0.03219521773 -0.00864550790 0.22728477576 4.38170536488 0.00000000000 0.00000000000 0.00000000000 0.00000000000 0.00000000000 0.00000000000 0.22744914618
0.03222574203 -0.00874042476 0.22728559763 5.13217080787 0.00000000000 0.00000000000 0.00000000000 0.00000000000 0.00000000000 0.00000000000 0.22745359508
0.03225625083 -0.00883534503 0.22728637280 4.84500446604 0.00000000000 0.00000000000 0.00000000000 0.00000000000 0.00000000000 0.00000000000 0.22745803697
0.03228674363 -0.00893026891 0.22728710265 4.56261062110 0.00000000000 0.00000000000 0.00000000000 0.00000000000 0.00000000000 0.00000000000 0.22746247324
0.03231721996 -0.00902519665 0.22728778983 4.58897646326 0.00000000000 0.00000000000 0.00000000000 0.00000000000 0.00000000000 0.00000000000 0.22746690657
0.03234767934 -0.00912012841 0.22728843483 4.61595036823 0.00000000000 0.00000000000 0.00000000000 0.00000000000 0.00000000000 0.00000000000 0.22747133742
0.03237812130 -0.00921506432 0.22728903755 4.64375392058 0.00000000000 0.00000000000 0.00000000000 0.00000000000 0.00000000000 0.00000000000 0.22747576574
0.03240854534 -0.00931000452 0.22728959792 4.67196484975 0.00000000000 0.00000000000 0.00000000000 0.00000000000 0.00000000000 0.00000000000 0.22748019146
0.03243895098 -0.00940494917 0.22729011585 4.70010501539 0.00000000000 0.00000000000 0.00000000000 0.00000000000 0.00000000000 0.00000000000 0.22748461450
0.03246933774 -0.00949989840 0.22729059127 4.72862383355 0.00000000000 0.00000000000 0.00000000000 0.00000000000 0.00000000000 0.00000000000 0.22748903479
0.03249970515 -0.00959485234 0.22729102410 4.75807751261 0.00000000000 0.00000000000 0.00000000000 0.00000000000 0.00000000000 0.00000000000 0.22749345227
0.03253005272 -0.00968981114 0.22729141424 4.78790976715 0.00000000000 0.00000000000 0.00000000000 0.00000000000 0.00000000000 0.00000000000 0.22749786686
0.03256037997 -0.00978477493 0.22729176162 4.81784808502 0.00000000000 0.00000000000 0.00000000000 0.00000000000 0.00000000000 0.00000000000 0.22750227850
0.03259068641 -0.00987974386 0.22729206616 4.84814274279 0.00000000000 0.00000000000 0.00000000000 0.00000000000 0.00000000000 0.00000000000 0.22750668710
0.03262097156 -0.00997471806 0.22729232777 4.87891988001 0.00000000000 0.00000000000 0.00000000000 0.00000000000 0.00000000000 0.00000000000 0.22751109262
0.03265123494 -0.01006969767 0.22729254637 4.91004275577 0.00000000000 0.00000000000 0.00000000000 0.00000000000 0.00000000000 0.00000000000 0.22751549496
0.03268147607 -0.01016468282 0.22729272188 4.94124966124 0.00000000000 0.00000000000 0.00000000000 0.00000000000 0.00000000000 0.00000000000 0.22751989407
0.03271169446 -0.01025967364 0.22729285421 4.97278277643 0.00000000000 0.00000000000 0.00000000000 0.00000000000 0.00000000000 0.00000000000 0.22752428987
0.03274188962 -0.01035467027 0.22729294329 5.01078732048 0.00000000000 0.00000000000 0.00000000000 0.00000000000 0.00000000000 0.00000000000 0.22752868229
0.03277206100 -0.01044967286 0.22729298900 5.04925235897 0.00000000000 0.00000000000 0.00000000000 0.00000000000 0.00000000000 0.00000000000 0.22753307125
0.03280220799 -0.01054468156 0.22729299126 5.09601069076 0.00000000000 0.00000000000 0.00000000000 0.00000000000 0.00000000000 0.00000000000 0.22753745666
0.03283232994 -0.01063969657 0.22729294994 5.14340155315 0.00000000000 0.00000000000 0.00000000000 0.00000000000 0.00000000000 0.00000000000 0.22754183843
0.03286242614 -0.01073471808 0.22729286494 5.19001690698 0.00000000000 0.00000000000 0.00000000000 0.00000000000 0.00000000000 0.00000000000 0.22754621646
0.03289249595 -0.01082974628 0.22729273613 5.23717781295 0.00000000000 0.00000000000 0.00000000000 0.00000000000 0.00000000000 0.00000000000 0.22755059064
0.03292253868 -0.01092478139 0.22729256340 5.28612385282 0.00000000000 0.00000000000 0.00000000000 0.00000000000 0.00000000000 0.00000000000 0.22755496089
0.03295255365 -0.01101982358 0.22729234663 5.33561853366 0.00000000000 0.00000000000 0.00000000000 0.00000000000 0.00000000000 0.00000000000 0.22755932710
0.03298254020 -0.01111487306 0.22729208571 5.38484316585 0.00000000000 0.00000000000 0.00000000000 0.00000000000 0.00000000000 0.00000000000 0.22756368917
0.03301249763 -0.01120993003 0.22729178051 5.43456188161 0.00000000000 0.00000000000 0.00000000000 0.00000000000 0.00000000000 0.00000000000 0.22756804700
0.03304242529 -0.01130499469 0.22729143092 5.48504555917 0.00000000000 0.00000000000 0.00000000000 0.00000000000 0.00000000000 0.00000000000 0.22757240051
0.03307232249 -0.01140006722 0.22729103682 5.53600556433 0.00000000000 0.00000000000 0.00000000000 0.00000000000 0.00000000000 0.00000000000 0.22757674959
0.03310218856 -0.01149514782 0.22729059810 5.58800348261 0.00000000000 0.00000000000 0.00000000000 0.00000000000 0.00000000000 0.00000000000 0.22758109413
0.03313202282 -0.01159023669 0.22729011463 5.64045888287 0.00000000000 0.00000000000 0.00000000000 0.00000000000 0.00000000000 0.00000000000 0.22758543405
0.03316182460 -0.01168533403 0.22728958629 5.69221294522 0.00000000000 0.00000000000 0.00000000000 0.00000000000 0.00000000000 0.00000000000 0.22758976925
0.03319159321 -0.01178044002 0.22728901296 5.74437623757 0.00000000000 0.00000000000 0.00000000000 0.00000000000 0.00000000000 0.00000000000 0.22759409962
0.03322132800 -0.01187555485 0.22728839453 5.79873470597 0.00000000000 0.00000000000 0.00000000000 0.00000000000 0.00000000000 0.00000000000 0.22759842507
0.03325102828 -0.01197067873 0.22728773088 5.85351401390 0.00000000000 0.00000000000 0.00000000000 0.00000000000 0.00000000000 0.00000000000 0.22760274549
0.03328069336 -0.01206581184 0.22728702187 5.90672610752 0.00000000000 0.00000000000 0.00000000000 0.00000000000 0.00000000000 0.00000000000 0.22760706080
0.03331032257 -0.01216095438 0.22728626740 5.96029587468 0.00000000000 0.00000000000 0.00000000000 0.00000000000 0.00000000000 0.00000000000 0.22761137089
0.03333991525 -0.01225610653 0.22728546734 6.01641199707 0.00000000000 0.00000000000 0.00000000000 0.00000000000 0.00000000000 0.00000000000 0.22761567567
0.03336947071 -0.01235126848 0.22728462157 6.07290788754 0.00000000000 0.00000000000 0.00000000000 0.00000000000 0.00000000000 0.00000000000 0.22761997503
0.03339898826 -0.01244644043 0.22728372996 6.12768765889 0.00000000000 0.00000000000 0.00000000000 0.00000000000 0.00000000000 0.00000000000 0.22762426888
0.03342846724 -0.01254162256 0.22728279239 6.18278590996 0.00000000000 0.00000000000 0.00000000000 0.00000000000 0.00000000000 0.00000000000 0.22762855711
0.03345790696 -0.01263681505 0.22728180875 6.23997977038 0.00000000000 0.00000000000 0.00000000000 0.00000000000 0.00000000000 0.00000000000 0.22763283964
0.03348730676 -0.01273201808 0.22728077890 6.29750854593 0.00000000000 0.00000000000 0.00000000000 0.00000000000 0.00000000000 0.00000000000 0.22763711636
0.03351666593 -0.01282723185 0.22727970273 6.35798108081 0.00000000000 0.00000000000 0.00000000000 0.00000000000 0.00000000000 0.00000000000 0.22764138717
0.03354598376 -0.01292245654 0.22727858010 6.41880161808 0.00000000000 0.00000000000 0.00000000000 0.00000000000 0.00000000000 0.00000000000 0.22764565196
0.03357525954 -0.01301769235 0.22727741088 6.48210973687 0.00000000000 0.00000000000 0.00000000000 0.00000000000 0.00000000000 0.00000000000 0.22764991064
0.03360449251 -0.01311293948 0.22727619494 6.54576956843 0.00000000000 0.00000000000 0.00000000000 0.00000000000 0.00000000000 0.00000000000 0.22765416309
0.03363368250 -0.01320819812 0.22727492808 8.38327571751 0.00000000000 0.00000000000 0.00000000000 0.00000000000 0.00000000000 0.00000000000 0.22765840515
0.03366283163 -0.01330346848 0.22727358967 10.50544009073 0.00000000000 0.00000000000 0.00000000000 0.00000000000 0.00000000000 0.00000000000 0.22766261625
0.03369194267 -0.01339875076 0.22727215431 13.10914102106 0.00000000000 0.00000000000 0.00000000000 0.00000000000 0.00000000000 0.00000000000 0.22766677106
0.03372101877 -0.01349404515 0.22727059411 15.81009765944 0.00000000000 0.00000000000 0.00000000000 0.00000000000 0.00000000000 0.00000000000 0.22767084179
0.03375006126 -0.01358935185 0.22726889402 10.96220602184 0.00000000000 0.00000000000 0.00000000000 0.00000000000 0.00000000000 0.00000000000 0.22767481344
0.03377906387 -0.01368467105 0.22726709340 6.91764836537 0.00000000000 0.00000000000 0.00000000000 0.00000000000 0.00000000000 0.00000000000 0.22767872532
0.03380801964 -0.01378000296 0.22726523661 6.97020372307 0.00000000000 0.00000000000 0.00000000000 0.00000000000 0.00000000000 0.00000000000 0.22768262176
0.03383692655 -0.01387534777 0.22726333250 7.03633423325 0.00000000000 0.00000000000 0.00000000000 0.00000000000 0.00000000000 0.00000000000 0.22768651162
0.03386578386 -0.01397070568 0.22726138095 7.10263451258 0.00000000000 0.00000000000 0.00000000000 0.00000000000 0.00000000000 0.00000000000 0.22769039481
0.03389459083 -0.01406607687 0.22725938183 7.16919224223 0.00000000000 0.00000000000 0.00000000000 0.00000000000 0.00000000000 0.00000000000 0.22769427122
0.03392334669 -0.01416146154 0.22725733500 7.23671907530 0.00000000000 0.00000000000 0.00000000000 0.00000000000 0.00000000000 0.00000000000 0.22769814076
0.03395205070 -0.01425685987 0.22725524034 7.30449628048 0.00000000000 0.00000000000 0.00000000000 0.00000000000 0.00000000000 0.00000000000 0.22770200332
0.03398070210 -0.01435227206 0.22725309771 7.37182252445 0.00000000000 0.00000000000 0.00000000000 0.00000000000 0.00000000000 0.00000000000 0.22770585880
0.03400930015 -0.01444769830 0.22725090697 7.43937385750 0.00000000000 0.00000000000 0.00000000000 0.00000000000 0.00000000000 0.00000000000 0.22770970710
0.03403784409 -0.01454313877 0.22724866801 7.50772564497 0.00000000000 0.00000000000 0.00000000000 0.00000000000 0.00000000000 0.00000000000 0.22771354812
0.03406633316 -0.01463859365 0.22724638067 7.57630060926 0.00000000000 0.00000000000 0.00000000000 0.00000000000 0.00000000000 0.00000000000 0.22771738175
0.03409476662 -0.01473406312 0.22724404483 7.64510201507 0.00000000000 0.00000000000 0.00000000000 0.00000000000 0.00000000000 0.00000000000 0.22772120790
0.03412314370 -0.01482954737 0.22724166036 7.71410990922 0.00000000000 0.00000000000 0.00000000000 0.00000000000 0.00000000000 0.00000000000 0.22772502647
0.03415146365 -0.01492504658 0.22723922712 7.78286095771 0.00000000000 0.00000000000 0.00000000000 0.00000000000 0.00000000000 0.00000000000 0.22772883734
0.03417972573 -0.01502056093 0.22723674498 7.85180459367 0.00000000000 0.00000000000 0.00000000000 0.00000000000 0.00000000000 0.00000000000 0.22773264043
0.03420792916 -0.01511609057 0.22723421379 7.92227011702 0.00000000000 0.00000000000 0.00000000000 0.00000000000 0.00000000000 0.00000000000 0.22773643563
0.03423607319 -0.01521163569 0.22723163344 7.99293326587 0.00000000000 0.00000000000 0.00000000000 0.00000000000 0.00000000000 0.00000000000 0.22774022283
0.03426415705 -0.01530719646 0.22722900377 8.06248062557 0.00000000000 0.00000000000 0.00000000000 0.00000000000 0.00000000000 0.00000000000 0.22774400194
0.03429217999 -0.01540277305 0.22722632466 8.13219699428 0.00000000000 0.00000000000 0.00000000000 0.00000000000 0.00000000000 0.00000000000 0.22774777285
0.03432014124 -0.01549836561 0.22722359597 8.20494131591 0.00000000000 0.00000000000 0.00000000000 0.00000000000 0.00000000000 0.00000000000 0.22775153546
0.03434804003 -0.01559397431 0.22722081756 8.27787938696 0.00000000000 0.00000000000 0.00000000000 0.00000000000 0.00000000000 0.00000000000 0.22775528966
0.03437587557 -0.01568959933 0.22721798929 8.34823274151 0.00000000000 0.00000000000 0.00000000000 0.00000000000 0.00000000000 0.00000000000 0.22775903535
0.03440364710 -0.01578524083 0.22721511102 8.41872818738 0.00000000000 0.00000000000 0.00000000000 0.00000000000 0.00000000000 0.00000000000 0.22776277243
0.03443135386 -0.01588089897 0.22721218262 8.49188831159 0.00000000000 0.00000000000 0.00000000000 0.00000000000 0.00000000000 0.00000000000 0.22776650079
0.03445899508 -0.01597657390 0.22720920394 8.56522264766 0.00000000000 0.00000000000 0.00000000000 0.00000000000 0.00000000000 0.00000000000 0.22777022033
0.03448656996 -0.01607226580 0.22720617485 8.63697578345 0.00000000000 0.00000000000 0.00000000000 0.00000000000 0.00000000000 0.00000000000 0.22777393094
0.03451407775 -0.01616797481 0.22720309521 8.70886268532 0.00000000000 0.00000000000 0.00000000000 0.00000000000 0.00000000000 0.00000000000 0.22777763253
0.03454151767 -0.01626370110 0.22719996487 8.78175210498 0.00000000000 0.00000000000 0.00000000000 0.00000000000 0.00000000000 0.00000000000 0.22778132498
0.03456888896 -0.01635944480 0.22719678371 8.85478923149 0.00000000000 0.00000000000 0.00000000000 0.00000000000 0.00000000000 0.00000000000 0.22778500820
0.03459619082 -0.01645520608 0.22719355157 8.92840442974 0.00000000000 0.00000000000 0.00000000000 0.00000000000 0.00000000000 0.00000000000 0.22778868208
0.03462342249 -0.01655098508 0.22719026832 9.00215512758 0.00000000000 0.00000000000 0.00000000000 0.00000000000 0.00000000000 0.00000000000 0.22779234651
0.03465058318 -0.01664678196 0.22718693382 9.07445938342 0.00000000000 0.00000000000 0.00000000000 0.00000000000 0.00000000000 0.00000000000 0.22779600139
0.03467767213 -0.01674259686 0.22718354792 9.14687994729 0.00000000000 0.00000000000 0.00000000000 0.00000000000 0.00000000000 0.00000000000 0.22779964661
0.03470468857 -0.01683842992 0.22718011049 9.22191036482 0.00000000000 0.00000000000 0.00000000000 0.00000000000 0.00000000000 0.00000000000 0.22780328208
0.03473163170 -0.01693428129 0.22717662138 9.29707696205 0.00000000000 0.00000000000 0.00000000000 0.00000000000 0.00000000000 0.00000000000 0.22780690768
0.03475850075 -0.01703015111 0.22717308046 9.36982234259 0.00000000000 0.00000000000 0.00000000000 0.00000000000 0.00000000000 0.00000000000 0.22781052331
0.03478529494 -0.01712603954 0.22716948757 9.44266477485 0.00000000000 0.00000000000 0.00000000000 0.00000000000 0.00000000000 0.00000000000 0.22781412887
0.03481201351 -0.01722194670 0.22716584258 9.51734132261 0.00000000000 0.00000000000 0.00000000000 0.00000000000 0.00000000000 0.00000000000 0.22781772426
0.03483865568 -0.01731787273 0.22716214535 9.59213741547 0.00000000000 0.00000000000 0.00000000000 0.00000000000 0.00000000000 0.00000000000 0.22782130936
0.03486522065 -0.01741381777 0.22715839574 9.66823125297 0.00000000000 0.00000000000 0.00000000000 0.00000000000 0.00000000000 0.00000000000 0.22782488407
0.03489170764 -0.01750978196 0.22715459359 9.74443914474 0.00000000000 0.00000000000 0.00000000000 0.00000000000 0.00000000000 0.00000000000 0.22782844829
0.03491811586 -0.01760576544 0.22715073876 9.81095358875 0.00000000000 0.00000000000 0.00000000000 0.00000000000 0.00000000000 0.00000000000 0.22783200191
0.03494444460 -0.01770176832 0.22714683113 9.87749313396 0.00000000000 0.00000000000 0.00000000000 0.00000000000 0.00000000000 0.00000000000 0.22783554484
0.03497069321 -0.01779779070 0.22714287056 9.92397654274 0.00000000000 0.00000000000 0.00000000000 0.00000000000 0.00000000000 0.00000000000 0.22783907698
0.03499686115 -0.01789383264 0.22713885696 9.97038975205 0.00000000000 0.00000000000 0.00000000000 0.00000000000 0.00000000000 0.00000000000 0.22784259827
0.03502294796 -0.01798989418 0.22713479022 10.00840412629 0.00000000000 0.00000000000 0.00000000000 0.00000000000 0.00000000000 0.00000000000 0.22784610864
0.03504895323 -0.01808597534 0.22713067027 10.04639943868 0.00000000000 0.00000000000 0.00000000000 0.00000000000 0.00000000000 0.00000000000 0.22784960804
0.03507487654 -0.01818207614 0.22712649702 10.08859972085 0.00000000000 0.00000000000 0.00000000000 0.00000000000 0.00000000000 0.00000000000 0.22785309641
0.03510071746 -0.01827819660 0.22712227038 10.13085116842 0.00000000000 0.00000000000 0.00000000000 0.00000000000 0.00000000000 0.00000000000 0.22785657369
0.03512647555 -0.01837433675 0.22711799026 10.17101017648 0.00000000000 0.00000000000 0.00000000000 0.00000000000 0.00000000000 0.00000000000 0.22786003982
0.03515215038 -0.01847049659 0.22711365656 10.21118552244 0.00000000000 0.00000000000 0.00000000000 0.00000000000 0.00000000000 0.00000000000 0.22786349475
0.03517774152 -0.01856667614 0.22710926922 10.25227223830 0.00000000000 0.00000000000 0.00000000000 0.00000000000 0.00000000000 0.00000000000 0.22786693842
0.03520324855 -0.01866287541 0.22710482813 10.29339230635 0.00000000000 0.00000000000 0.00000000000 0.00000000000 0.00000000000 0.00000000000 0.22787037078
0.03522867102 -0.01875909441 0.22710033321 10.33414694094 0.00000000000 0.00000000000 0.00000000000 0.00000000000 0.00000000000 0.00000000000 0.22787379175
0.03525400851 -0.01885533315 0.22709578437 10.37492668012 0.00000000000 0.00000000000 0.00000000000 0.00000000000 0.00000000000 0.00000000000 0.22787720129
0.03527926058 -0.01895159164 0.22709118152 10.41556983595 0.00000000000 0.00000000000 0.00000000000 0.00000000000 0.00000000000 0.00000000000 0.22788059933
0.03530442682 -0.01904786989 0.22708652458 10.45623957084 0.00000000000 0.00000000000 0.00000000000 0.00000000000 0.00000000000 0.00000000000 0.22788398582
0.03532950678 -0.01914416790 0.22708181346 10.49724001000 0.00000000000 0.00000000000 0.00000000000 0.00000000000 0.00000000000 0.00000000000 0.22788736070
0.03535450004 -0.01924048568 0.22707704807 10.53826764509 0.00000000000 0.00000000000 0.00000000000 0.00000000000 0.00000000000 0.00000000000 0.22789072392
0.03537940616 -0.01933682323 0.22707222832 10.57866110798 0.00000000000 0.00000000000 0.00000000000 0.00000000000 0.00000000000 0.00000000000 0.22789407541
0.03540422473 -0.01943318056 0.22706735413 10.61907591335 0.00000000000 0.00000000000 0.00000000000 0.00000000000 0.00000000000 0.00000000000 0.22789741512
0.03542895530 -0.01952955767 0.22706242540 10.66051265026 0.00000000000 0.00000000000 0.00000000000 0.00000000000 0.00000000000 0.00000000000 0.22790074298
0.03545359745 -0.01962595457 0.22705744206 10.70197973829 0.00000000000 0.00000000000 0.00000000000 0.00000000000 0.00000000000 0.00000000000 0.22790405895
0.03547815075 -0.01972237126 0.22705240401 10.74088513076 0.00000000000 0.00000000000 0.00000000000 0.00000000000 0.00000000000 0.00000000000 0.22790736296
0.03550261477 -0.01981880773 0.22704731116 10.77980001007 0.00000000000 0.00000000000 0.00000000000 0.00000000000 0.00000000000 0.00000000000 0.22791065496
0.03552698910 -0.01991526399 0.22704216344 10.82536707176 0.00000000000 0.00000000000 0.00000000000 0.00000000000 0.00000000000 0.00000000000 0.22791393489
0.03555127328 -0.02001174004 0.22703696074 10.87099155844 0.00000000000 0.00000000000 0.00000000000 0.00000000000 0.00000000000 0.00000000000 0.22791720269
0.03557546687 -0.02010823589 0.22703170298 10.88588839474 0.00000000000 0.00000000000 0.00000000000 0.00000000000 0.00000000000 0.00000000000 0.22792045830
0.03559956966 -0.02020475149 0.22702639011 10.90064780698 0.00000000000 0.00000000000 0.00000000000 0.00000000000 0.00000000000 0.00000000000 0.22792370168
0.03562358157 -0.02030128676 0.22702102209 10.86995081220 0.00000000000 0.00000000000 0.00000000000 0.00000000000 0.00000000000 0.00000000000 0.22792693284
0.03564750283 -0.02039784154 0.22701559894 10.83907948646 0.00000000000 0.00000000000 0.00000000000 0.00000000000 0.00000000000 0.00000000000 0.22793015181
0.03567133375 -0.02049441565 0.22701012069 10.80737317619 0.00000000000 0.00000000000 0.00000000000 0.00000000000 0.00000000000 0.00000000000 0.22793335861
0.03569507464 -0.02059100889 0.22700458736 10.77570002682 0.00000000000 0.00000000000 0.00000000000 0.00000000000 0.00000000000 0.00000000000 0.22793655330
0.03571872582 -0.02068762107 0.22699899900 10.74506289922 0.00000000000 0.00000000000 0.00000000000 0.00000000000 0.00000000000 0.00000000000 0.22793973592
0.03574228758 -0.02078425199 0.22699335562 10.71446394040 0.00000000000 0.00000000000 0.00000000000 0.00000000000 0.00000000000 0.00000000000 0.22794290650
0.03576576024 -0.02088090148 0.22698765726 10.68228634227 0.00000000000 0.00000000000 0.00000000000 0.00000000000 0.00000000000 0.00000000000 0.22794606510
0.03578914411 -0.02097756933 0.22698190395 10.65014167465 0.00000000000 0.00000000000 0.00000000000 0.00000000000 0.00000000000 0.00000000000 0.22794921175
0.03581243952 -0.02107425535 0.22697609573 10.62005348085 0.00000000000 0.00000000000 0.00000000000 0.00000000000 0.00000000000 0.00000000000 0.22795234649
0.03583564675 -0.02117095936 0.22697023262 10.59000921754 0.00000000000 0.00000000000 0.00000000000 0.00000000000 0.00000000000 0.00000000000 0.22795546937
0.03585876612 -0.02126768115 0.22696431466 10.55783674062 0.00000000000 0.00000000000 0.00000000000 0.00000000000 0.00000000000 0.00000000000 0.22795858043
0.03588179795 -0.02136442055 0.22695834188 10.52569434190 0.00000000000 0.00000000000 0.00000000000 0.00000000000 0.00000000000 0.00000000000 0.22796167970
0.03590474255 -0.02146117736 0.22695231431 10.49510711030 0.00000000000 0.00000000000 0.00000000000 0.00000000000 0.00000000000 0.00000000000 0.22796476724
0.03592760023 -0.02155795140 0.22694623198 10.46456328313 0.00000000000 0.00000000000 0.00000000000 0.00000000000 0.00000000000 0.00000000000 0.22796784308
0.03595037131 -0.02165474248 0.22694009494 10.43349976219 0.00000000000 0.00000000000 0.00000000000 0.00000000000 0.00000000000 0.00000000000 0.22797090727
0.03597305608 -0.02175155041 0.22693390320 10.40247154376 0.00000000000 0.00000000000 0.00000000000 0.00000000000 0.00000000000 0.00000000000 0.22797395984
0.03599565487 -0.02184837501 0.22692765681 10.37061182733 0.00000000000 0.00000000000 0.00000000000 0.00000000000 0.00000000000 0.00000000000 0.22797700085
0.03601816799 -0.02194521610 0.22692135580 10.33878849694 0.00000000000 0.00000000000 0.00000000000 0.00000000000 0.00000000000 0.00000000000 0.22798003032
0.03604059576 -0.02204207348 0.22691500020 10.30910815060 0.00000000000 0.00000000000 0.00000000000 0.00000000000 0.00000000000 0.00000000000 0.22798304831
0.03606293849 -0.02213894699 0.22690859005 10.27947125222 0.00000000000 0.00000000000 0.00000000000 0.00000000000 0.00000000000 0.00000000000 0.22798605486
0.03608519649 -0.02223583643 0.22690212538 10.24681007946 0.00000000000 0.00000000000 0.00000000000 0.00000000000 0.00000000000 0.00000000000 0.22798905001
0.03610737006 -0.02233274164 0.22689560622 10.21417897033 0.00000000000 0.00000000000 0.00000000000 0.00000000000 0.00000000000 0.00000000000 0.22799203379
0.03612945955 -0.02242966242 0.22688903262 10.18427459269 0.00000000000 0.00000000000 0.00000000000 0.00000000000 0.00000000000 0.00000000000 0.22799500626
0.03615146527 -0.02252659860 0.22688240461 10.15441612627 0.00000000000 0.00000000000 0.00000000000 0.00000000000 0.00000000000 0.00000000000 0.22799796746
0.03617338750 -0.02262355000 0.22687572222 10.12959245560 0.00000000000 0.00000000000 0.00000000000 0.00000000000 0.00000000000 0.00000000000 0.22800091742
0.03619522651 -0.02272051647 0.22686898547 10.10481476734 0.00000000000 0.00000000000 0.00000000000 0.00000000000 0.00000000000 0.00000000000 0.22800385619
0.03621698253 -0.02281749784 0.22686219439 10.08756335813 0.00000000000 0.00000000000 0.00000000000 0.00000000000 0.00000000000 0.00000000000 0.22800678379
0.03623865576 -0.02291449397 0.22685534900 10.07035755430 0.00000000000 0.00000000000 0.00000000000 0.00000000000 0.00000000000 0.00000000000 0.22800970024
0.03626024636 -0.02301150472 0.22684844931 10.05340574661 0.00000000000 0.00000000000 0.00000000000 0.00000000000 0.00000000000 0.00000000000 0.22801260558
0.03628175450 -0.02310852994 0.22684149533 10.03647488958 0.00000000000 0.00000000000 0.00000000000 0.00000000000 0.00000000000 0.00000000000 0.22801549982
0.03630318036 -0.02320556951 0.22683448707 10.01817831927 0.00000000000 0.00000000000 0.00000000000 0.00000000000 0.00000000000 0.00000000000 0.22801838299
0.03632452412 -0.02330262326 0.22682742456 9.99990009445 0.00000000000 0.00000000000 0.00000000000 0.00000000000 0.00000000000 0.00000000000 0.22802125511
0.03634578596 -0.02339969107 0.22682030780 9.98365325871 0.00000000000 0.00000000000 0.00000000000 0.00000000000 0.00000000000 0.00000000000 0.22802411621
0.03636696605 -0.02349677280 0.22681313681 9.96743196090 0.00000000000 0.00000000000 0.00000000000 0.00000000000 0.00000000000 0.00000000000 0.22802696631
0.03638806455 -0.02359386830 0.22680591161 9.94909039843 0.00000000000 0.00000000000 0.00000000000 0.00000000000 0.00000000000 0.00000000000 0.22802980542
0.03640908165 -0.02369097745 0.22679863220 9.93076486675 0.00000000000 0.00000000000 0.00000000000 0.00000000000 0.00000000000 0.00000000000 0.22803263359
0.03643001752 -0.02378810009 0.22679129861 9.91449768169 0.00000000000 0.00000000000 0.00000000000 0.00000000000 0.00000000000 0.00000000000 0.22803545082
0.03645087235 -0.02388523611 0.22678391085 9.89825547355 0.00000000000 0.00000000000 0.00000000000 0.00000000000 0.00000000000 0.00000000000 0.22803825715
0.03647164702 -0.02398238535 0.22677646320 11.85769376584 0.00000000000 0.00000000000 0.00000000000 0.00000000000 0.00000000000 0.00000000000 0.22804104689
0.03649234539 -0.02407954768 0.22676892682 14.41545544896 0.00000000000 0.00000000000 0.00000000000 0.00000000000 0.00000000000 0.00000000000 0.22804379139
0.03651297120 -0.02417672295 0.22676127379 13.94653141526 0.00000000000 0.00000000000 0.00000000000 0.00000000000 0.00000000000 0.00000000000 0.22804646286
0.03653352476 -0.02427391101 0.22675350316 13.47982405603 0.00000000000 0.00000000000 0.00000000000 0.00000000000 0.00000000000 0.00000000000 0.22804906041
0.03655400499 -0.02437111175 0.22674562468 11.38719994898 0.00000000000 0.00000000000 0.00000000000 0.00000000000 0.00000000000 0.00000000000 0.22805159372
0.03657440882 -0.02446832503 0.22673766372 9.75012321279 0.00000000000 0.00000000000 0.00000000000 0.00000000000 0.00000000000 0.00000000000 0.22805408805
0.03659473331 -0.02456555074 0.22672964475 9.73011038409 0.00000000000 0.00000000000 0.00000000000 0.00000000000 0.00000000000 0.00000000000 0.22805656775
0.03661497800 -0.02466278875 0.22672157270 9.71274958920 0.00000000000 0.00000000000 0.00000000000 0.00000000000 0.00000000000 0.00000000000 0.22805903770
0.03663514308 -0.02476003891 0.22671344759 9.69613412527 0.00000000000 0.00000000000 0.00000000000 0.00000000000 0.00000000000 0.00000000000 0.22806149794
0.03665522871 -0.02485730111 0.22670526942 9.67954058319 0.00000000000 0.00000000000 0.00000000000 0.00000000000 0.00000000000 0.00000000000 0.22806394849
0.03667523507 -0.02495457520 0.22669703822 9.66300338115 0.00000000000 0.00000000000 0.00000000000 0.00000000000 0.00000000000 0.00000000000 0.22806638937
0.03669516232 -0.02505186107 0.22668875399 9.64648702387 0.00000000000 0.00000000000 0.00000000000 0.00000000000 0.00000000000 0.00000000000 0.22806882060
0.03671501061 -0.02514915857 0.22668041675 9.64407495426 0.00000000000 0.00000000000 0.00000000000 0.00000000000 0.00000000000 0.00000000000 0.22807124219
0.03673477999 -0.02524646763 0.22667202649 9.64169301626 0.00000000000 0.00000000000 0.00000000000 0.00000000000 0.00000000000 0.00000000000 0.22807365416
0.03675447046 -0.02534378814 0.22666358320 9.64738080710 0.00000000000 0.00000000000 0.00000000000 0.00000000000 0.00000000000 0.00000000000 0.22807605650
0.03677408198 -0.02544112003 0.22665508687 9.65308477034 0.00000000000 0.00000000000 0.00000000000 0.00000000000 0.00000000000 0.00000000000 0.22807844920
0.03679361448 -0.02553846324 0.22664653746 9.65666252521 0.00000000000 0.00000000000 0.00000000000 0.00000000000 0.00000000000 0.00000000000 0.22808083227
0.03681306791 -0.02563581767 0.22663793497 9.66024341073 0.00000000000 0.00000000000 0.00000000000 0.00000000000 0.00000000000 0.00000000000 0.22808320569
0.03683244223 -0.02573318327 0.22662927938 9.66384208008 0.00000000000 0.00000000000 0.00000000000 0.00000000000 0.00000000000 0.00000000000 0.22808556945
0.03685173740 -0.02583055994 0.22662057066 9.66744706628 0.00000000000 0.00000000000 0.00000000000 0.00000000000 0.00000000000 0.00000000000 0.22808792356
0.03687095338 -0.02592794760 0.22661180882 9.66965396037 0.00000000000 0.00000000000 0.00000000000 0.00000000000 0.00000000000 0.00000000000 0.22809026801
0.03689009014 -0.02602534617 0.22660299381 9.67186555817 0.00000000000 0.00000000000 0.00000000000 0.00000000000 0.00000000000 0.00000000000 0.22809260279
0.03690914764 -0.02612275557 0.22659412565 9.67444892626 0.00000000000 0.00000000000 0.00000000000 0.00000000000 0.00000000000 0.00000000000 0.22809492791
0.03692812586 -0.02622017571 0.22658520430 9.67703861064 0.00000000000 0.00000000000 0.00000000000 0.00000000000 0.00000000000 0.00000000000 0.22809724335
0.03694702476 -0.02631760652 0.22657622976 9.67848704084 0.00000000000 0.00000000000 0.00000000000 0.00000000000 0.00000000000 0.00000000000 0.22809954911
0.03696584432 -0.02641504791 0.22656720200 9.67994066803 0.00000000000 0.00000000000 0.00000000000 0.00000000000 0.00000000000 0.00000000000 0.22810184519
0.03698458453 -0.02651249980 0.22655812103 9.68073318412 0.00000000000 0.00000000000 0.00000000000 0.00000000000 0.00000000000 0.00000000000 0.22810413159
0.03700324537 -0.02660996209 0.22654898682 9.68153223229 0.00000000000 0.00000000000 0.00000000000 0.00000000000 0.00000000000 0.00000000000 0.22810640831
0.03702182682 -0.02670743464 0.22653979879 9.87690910149 0.00000000000 0.00000000000 0.00000000000 0.00000000000 0.00000000000 0.00000000000 0.22810867476
0.03704032887 -0.02680491702 0.22653055402 10.08111692281 0.00000000000 0.00000000000 0.00000000000 0.00000000000 0.00000000000 0.00000000000 0.22811092802
0.03705875149 -0.02690240895 0.22652125096 9.62091464410 0.00000000000 0.00000000000 0.00000000000 0.00000000000 0.00000000000 0.00000000000 0.22811316653
0.03707709470 -0.02699991107 0.22651189578 9.21064867155 0.00000000000 0.00000000000 0.00000000000 0.00000000000 0.00000000000 0.00000000000 0.22811539652
0.03709535849 -0.02709742407 0.22650249513 9.23815168878 0.00000000000 0.00000000000 0.00000000000 0.00000000000 0.00000000000 0.00000000000 0.22811762469
0.03711354284 -0.02719494799 0.22649304989 9.26607868956 0.00000000000 0.00000000000 0.00000000000 0.00000000000 0.00000000000 0.00000000000 0.22811985193
0.03713164776 -0.02729248267 0.22648355946 9.29431421985 0.00000000000 0.00000000000 0.00000000000 0.00000000000 0.00000000000 0.00000000000 0.22812207766
0.03714967323 -0.02739002797 0.22647402328 9.32285532668 0.00000000000 0.00000000000 0.00000000000 0.00000000000 0.00000000000 0.00000000000 0.22812430132
