VARIABLES=
"CoordinateX"
"CoordinateY"
"CoordinateZ"
"Kappa1"
"Kappa2"
"dy"
"dz"
"d2x"
"d2y"
"d2z"
"R"
ZONE T="Konrollpunkte"
I=101, J=1, K=1
0.01744400843 0.00216114192 0.22028905054 0.00000000000 0.00000000000 0.00000000000 0.00000000000 0.00000000000 0.00000000000 0.00000000000 0.00000000000
0.01744099376 0.00216438237 0.22028835173 0.00000000000 0.00000000000 0.00000000000 0.00000000000 0.00000000000 0.00000000000 0.00000000000 0.00000000000
0.01743655147 0.00216932087 0.22028732028 0.00000000000 0.00000000000 0.00000000000 0.00000000000 0.00000000000 0.00000000000 0.00000000000 0.00000000000
0.01743079282 0.00217605558 0.22028597974 0.00000000000 0.00000000000 0.00000000000 0.00000000000 0.00000000000 0.00000000000 0.00000000000 0.00000000000
0.01742655723 0.00218118023 0.22028499193 0.00000000000 0.00000000000 0.00000000000 0.00000000000 0.00000000000 0.00000000000 0.00000000000 0.00000000000
0.01742240625 0.00218637705 0.22028402199 0.00000000000 0.00000000000 0.00000000000 0.00000000000 0.00000000000 0.00000000000 0.00000000000 0.00000000000
0.01741834105 0.00219164458 0.22028307021 0.00000000000 0.00000000000 0.00000000000 0.00000000000 0.00000000000 0.00000000000 0.00000000000 0.00000000000
0.01741436278 0.00219698132 0.22028213685 0.00000000000 0.00000000000 0.00000000000 0.00000000000 0.00000000000 0.00000000000 0.00000000000 0.00000000000
0.01741047255 0.00220238577 0.22028122216 0.00000000000 0.00000000000 0.00000000000 0.00000000000 0.00000000000 0.00000000000 0.00000000000 0.00000000000
0.01740667147 0.00220785642 0.22028032640 0.00000000000 0.00000000000 0.00000000000 0.00000000000 0.00000000000 0.00000000000 0.00000000000 0.00000000000
0.01740296062 0.00221339171 0.22027944981 0.00000000000 0.00000000000 0.00000000000 0.00000000000 0.00000000000 0.00000000000 0.00000000000 0.00000000000
0.01739934104 0.00221899009 0.22027859264 0.00000000000 0.00000000000 0.00000000000 0.00000000000 0.00000000000 0.00000000000 0.00000000000 0.00000000000
0.01739581374 0.00222464998 0.22027775513 0.00000000000 0.00000000000 0.00000000000 0.00000000000 0.00000000000 0.00000000000 0.00000000000 0.00000000000
0.01739237974 0.00223036978 0.22027693751 0.00000000000 0.00000000000 0.00000000000 0.00000000000 0.00000000000 0.00000000000 0.00000000000 0.00000000000
0.01738904000 0.00223614789 0.22027614000 0.00000000000 0.00000000000 0.00000000000 0.00000000000 0.00000000000 0.00000000000 0.00000000000 0.00000000000
0.01738579546 0.00224198266 0.22027536283 0.00000000000 0.00000000000 0.00000000000 0.00000000000 0.00000000000 0.00000000000 0.00000000000 0.00000000000
0.01738264704 0.00224787246 0.22027460621 0.00000000000 0.00000000000 0.00000000000 0.00000000000 0.00000000000 0.00000000000 0.00000000000 0.00000000000
0.01737959563 0.00225381563 0.22027387034 0.00000000000 0.00000000000 0.00000000000 0.00000000000 0.00000000000 0.00000000000 0.00000000000 0.00000000000
0.01737664209 0.00225981048 0.22027315544 0.00000000000 0.00000000000 0.00000000000 0.00000000000 0.00000000000 0.00000000000 0.00000000000 0.00000000000
0.01737378726 0.00226585534 0.22027246170 0.00000000000 0.00000000000 0.00000000000 0.00000000000 0.00000000000 0.00000000000 0.00000000000 0.00000000000
0.01737103194 0.00227194849 0.22027178932 0.00000000000 0.00000000000 0.00000000000 0.00000000000 0.00000000000 0.00000000000 0.00000000000 0.00000000000
0.01736837691 0.00227808821 0.22027113847 0.00000000000 0.00000000000 0.00000000000 0.00000000000 0.00000000000 0.00000000000 0.00000000000 0.00000000000
0.01736582292 0.00228427278 0.22027050935 0.00000000000 0.00000000000 0.00000000000 0.00000000000 0.00000000000 0.00000000000 0.00000000000 0.00000000000
0.01736337070 0.00229050046 0.22026990211 0.00000000000 0.00000000000 0.00000000000 0.00000000000 0.00000000000 0.00000000000 0.00000000000 0.00000000000
0.01736102094 0.00229676948 0.22026931694 0.00000000000 0.00000000000 0.00000000000 0.00000000000 0.00000000000 0.00000000000 0.00000000000 0.00000000000
0.01735877429 0.00230307807 0.22026875399 0.00000000000 0.00000000000 0.00000000000 0.00000000000 0.00000000000 0.00000000000 0.00000000000 0.00000000000
0.01735663141 0.00230942447 0.22026821342 0.00000000000 0.00000000000 0.00000000000 0.00000000000 0.00000000000 0.00000000000 0.00000000000 0.00000000000
0.01735459288 0.00231580687 0.22026769538 0.00000000000 0.00000000000 0.00000000000 0.00000000000 0.00000000000 0.00000000000 0.00000000000 0.00000000000
0.01735265930 0.00232222348 0.22026720001 0.00000000000 0.00000000000 0.00000000000 0.00000000000 0.00000000000 0.00000000000 0.00000000000 0.00000000000
0.01735083120 0.00232867249 0.22026672745 0.00000000000 0.00000000000 0.00000000000 0.00000000000 0.00000000000 0.00000000000 0.00000000000 0.00000000000
0.01734910911 0.00233515209 0.22026627784 0.00000000000 0.00000000000 0.00000000000 0.00000000000 0.00000000000 0.00000000000 0.00000000000 0.00000000000
0.01734749351 0.00234166043 0.22026585128 0.00000000000 0.00000000000 0.00000000000 0.00000000000 0.00000000000 0.00000000000 0.00000000000 0.00000000000
0.01734598485 0.00234819569 0.22026544792 0.00000000000 0.00000000000 0.00000000000 0.00000000000 0.00000000000 0.00000000000 0.00000000000 0.00000000000
0.01734458358 0.00235475603 0.22026506784 0.00000000000 0.00000000000 0.00000000000 0.00000000000 0.00000000000 0.00000000000 0.00000000000 0.00000000000
0.01734329007 0.00236133959 0.22026471117 0.00000000000 0.00000000000 0.00000000000 0.00000000000 0.00000000000 0.00000000000 0.00000000000 0.00000000000
0.01734210471 0.00236794452 0.22026437799 0.00000000000 0.00000000000 0.00000000000 0.00000000000 0.00000000000 0.00000000000 0.00000000000 0.00000000000
0.01734102782 0.00237456895 0.22026406841 0.00000000000 0.00000000000 0.00000000000 0.00000000000 0.00000000000 0.00000000000 0.00000000000 0.00000000000
0.01734005971 0.00238121102 0.22026378251 0.00000000000 0.00000000000 0.00000000000 0.00000000000 0.00000000000 0.00000000000 0.00000000000 0.00000000000
0.01733920066 0.00238786885 0.22026352036 0.00000000000 0.00000000000 0.00000000000 0.00000000000 0.00000000000 0.00000000000 0.00000000000 0.00000000000
0.01733845090 0.00239454057 0.22026328205 0.00000000000 0.00000000000 0.00000000000 0.00000000000 0.00000000000 0.00000000000 0.00000000000 0.00000000000
0.01733781066 0.00240122428 0.22026306763 0.00000000000 0.00000000000 0.00000000000 0.00000000000 0.00000000000 0.00000000000 0.00000000000 0.00000000000
0.01733728011 0.00240791812 0.22026287717 0.00000000000 0.00000000000 0.00000000000 0.00000000000 0.00000000000 0.00000000000 0.00000000000 0.00000000000
0.01733685941 0.00241462018 0.22026271072 0.00000000000 0.00000000000 0.00000000000 0.00000000000 0.00000000000 0.00000000000 0.00000000000 0.00000000000
0.01733654868 0.00242132859 0.22026256832 0.00000000000 0.00000000000 0.00000000000 0.00000000000 0.00000000000 0.00000000000 0.00000000000 0.00000000000
0.01733634800 0.00242804144 0.22026245002 0.00000000000 0.00000000000 0.00000000000 0.00000000000 0.00000000000 0.00000000000 0.00000000000 0.00000000000
0.01733625743 0.00243475684 0.22026235586 0.00000000000 0.00000000000 0.00000000000 0.00000000000 0.00000000000 0.00000000000 0.00000000000 0.00000000000
0.01733627701 0.00244147291 0.22026228585 0.00000000000 0.00000000000 0.00000000000 0.00000000000 0.00000000000 0.00000000000 0.00000000000 0.00000000000
0.01733640672 0.00244818773 0.22026224001 0.00000000000 0.00000000000 0.00000000000 0.00000000000 0.00000000000 0.00000000000 0.00000000000 0.00000000000
0.01733664654 0.00245489943 0.22026221837 0.00000000000 0.00000000000 0.00000000000 0.00000000000 0.00000000000 0.00000000000 0.00000000000 0.00000000000
0.01733699639 0.00246160610 0.22026222093 0.00000000000 0.00000000000 0.00000000000 0.00000000000 0.00000000000 0.00000000000 0.00000000000 0.00000000000
0.01733745619 0.00246830586 0.22026224768 0.00000000000 0.00000000000 0.00000000000 0.00000000000 0.00000000000 0.00000000000 0.00000000000 0.00000000000
0.01733802579 0.00247499681 0.22026229863 0.00000000000 0.00000000000 0.00000000000 0.00000000000 0.00000000000 0.00000000000 0.00000000000 0.00000000000
0.01733870504 0.00248167707 0.22026237375 0.00000000000 0.00000000000 0.00000000000 0.00000000000 0.00000000000 0.00000000000 0.00000000000 0.00000000000
0.01733949376 0.00248834476 0.22026247304 0.00000000000 0.00000000000 0.00000000000 0.00000000000 0.00000000000 0.00000000000 0.00000000000 0.00000000000
0.01734039172 0.00249499798 0.22026259645 0.00000000000 0.00000000000 0.00000000000 0.00000000000 0.00000000000 0.00000000000 0.00000000000 0.00000000000
0.01734139867 0.00250163487 0.22026274397 0.00000000000 0.00000000000 0.00000000000 0.00000000000 0.00000000000 0.00000000000 0.00000000000 0.00000000000
0.01734251433 0.00250825355 0.22026291554 0.00000000000 0.00000000000 0.00000000000 0.00000000000 0.00000000000 0.00000000000 0.00000000000 0.00000000000
0.01734373838 0.00251485215 0.22026311113 0.00000000000 0.00000000000 0.00000000000 0.00000000000 0.00000000000 0.00000000000 0.00000000000 0.00000000000
0.01734507048 0.00252142882 0.22026333068 0.00000000000 0.00000000000 0.00000000000 0.00000000000 0.00000000000 0.00000000000 0.00000000000 0.00000000000
0.01734651026 0.00252798170 0.22026357413 0.00000000000 0.00000000000 0.00000000000 0.00000000000 0.00000000000 0.00000000000 0.00000000000 0.00000000000
0.01734805731 0.00253450893 0.22026384141 0.00000000000 0.00000000000 0.00000000000 0.00000000000 0.00000000000 0.00000000000 0.00000000000 0.00000000000
0.01734971120 0.00254100868 0.22026413246 0.00000000000 0.00000000000 0.00000000000 0.00000000000 0.00000000000 0.00000000000 0.00000000000 0.00000000000
0.01735147145 0.00254747911 0.22026444719 0.00000000000 0.00000000000 0.00000000000 0.00000000000 0.00000000000 0.00000000000 0.00000000000 0.00000000000
0.01735333759 0.00255391840 0.22026478551 0.00000000000 0.00000000000 0.00000000000 0.00000000000 0.00000000000 0.00000000000 0.00000000000 0.00000000000
0.01735530908 0.00256032474 0.22026514735 0.00000000000 0.00000000000 0.00000000000 0.00000000000 0.00000000000 0.00000000000 0.00000000000 0.00000000000
0.01735738537 0.00256669630 0.22026553258 0.00000000000 0.00000000000 0.00000000000 0.00000000000 0.00000000000 0.00000000000 0.00000000000 0.00000000000
0.01735956587 0.00257303130 0.22026594112 0.00000000000 0.00000000000 0.00000000000 0.00000000000 0.00000000000 0.00000000000 0.00000000000 0.00000000000
0.01736184997 0.00257932794 0.22026637285 0.00000000000 0.00000000000 0.00000000000 0.00000000000 0.00000000000 0.00000000000 0.00000000000 0.00000000000
0.01736423703 0.00258558446 0.22026682765 0.00000000000 0.00000000000 0.00000000000 0.00000000000 0.00000000000 0.00000000000 0.00000000000 0.00000000000
0.01736672637 0.00259179908 0.22026730540 0.00000000000 0.00000000000 0.00000000000 0.00000000000 0.00000000000 0.00000000000 0.00000000000 0.00000000000
0.01736931730 0.00259797006 0.22026780596 0.00000000000 0.00000000000 0.00000000000 0.00000000000 0.00000000000 0.00000000000 0.00000000000 0.00000000000
0.01737200909 0.00260409564 0.22026832920 0.00000000000 0.00000000000 0.00000000000 0.00000000000 0.00000000000 0.00000000000 0.00000000000 0.00000000000
0.01737480097 0.00261017411 0.22026887498 0.00000000000 0.00000000000 0.00000000000 0.00000000000 0.00000000000 0.00000000000 0.00000000000 0.00000000000
0.01737769216 0.00261620374 0.22026944314 0.00000000000 0.00000000000 0.00000000000 0.00000000000 0.00000000000 0.00000000000 0.00000000000 0.00000000000
0.01738068185 0.00262218283 0.22027003354 0.00000000000 0.00000000000 0.00000000000 0.00000000000 0.00000000000 0.00000000000 0.00000000000 0.00000000000
0.01738376920 0.00262810971 0.22027064600 0.00000000000 0.00000000000 0.00000000000 0.00000000000 0.00000000000 0.00000000000 0.00000000000 0.00000000000
0.01738695334 0.00263398269 0.22027128036 0.00000000000 0.00000000000 0.00000000000 0.00000000000 0.00000000000 0.00000000000 0.00000000000 0.00000000000
0.01739023336 0.00263980011 0.22027193645 0.00000000000 0.00000000000 0.00000000000 0.00000000000 0.00000000000 0.00000000000 0.00000000000 0.00000000000
0.01739360835 0.00264556034 0.22027261409 0.00000000000 0.00000000000 0.00000000000 0.00000000000 0.00000000000 0.00000000000 0.00000000000 0.00000000000
0.01739707735 0.00265126175 0.22027331308 0.00000000000 0.00000000000 0.00000000000 0.00000000000 0.00000000000 0.00000000000 0.00000000000 0.00000000000
0.01740063940 0.00265690273 0.22027403324 0.00000000000 0.00000000000 0.00000000000 0.00000000000 0.00000000000 0.00000000000 0.00000000000 0.00000000000
0.01740429347 0.00266248169 0.22027477437 0.00000000000 0.00000000000 0.00000000000 0.00000000000 0.00000000000 0.00000000000 0.00000000000 0.00000000000
0.01740803855 0.00266799705 0.22027553626 0.00000000000 0.00000000000 0.00000000000 0.00000000000 0.00000000000 0.00000000000 0.00000000000 0.00000000000
0.01741187359 0.00267344726 0.22027631871 0.00000000000 0.00000000000 0.00000000000 0.00000000000 0.00000000000 0.00000000000 0.00000000000 0.00000000000
0.01741579749 0.00267883078 0.22027712150 0.00000000000 0.00000000000 0.00000000000 0.00000000000 0.00000000000 0.00000000000 0.00000000000 0.00000000000
0.01741980915 0.00268414608 0.22027794441 0.00000000000 0.00000000000 0.00000000000 0.00000000000 0.00000000000 0.00000000000 0.00000000000 0.00000000000
0.01742390745 0.00268939168 0.22027878721 0.00000000000 0.00000000000 0.00000000000 0.00000000000 0.00000000000 0.00000000000 0.00000000000 0.00000000000
0.01742809123 0.00269456608 0.22027964967 0.00000000000 0.00000000000 0.00000000000 0.00000000000 0.00000000000 0.00000000000 0.00000000000 0.00000000000
0.01743235931 0.00269966783 0.22028053155 0.00000000000 0.00000000000 0.00000000000 0.00000000000 0.00000000000 0.00000000000 0.00000000000 0.00000000000
0.01743671049 0.00270469549 0.22028143261 0.00000000000 0.00000000000 0.00000000000 0.00000000000 0.00000000000 0.00000000000 0.00000000000 0.00000000000
0.01744114353 0.00270964763 0.22028235260 0.00000000000 0.00000000000 0.00000000000 0.00000000000 0.00000000000 0.00000000000 0.00000000000 0.00000000000
0.01744565720 0.00271452287 0.22028329126 0.00000000000 0.00000000000 0.00000000000 0.00000000000 0.00000000000 0.00000000000 0.00000000000 0.00000000000
0.01745025022 0.00271931981 0.22028424834 0.00000000000 0.00000000000 0.00000000000 0.00000000000 0.00000000000 0.00000000000 0.00000000000 0.00000000000
0.01745492129 0.00272403712 0.22028522357 0.00000000000 0.00000000000 0.00000000000 0.00000000000 0.00000000000 0.00000000000 0.00000000000 0.00000000000
0.01745966910 0.00272867345 0.22028621668 0.00000000000 0.00000000000 0.00000000000 0.00000000000 0.00000000000 0.00000000000 0.00000000000 0.00000000000
0.01746449232 0.00273322751 0.22028722740 0.00000000000 0.00000000000 0.00000000000 0.00000000000 0.00000000000 0.00000000000 0.00000000000 0.00000000000
0.01746938957 0.00273769799 0.22028825545 0.00000000000 0.00000000000 0.00000000000 0.00000000000 0.00000000000 0.00000000000 0.00000000000 0.00000000000
0.01747435949 0.00274208365 0.22028930054 0.00000000000 0.00000000000 0.00000000000 0.00000000000 0.00000000000 0.00000000000 0.00000000000 0.00000000000
0.01748108106 0.00274781644 0.22029071631 0.00000000000 0.00000000000 0.00000000000 0.00000000000 0.00000000000 0.00000000000 0.00000000000 0.00000000000
0.01748622698 0.00275198509 0.22029180285 0.00000000000 0.00000000000 0.00000000000 0.00000000000 0.00000000000 0.00000000000 0.00000000000 0.00000000000
0.01748970223 0.00275470441 0.22029253779 0.00000000000 0.00000000000 0.00000000000 0.00000000000 0.00000000000 0.00000000000 0.00000000000 0.00000000000
ZONE T="NURB"
I=201, J=1, K=1
0.01744400843 0.00216114192 0.22028905054 2493.85196135632 0.00000000000 0.00000000000 0.00000000000 0.00000000000 0.00000000000 0.00000000000 0.22029965121
0.01744175783 0.00216358151 0.22028852863 2493.47239423424 0.00000000000 0.00000000000 0.00000000000 0.00000000000 0.00000000000 0.00000000000 0.22029915327
0.01743952730 0.00216604037 0.22028801094 2493.27208911569 0.00000000000 0.00000000000 0.00000000000 0.00000000000 0.00000000000 0.00000000000 0.22029865977
0.01743731701 0.00216851834 0.22028749753 2493.25115766530 0.00000000000 0.00000000000 0.00000000000 0.00000000000 0.00000000000 0.00000000000 0.22029817076
0.01743512709 0.00217101523 0.22028698841 2493.40960049964 0.00000000000 0.00000000000 0.00000000000 0.00000000000 0.00000000000 0.00000000000 0.22029768626
0.01743295772 0.00217353087 0.22028648363 2493.22720338228 0.00000000000 0.00000000000 0.00000000000 0.00000000000 0.00000000000 0.00000000000 0.22029720631
0.01743080904 0.00217606509 0.22028598322 2493.19942946025 0.00000000000 0.00000000000 0.00000000000 0.00000000000 0.00000000000 0.00000000000 0.22029673093
0.01742868120 0.00217861771 0.22028548720 2493.13818535406 0.00000000000 0.00000000000 0.00000000000 0.00000000000 0.00000000000 0.00000000000 0.22029626017
0.01742657434 0.00218118856 0.22028499561 2493.26345298600 0.00000000000 0.00000000000 0.00000000000 0.00000000000 0.00000000000 0.00000000000 0.22029579405
0.01742448863 0.00218377744 0.22028450849 2493.17205898924 0.00000000000 0.00000000000 0.00000000000 0.00000000000 0.00000000000 0.00000000000 0.22029533260
0.01742242420 0.00218638419 0.22028402587 2493.25801677808 0.00000000000 0.00000000000 0.00000000000 0.00000000000 0.00000000000 0.00000000000 0.22029487586
0.01742038120 0.00218900861 0.22028354779 2493.17278518887 0.00000000000 0.00000000000 0.00000000000 0.00000000000 0.00000000000 0.00000000000 0.22029442387
0.01741835978 0.00219165052 0.22028307428 2493.26486063090 0.00000000000 0.00000000000 0.00000000000 0.00000000000 0.00000000000 0.00000000000 0.22029397664
0.01741636009 0.00219430973 0.22028260537 2493.18358867998 0.00000000000 0.00000000000 0.00000000000 0.00000000000 0.00000000000 0.00000000000 0.22029353423
0.01741438225 0.00219698606 0.22028214109 2493.27950709512 0.00000000000 0.00000000000 0.00000000000 0.00000000000 0.00000000000 0.00000000000 0.22029309665
0.01741242641 0.00219967931 0.22028168148 2493.20281541068 0.00000000000 0.00000000000 0.00000000000 0.00000000000 0.00000000000 0.00000000000 0.22029266393
0.01741049271 0.00220238931 0.22028122656 2493.30320280591 0.00000000000 0.00000000000 0.00000000000 0.00000000000 0.00000000000 0.00000000000 0.22029223612
0.01740858129 0.00220511585 0.22028077638 2493.23093941984 0.00000000000 0.00000000000 0.00000000000 0.00000000000 0.00000000000 0.00000000000 0.22029181323
0.01740669227 0.00220785875 0.22028033095 2493.33564250395 0.00000000000 0.00000000000 0.00000000000 0.00000000000 0.00000000000 0.00000000000 0.22029139530
0.01740482581 0.00221061781 0.22027989032 2493.26785298952 0.00000000000 0.00000000000 0.00000000000 0.00000000000 0.00000000000 0.00000000000 0.22029098236
0.01740298201 0.00221339284 0.22027945451 2493.37692021666 0.00000000000 0.00000000000 0.00000000000 0.00000000000 0.00000000000 0.00000000000 0.22029057444
0.01740116103 0.00221618364 0.22027902355 2493.31359555964 0.00000000000 0.00000000000 0.00000000000 0.00000000000 0.00000000000 0.00000000000 0.22029017156
0.01739936298 0.00221899001 0.22027859748 2493.42701763769 0.00000000000 0.00000000000 0.00000000000 0.00000000000 0.00000000000 0.00000000000 0.22028977376
0.01739758799 0.00222181177 0.22027817631 2493.36815343423 0.00000000000 0.00000000000 0.00000000000 0.00000000000 0.00000000000 0.00000000000 0.22028938106
0.01739583618 0.00222464870 0.22027776009 2493.48592746682 0.00000000000 0.00000000000 0.00000000000 0.00000000000 0.00000000000 0.00000000000 0.22028899349
0.01739410769 0.00222750062 0.22027734883 2493.43151632234 0.00000000000 0.00000000000 0.00000000000 0.00000000000 0.00000000000 0.00000000000 0.22028861107
0.01739240263 0.00223036731 0.22027694258 2493.55363683936 0.00000000000 0.00000000000 0.00000000000 0.00000000000 0.00000000000 0.00000000000 0.22028823384
0.01739072113 0.00223324858 0.22027654135 2493.50366169148 0.00000000000 0.00000000000 0.00000000000 0.00000000000 0.00000000000 0.00000000000 0.22028786182
0.01738906330 0.00223614422 0.22027614517 2493.63011158675 0.00000000000 0.00000000000 0.00000000000 0.00000000000 0.00000000000 0.00000000000 0.22028749504
0.01738742926 0.00223905404 0.22027575407 2493.58455674378 0.00000000000 0.00000000000 0.00000000000 0.00000000000 0.00000000000 0.00000000000 0.22028713352
0.01738581912 0.00224197781 0.22027536809 2493.71532046671 0.00000000000 0.00000000000 0.00000000000 0.00000000000 0.00000000000 0.00000000000 0.22028677729
0.01738423301 0.00224491535 0.22027498724 2493.67416207309 0.00000000000 0.00000000000 0.00000000000 0.00000000000 0.00000000000 0.00000000000 0.22028642638
0.01738267102 0.00224786644 0.22027461155 2493.80921696811 0.00000000000 0.00000000000 0.00000000000 0.00000000000 0.00000000000 0.00000000000 0.22028608080
0.01738113328 0.00225083088 0.22027424105 2493.77242529684 0.00000000000 0.00000000000 0.00000000000 0.00000000000 0.00000000000 0.00000000000 0.22028574059
0.01737961989 0.00225380844 0.22027387576 2493.91174307734 0.00000000000 0.00000000000 0.00000000000 0.00000000000 0.00000000000 0.00000000000 0.22028540577
0.01737813095 0.00225679894 0.22027351571 2493.87928492015 0.00000000000 0.00000000000 0.00000000000 0.00000000000 0.00000000000 0.00000000000 0.22028507635
0.01737666658 0.00225980215 0.22027316092 2494.02283370209 0.00000000000 0.00000000000 0.00000000000 0.00000000000 0.00000000000 0.00000000000 0.22028475237
0.01737522688 0.00226281786 0.22027281142 2493.99467080039 0.00000000000 0.00000000000 0.00000000000 0.00000000000 0.00000000000 0.00000000000 0.22028443385
0.01737381194 0.00226584587 0.22027246723 2494.14241193365 0.00000000000 0.00000000000 0.00000000000 0.00000000000 0.00000000000 0.00000000000 0.22028412081
0.01737242187 0.00226888595 0.22027212838 2494.11850198448 0.00000000000 0.00000000000 0.00000000000 0.00000000000 0.00000000000 0.00000000000 0.22028381327
0.01737105677 0.00227193789 0.22027179489 2494.27039381733 0.00000000000 0.00000000000 0.00000000000 0.00000000000 0.00000000000 0.00000000000 0.22028351125
0.01736971674 0.00227500148 0.22027146679 2494.25068607556 0.00000000000 0.00000000000 0.00000000000 0.00000000000 0.00000000000 0.00000000000 0.22028321478
0.01736840186 0.00227807651 0.22027114408 2494.40667911406 0.00000000000 0.00000000000 0.00000000000 0.00000000000 0.00000000000 0.00000000000 0.22028292387
0.01736711223 0.00228116275 0.22027082681 2494.39112224318 0.00000000000 0.00000000000 0.00000000000 0.00000000000 0.00000000000 0.00000000000 0.22028263855
0.01736584794 0.00228425999 0.22027051498 2494.55116617372 0.00000000000 0.00000000000 0.00000000000 0.00000000000 0.00000000000 0.00000000000 0.22028235884
0.01736460909 0.00228736801 0.22027020863 2494.53969916400 0.00000000000 0.00000000000 0.00000000000 0.00000000000 0.00000000000 0.00000000000 0.22028208475
0.01736339575 0.00229048659 0.22026990777 2494.70373366799 0.00000000000 0.00000000000 0.00000000000 0.00000000000 0.00000000000 0.00000000000 0.22028181631
0.01736220803 0.00229361551 0.22026961242 2494.69629375788 0.00000000000 0.00000000000 0.00000000000 0.00000000000 0.00000000000 0.00000000000 0.22028155354
0.01736104599 0.00229675455 0.22026932261 2494.86425724291 0.00000000000 0.00000000000 0.00000000000 0.00000000000 0.00000000000 0.00000000000 0.22028129645
0.01735990972 0.00229990349 0.22026903835 2494.86077348152 0.00000000000 0.00000000000 0.00000000000 0.00000000000 0.00000000000 0.00000000000 0.22028104506
0.01735879931 0.00230306211 0.22026875966 2495.03259471409 0.00000000000 0.00000000000 0.00000000000 0.00000000000 0.00000000000 0.00000000000 0.22028079939
0.01735771482 0.00230623019 0.22026848657 2495.03299507027 0.00000000000 0.00000000000 0.00000000000 0.00000000000 0.00000000000 0.00000000000 0.22028055945
0.01735665635 0.00230940749 0.22026821909 2495.20860286126 0.00000000000 0.00000000000 0.00000000000 0.00000000000 0.00000000000 0.00000000000 0.22028032527
0.01735562395 0.00231259381 0.22026795724 2495.21280504665 0.00000000000 0.00000000000 0.00000000000 0.00000000000 0.00000000000 0.00000000000 0.22028009687
0.01735461772 0.00231578891 0.22026770103 2495.39211801769 0.00000000000 0.00000000000 0.00000000000 0.00000000000 0.00000000000 0.00000000000 0.22027987424
0.01735363771 0.00231899256 0.22026745050 2495.40003945804 0.00000000000 0.00000000000 0.00000000000 0.00000000000 0.00000000000 0.00000000000 0.22027965743
0.01735268400 0.00232220455 0.22026720565 2495.58297568019 0.00000000000 0.00000000000 0.00000000000 0.00000000000 0.00000000000 0.00000000000 0.22027944642
0.01735175665 0.00232542464 0.22026696649 2495.59452449467 0.00000000000 0.00000000000 0.00000000000 0.00000000000 0.00000000000 0.00000000000 0.22027924126
0.01735085573 0.00232865262 0.22026673306 2495.78099277716 0.00000000000 0.00000000000 0.00000000000 0.00000000000 0.00000000000 0.00000000000 0.22027904194
0.01734998130 0.00233188824 0.22026650536 2495.79607593297 0.00000000000 0.00000000000 0.00000000000 0.00000000000 0.00000000000 0.00000000000 0.22027884848
0.01734913343 0.00233513129 0.22026628341 2495.98598365611 0.00000000000 0.00000000000 0.00000000000 0.00000000000 0.00000000000 0.00000000000 0.22027866089
0.01734831218 0.00233838153 0.22026606722 2496.00449745027 0.00000000000 0.00000000000 0.00000000000 0.00000000000 0.00000000000 0.00000000000 0.22027847920
0.01734751760 0.00234163874 0.22026585681 2496.19774154737 0.00000000000 0.00000000000 0.00000000000 0.00000000000 0.00000000000 0.00000000000 0.22027830340
0.01734674975 0.00234490269 0.22026565220 2496.21958370754 0.00000000000 0.00000000000 0.00000000000 0.00000000000 0.00000000000 0.00000000000 0.22027813352
0.01734600869 0.00234817314 0.22026545340 2496.41606334472 0.00000000000 0.00000000000 0.00000000000 0.00000000000 0.00000000000 0.00000000000 0.22027796957
0.01734529447 0.00235144986 0.22026526042 2496.44112072882 0.00000000000 0.00000000000 0.00000000000 0.00000000000 0.00000000000 0.00000000000 0.22027781155
0.01734460713 0.00235473263 0.22026507327 2496.64072358959 0.00000000000 0.00000000000 0.00000000000 0.00000000000 0.00000000000 0.00000000000 0.22027765949
0.01734394673 0.00235802122 0.22026489197 2496.66888223910 0.00000000000 0.00000000000 0.00000000000 0.00000000000 0.00000000000 0.00000000000 0.22027751338
0.01734331332 0.00236131538 0.22026471654 2496.87149531566 0.00000000000 0.00000000000 0.00000000000 0.00000000000 0.00000000000 0.00000000000 0.22027737324
0.01734270693 0.00236461490 0.22026454697 2496.90263367791 0.00000000000 0.00000000000 0.00000000000 0.00000000000 0.00000000000 0.00000000000 0.22027723908
0.01734212762 0.00236791953 0.22026438330 2497.10813725283 0.00000000000 0.00000000000 0.00000000000 0.00000000000 0.00000000000 0.00000000000 0.22027711091
0.01734157542 0.00237122905 0.22026422552 2497.14212942890 0.00000000000 0.00000000000 0.00000000000 0.00000000000 0.00000000000 0.00000000000 0.22027698874
0.01734105037 0.00237454321 0.22026407365 2497.35039689707 0.00000000000 0.00000000000 0.00000000000 0.00000000000 0.00000000000 0.00000000000 0.22027687258
0.01734055251 0.00237786179 0.22026392769 2497.38711599932 0.00000000000 0.00000000000 0.00000000000 0.00000000000 0.00000000000 0.00000000000 0.22027676243
0.01734008188 0.00238118456 0.22026378767 2497.59802141498 0.00000000000 0.00000000000 0.00000000000 0.00000000000 0.00000000000 0.00000000000 0.22027665831
0.01733963851 0.00238451127 0.22026365358 2497.63732960612 0.00000000000 0.00000000000 0.00000000000 0.00000000000 0.00000000000 0.00000000000 0.22027656022
0.01733922243 0.00238784170 0.22026352544 2497.85073698954 0.00000000000 0.00000000000 0.00000000000 0.00000000000 0.00000000000 0.00000000000 0.22027646816
0.01733883367 0.00239117560 0.22026340326 2497.89249608680 0.00000000000 0.00000000000 0.00000000000 0.00000000000 0.00000000000 0.00000000000 0.22027638215
0.01733847226 0.00239451275 0.22026328704 2498.10826711596 0.00000000000 0.00000000000 0.00000000000 0.00000000000 0.00000000000 0.00000000000 0.22027630220
0.01733813822 0.00239785291 0.22026317680 2498.15233425006 0.00000000000 0.00000000000 0.00000000000 0.00000000000 0.00000000000 0.00000000000 0.22027622829
0.01733783158 0.00240119584 0.22026307253 2498.37032834995 0.00000000000 0.00000000000 0.00000000000 0.00000000000 0.00000000000 0.00000000000 0.22027616045
0.01733755236 0.00240454131 0.22026297426 2498.41655401799 0.00000000000 0.00000000000 0.00000000000 0.00000000000 0.00000000000 0.00000000000 0.22027609868
0.01733730058 0.00240788909 0.22026288198 2498.63662162011 0.00000000000 0.00000000000 0.00000000000 0.00000000000 0.00000000000 0.00000000000 0.22027604297
0.01733707626 0.00241123892 0.22026279570 2498.68485561458 0.00000000000 0.00000000000 0.00000000000 0.00000000000 0.00000000000 0.00000000000 0.22027599334
0.01733687941 0.00241459059 0.22026271543 2498.90684875246 0.00000000000 0.00000000000 0.00000000000 0.00000000000 0.00000000000 0.00000000000 0.22027594979
0.01733671005 0.00241794385 0.22026264117 2498.95693238787 0.00000000000 0.00000000000 0.00000000000 0.00000000000 0.00000000000 0.00000000000 0.22027591232
0.01733656820 0.00242129846 0.22026257294 2499.18069270419 0.00000000000 0.00000000000 0.00000000000 0.00000000000 0.00000000000 0.00000000000 0.22027588094
0.01733645385 0.00242465420 0.22026251072 2499.23246823256 0.00000000000 0.00000000000 0.00000000000 0.00000000000 0.00000000000 0.00000000000 0.22027585564
0.01733636703 0.00242801082 0.22026245454 2499.45783976843 0.00000000000 0.00000000000 0.00000000000 0.00000000000 0.00000000000 0.00000000000 0.22027583643
0.01733630773 0.00243136808 0.22026240438 2499.51114273768 0.00000000000 0.00000000000 0.00000000000 0.00000000000 0.00000000000 0.00000000000 0.22027582331
0.01733627596 0.00243472576 0.22026236026 2499.73796295145 0.00000000000 0.00000000000 0.00000000000 0.00000000000 0.00000000000 0.00000000000 0.22027581628
0.01733627172 0.00243808361 0.22026232219 2499.79262406994 0.00000000000 0.00000000000 0.00000000000 0.00000000000 0.00000000000 0.00000000000 0.22027581535
0.01733629502 0.00244144139 0.22026229015 2500.02072414573 0.00000000000 0.00000000000 0.00000000000 0.00000000000 0.00000000000 0.00000000000 0.22027582050
0.01733634585 0.00244479888 0.22026226415 2500.07657633809 0.00000000000 0.00000000000 0.00000000000 0.00000000000 0.00000000000 0.00000000000 0.22027583175
0.01733642421 0.00244815583 0.22026224420 2500.30579044475 0.00000000000 0.00000000000 0.00000000000 0.00000000000 0.00000000000 0.00000000000 0.22027584908
0.01733653010 0.00245151200 0.22026223030 2500.36265694181 0.00000000000 0.00000000000 0.00000000000 0.00000000000 0.00000000000 0.00000000000 0.22027587251
0.01733666350 0.00245486716 0.22026222245 2500.59280989446 0.00000000000 0.00000000000 0.00000000000 0.00000000000 0.00000000000 0.00000000000 0.22027590202
0.01733682441 0.00245822108 0.22026222065 2500.65051531672 0.00000000000 0.00000000000 0.00000000000 0.00000000000 0.00000000000 0.00000000000 0.22027593762
0.01733701282 0.00246157351 0.22026222489 2500.88143427609 0.00000000000 0.00000000000 0.00000000000 0.00000000000 0.00000000000 0.00000000000 0.22027597931
0.01733722871 0.00246492423 0.22026223519 2500.93979727434 0.00000000000 0.00000000000 0.00000000000 0.00000000000 0.00000000000 0.00000000000 0.22027602707
0.01733747207 0.00246827298 0.22026225153 2501.17130297089 0.00000000000 0.00000000000 0.00000000000 0.00000000000 0.00000000000 0.00000000000 0.22027608091
0.01733774289 0.00247161954 0.22026227393 2501.23014371892 0.00000000000 0.00000000000 0.00000000000 0.00000000000 0.00000000000 0.00000000000 0.22027614083
0.01733804114 0.00247496368 0.22026230236 2501.46205742268 0.00000000000 0.00000000000 0.00000000000 0.00000000000 0.00000000000 0.00000000000 0.22027620681
0.01733836680 0.00247830515 0.22026233685 2501.52118757846 0.00000000000 0.00000000000 0.00000000000 0.00000000000 0.00000000000 0.00000000000 0.22027627886
0.01733871985 0.00248164371 0.22026237737 2501.75332317499 0.00000000000 0.00000000000 0.00000000000 0.00000000000 0.00000000000 0.00000000000 0.22027635697
0.01733910027 0.00248497915 0.22026242394 2501.81255975763 0.00000000000 0.00000000000 0.00000000000 0.00000000000 0.00000000000 0.00000000000 0.22027644114
0.01733950803 0.00248831121 0.22026247654 2502.04473528368 0.00000000000 0.00000000000 0.00000000000 0.00000000000 0.00000000000 0.00000000000 0.22027653135
0.01733994310 0.00249163966 0.22026253517 2502.10388842308 0.00000000000 0.00000000000 0.00000000000 0.00000000000 0.00000000000 0.00000000000 0.22027662761
0.01734040545 0.00249496428 0.22026259984 2502.33591564463 0.00000000000 0.00000000000 0.00000000000 0.00000000000 0.00000000000 0.00000000000 0.22027672990
0.01734089505 0.00249828482 0.22026267053 2502.39479416203 0.00000000000 0.00000000000 0.00000000000 0.00000000000 0.00000000000 0.00000000000 0.22027683822
0.01734141186 0.00250160105 0.22026274724 2502.62648541781 0.00000000000 0.00000000000 0.00000000000 0.00000000000 0.00000000000 0.00000000000 0.22027695256
0.01734195585 0.00250491273 0.22026282996 2502.68489964613 0.00000000000 0.00000000000 0.00000000000 0.00000000000 0.00000000000 0.00000000000 0.22027707291
0.01734252698 0.00250821964 0.22026291870 2502.91606651906 0.00000000000 0.00000000000 0.00000000000 0.00000000000 0.00000000000 0.00000000000 0.22027719927
0.01734312522 0.00251152154 0.22026301343 2502.97382154632 0.00000000000 0.00000000000 0.00000000000 0.00000000000 0.00000000000 0.00000000000 0.22027733162
0.01734375051 0.00251481819 0.22026311417 2503.20427170369 0.00000000000 0.00000000000 0.00000000000 0.00000000000 0.00000000000 0.00000000000 0.22027746996
0.01734440282 0.00251810937 0.22026322089 2503.26117478605 0.00000000000 0.00000000000 0.00000000000 0.00000000000 0.00000000000 0.00000000000 0.22027761428
0.01734508209 0.00252139484 0.22026333360 2503.49071868807 0.00000000000 0.00000000000 0.00000000000 0.00000000000 0.00000000000 0.00000000000 0.22027776457
0.01734578829 0.00252467437 0.22026345229 2503.54657475101 0.00000000000 0.00000000000 0.00000000000 0.00000000000 0.00000000000 0.00000000000 0.22027792081
0.01734652136 0.00252794773 0.22026357694 2503.77501944618 0.00000000000 0.00000000000 0.00000000000 0.00000000000 0.00000000000 0.00000000000 0.22027808299
0.01734728125 0.00253121469 0.22026370755 2503.82963458158 0.00000000000 0.00000000000 0.00000000000 0.00000000000 0.00000000000 0.00000000000 0.22027825111
0.01734806791 0.00253447501 0.22026384411 2504.05678817105 0.00000000000 0.00000000000 0.00000000000 0.00000000000 0.00000000000 0.00000000000 0.22027842515
0.01734888128 0.00253772847 0.22026398662 2504.10996709172 0.00000000000 0.00000000000 0.00000000000 0.00000000000 0.00000000000 0.00000000000 0.22027860510
0.01734972130 0.00254097484 0.22026413505 2504.33563773521 0.00000000000 0.00000000000 0.00000000000 0.00000000000 0.00000000000 0.00000000000 0.22027879095
0.01735058793 0.00254421388 0.22026428941 2504.38718522897 0.00000000000 0.00000000000 0.00000000000 0.00000000000 0.00000000000 0.00000000000 0.22027898269
0.01735148108 0.00254744538 0.22026444968 2504.61118161503 0.00000000000 0.00000000000 0.00000000000 0.00000000000 0.00000000000 0.00000000000 0.22027918029
0.01735240072 0.00255066910 0.22026461584 2504.66090432068 0.00000000000 0.00000000000 0.00000000000 0.00000000000 0.00000000000 0.00000000000 0.22027938375
0.01735334676 0.00255388481 0.22026478790 2504.88303434415 0.00000000000 0.00000000000 0.00000000000 0.00000000000 0.00000000000 0.00000000000 0.22027959305
0.01735431914 0.00255709229 0.22026496583 2504.93073899832 0.00000000000 0.00000000000 0.00000000000 0.00000000000 0.00000000000 0.00000000000 0.22027980819
0.01735531780 0.00256029131 0.22026514963 2505.15081261222 0.00000000000 0.00000000000 0.00000000000 0.00000000000 0.00000000000 0.00000000000 0.22028002913
0.01735634266 0.00256348165 0.22026533928 2505.19630631663 0.00000000000 0.00000000000 0.00000000000 0.00000000000 0.00000000000 0.00000000000 0.22028025587
0.01735739365 0.00256666308 0.22026553477 2505.41413426755 0.00000000000 0.00000000000 0.00000000000 0.00000000000 0.00000000000 0.00000000000 0.22028048840
0.01735847070 0.00256983537 0.22026573609 2505.45722702431 0.00000000000 0.00000000000 0.00000000000 0.00000000000 0.00000000000 0.00000000000 0.22028072668
0.01735957373 0.00257299831 0.22026594322 2505.67262208376 0.00000000000 0.00000000000 0.00000000000 0.00000000000 0.00000000000 0.00000000000 0.22028097072
0.01736070267 0.00257615166 0.22026615615 2505.71312393623 0.00000000000 0.00000000000 0.00000000000 0.00000000000 0.00000000000 0.00000000000 0.22028122049
0.01736185744 0.00257929521 0.22026637486 2505.92590003035 0.00000000000 0.00000000000 0.00000000000 0.00000000000 0.00000000000 0.00000000000 0.22028147597
0.01736303795 0.00258242874 0.22026659934 2505.96362241073 0.00000000000 0.00000000000 0.00000000000 0.00000000000 0.00000000000 0.00000000000 0.22028173715
0.01736424412 0.00258555201 0.22026682957 2506.17359496950 0.00000000000 0.00000000000 0.00000000000 0.00000000000 0.00000000000 0.00000000000 0.22028200401
0.01736547587 0.00258866483 0.22026706554 2506.20835461017 0.00000000000 0.00000000000 0.00000000000 0.00000000000 0.00000000000 0.00000000000 0.22028227652
0.01736673311 0.00259176695 0.22026730724 2506.41534407033 0.00000000000 0.00000000000 0.00000000000 0.00000000000 0.00000000000 0.00000000000 0.22028255467
0.01736801575 0.00259485817 0.22026755464 2506.44695632102 0.00000000000 0.00000000000 0.00000000000 0.00000000000 0.00000000000 0.00000000000 0.22028283845
0.01736932370 0.00259793826 0.22026780772 2506.65078044132 0.00000000000 0.00000000000 0.00000000000 0.00000000000 0.00000000000 0.00000000000 0.22028312782
0.01737065687 0.00260100701 0.22026806648 2506.67906764832 0.00000000000 0.00000000000 0.00000000000 0.00000000000 0.00000000000 0.00000000000 0.22028342277
0.01737201517 0.00260406421 0.22026833089 2506.87955294515 0.00000000000 0.00000000000 0.00000000000 0.00000000000 0.00000000000 0.00000000000 0.22028372329
0.01737339851 0.00260710963 0.22026860094 2506.90433785080 0.00000000000 0.00000000000 0.00000000000 0.00000000000 0.00000000000 0.00000000000 0.22028402934
0.01737480677 0.00261014306 0.22026887660 2507.10131109785 0.00000000000 0.00000000000 0.00000000000 0.00000000000 0.00000000000 0.00000000000 0.22028434090
0.01737623987 0.00261316429 0.22026915787 2507.12241811692 0.00000000000 0.00000000000 0.00000000000 0.00000000000 0.00000000000 0.00000000000 0.22028465796
0.01737769770 0.00261617311 0.22026944471 2507.31570906370 0.00000000000 0.00000000000 0.00000000000 0.00000000000 0.00000000000 0.00000000000 0.22028498050
0.01737918017 0.00261916929 0.22026973711 2507.33297180531 0.00000000000 0.00000000000 0.00000000000 0.00000000000 0.00000000000 0.00000000000 0.22028530848
0.01738068716 0.00262215264 0.22027003504 2507.52241645771 0.00000000000 0.00000000000 0.00000000000 0.00000000000 0.00000000000 0.00000000000 0.22028564189
0.01738221857 0.00262512293 0.22027033850 2507.53566683947 0.00000000000 0.00000000000 0.00000000000 0.00000000000 0.00000000000 0.00000000000 0.22028598070
0.01738377430 0.00262807997 0.22027064746 2507.72110196938 0.00000000000 0.00000000000 0.00000000000 0.00000000000 0.00000000000 0.00000000000 0.22028632489
0.01738535423 0.00263102353 0.22027096189 2507.73017988719 0.00000000000 0.00000000000 0.00000000000 0.00000000000 0.00000000000 0.00000000000 0.22028667444
0.01738695826 0.00263395342 0.22027128178 2507.91144971508 0.00000000000 0.00000000000 0.00000000000 0.00000000000 0.00000000000 0.00000000000 0.22028702932
0.01738858626 0.00263686942 0.22027160710 2507.91619815755 0.00000000000 0.00000000000 0.00000000000 0.00000000000 0.00000000000 0.00000000000 0.22028738950
0.01739023813 0.00263977134 0.22027193783 2508.09315041577 0.00000000000 0.00000000000 0.00000000000 0.00000000000 0.00000000000 0.00000000000 0.22028775496
0.01739191375 0.00264265896 0.22027227395 2508.09341615117 0.00000000000 0.00000000000 0.00000000000 0.00000000000 0.00000000000 0.00000000000 0.22028812568
0.01739361300 0.00264553208 0.22027261543 2508.26590187992 0.00000000000 0.00000000000 0.00000000000 0.00000000000 0.00000000000 0.00000000000 0.22028850162
0.01739533576 0.00264839051 0.22027296225 2508.26153901875 0.00000000000 0.00000000000 0.00000000000 0.00000000000 0.00000000000 0.00000000000 0.22028888277
0.01739708192 0.00265123402 0.22027331440 2508.42941709283 0.00000000000 0.00000000000 0.00000000000 0.00000000000 0.00000000000 0.00000000000 0.22028926909
0.01739885134 0.00265406244 0.22027367183 2508.42028438295 0.00000000000 0.00000000000 0.00000000000 0.00000000000 0.00000000000 0.00000000000 0.22028966056
0.01740064390 0.00265687555 0.22027403454 2508.58341910543 0.00000000000 0.00000000000 0.00000000000 0.00000000000 0.00000000000 0.00000000000 0.22029005715
0.01740245949 0.00265967316 0.22027440249 2508.56937795043 0.00000000000 0.00000000000 0.00000000000 0.00000000000 0.00000000000 0.00000000000 0.22029045884
0.01740429796 0.00266245507 0.22027477566 2508.72763525136 0.00000000000 0.00000000000 0.00000000000 0.00000000000 0.00000000000 0.00000000000 0.22029086558
0.01740615919 0.00266522109 0.22027515402 2508.70855852135 0.00000000000 0.00000000000 0.00000000000 0.00000000000 0.00000000000 0.00000000000 0.22029127736
0.01740804305 0.00266797101 0.22027553755 2508.86181568112 0.00000000000 0.00000000000 0.00000000000 0.00000000000 0.00000000000 0.00000000000 0.22029169415
0.01740994941 0.00267070465 0.22027592622 2508.83757692102 0.00000000000 0.00000000000 0.00000000000 0.00000000000 0.00000000000 0.00000000000 0.22029211592
0.01741187813 0.00267342180 0.22027632001 2508.98571277489 0.00000000000 0.00000000000 0.00000000000 0.00000000000 0.00000000000 0.00000000000 0.22029254263
0.01741382908 0.00267612229 0.22027671888 2508.95619616280 0.00000000000 0.00000000000 0.00000000000 0.00000000000 0.00000000000 0.00000000000 0.22029297426
0.01741580211 0.00267880592 0.22027712281 2509.09909991504 0.00000000000 0.00000000000 0.00000000000 0.00000000000 0.00000000000 0.00000000000 0.22029341078
0.01741779710 0.00268147250 0.22027753177 2509.06419260749 0.00000000000 0.00000000000 0.00000000000 0.00000000000 0.00000000000 0.00000000000 0.22029385215
0.01741981389 0.00268412184 0.22027794573 2509.20175631777 0.00000000000 0.00000000000 0.00000000000 0.00000000000 0.00000000000 0.00000000000 0.22029429835
0.01742185236 0.00268675375 0.22027836468 2509.16135439929 0.00000000000 0.00000000000 0.00000000000 0.00000000000 0.00000000000 0.00000000000 0.22029474935
0.01742391235 0.00268936805 0.22027878856 2509.29348000926 0.00000000000 0.00000000000 0.00000000000 0.00000000000 0.00000000000 0.00000000000 0.22029520510
0.01742599372 0.00269196455 0.22027921737 2509.24748647606 0.00000000000 0.00000000000 0.00000000000 0.00000000000 0.00000000000 0.00000000000 0.22029566559
0.01742809632 0.00269454307 0.22027965106 2509.37408229015 0.00000000000 0.00000000000 0.00000000000 0.00000000000 0.00000000000 0.00000000000 0.22029613077
0.01743022000 0.00269710343 0.22028008961 2509.32240583637 0.00000000000 0.00000000000 0.00000000000 0.00000000000 0.00000000000 0.00000000000 0.22029660062
0.01743236462 0.00269964545 0.22028053298 2509.44338599098 0.00000000000 0.00000000000 0.00000000000 0.00000000000 0.00000000000 0.00000000000 0.22029707510
0.01743453003 0.00270216895 0.22028098115 2509.38594334619 0.00000000000 0.00000000000 0.00000000000 0.00000000000 0.00000000000 0.00000000000 0.22029755418
0.01743671607 0.00270467374 0.22028143409 2509.50123078878 0.00000000000 0.00000000000 0.00000000000 0.00000000000 0.00000000000 0.00000000000 0.22029803782
0.01743892258 0.00270715966 0.22028189177 2509.43794752184 0.00000000000 0.00000000000 0.00000000000 0.00000000000 0.00000000000 0.00000000000 0.22029852599
0.01744114942 0.00270962652 0.22028235414 2509.54747261512 0.00000000000 0.00000000000 0.00000000000 0.00000000000 0.00000000000 0.00000000000 0.22029901866
0.01744339642 0.00271207416 0.22028282119 2509.47827844821 0.00000000000 0.00000000000 0.00000000000 0.00000000000 0.00000000000 0.00000000000 0.22029951579
0.01744566343 0.00271450239 0.22028329288 2509.58197592295 0.00000000000 0.00000000000 0.00000000000 0.00000000000 0.00000000000 0.00000000000 0.22030001735
0.01744795029 0.00271691106 0.22028376917 2509.50682221695 0.00000000000 0.00000000000 0.00000000000 0.00000000000 0.00000000000 0.00000000000 0.22030052330
0.01745025684 0.00271929998 0.22028425003 2509.60464992754 0.00000000000 0.00000000000 0.00000000000 0.00000000000 0.00000000000 0.00000000000 0.22030103360
0.01745258291 0.00272166899 0.22028473544 2509.52344081059 0.00000000000 0.00000000000 0.00000000000 0.00000000000 0.00000000000 0.00000000000 0.22030154822
0.01745492834 0.00272401792 0.22028522535 2509.61530807544 0.00000000000 0.00000000000 0.00000000000 0.00000000000 0.00000000000 0.00000000000 0.22030206713
0.01745729296 0.00272634661 0.22028571974 2509.52816413988 0.00000000000 0.00000000000 0.00000000000 0.00000000000 0.00000000000 0.00000000000 0.22030259028
0.01745967662 0.00272865489 0.22028621856 2509.61419822552 0.00000000000 0.00000000000 0.00000000000 0.00000000000 0.00000000000 0.00000000000 0.22030311765
0.01746207913 0.00273094259 0.22028672179 2509.52046745330 0.00000000000 0.00000000000 0.00000000000 0.00000000000 0.00000000000 0.00000000000 0.22030364918
0.01746450034 0.00273320957 0.22028722938 2509.60001879719 0.00000000000 0.00000000000 0.00000000000 0.00000000000 0.00000000000 0.00000000000 0.22030418485
0.01746694006 0.00273545565 0.22028774131 2509.50197845367 0.00000000000 0.00000000000 0.00000000000 0.00000000000 0.00000000000 0.00000000000 0.22030472462
0.01746939814 0.00273768067 0.22028825754 2509.57734011165 0.00000000000 0.00000000000 0.00000000000 0.00000000000 0.00000000000 0.00000000000 0.22030526845
0.01747187439 0.00273988449 0.22028877804 2509.44696461421 0.00000000000 0.00000000000 0.00000000000 0.00000000000 0.00000000000 0.00000000000 0.22030581630
0.01747436864 0.00274206694 0.22028930276 2509.48307050384 0.00000000000 0.00000000000 0.00000000000 0.00000000000 0.00000000000 0.00000000000 0.22030636813
0.01747688073 0.00274422788 0.22028983166 2509.43830027334 0.00000000000 0.00000000000 0.00000000000 0.00000000000 0.00000000000 0.00000000000 0.22030692390
0.01747941046 0.00274636714 0.22029036472 2509.58607183364 0.00000000000 0.00000000000 0.00000000000 0.00000000000 0.00000000000 0.00000000000 0.22030748358
0.01748195765 0.00274848457 0.22029090190 2509.38221893220 0.00000000000 0.00000000000 0.00000000000 0.00000000000 0.00000000000 0.00000000000 0.22030804713
0.01748452213 0.00275058003 0.22029144317 2509.35106088966 0.00000000000 0.00000000000 0.00000000000 0.00000000000 0.00000000000 0.00000000000 0.22030861450
0.01748710372 0.00275265336 0.22029198848 2509.49297456643 0.00000000000 0.00000000000 0.00000000000 0.00000000000 0.00000000000 0.00000000000 0.22030918566
0.01748970223 0.00275470441 0.22029253779 2509.80782973374 0.00000000000 0.00000000000 0.00000000000 0.00000000000 0.00000000000 0.00000000000 0.22030976057
