VARIABLES=
"CoordinateX"
"CoordinateY"
"CoordinateZ"
"Kappa1"
"Kappa2"
"dy"
"dz"
"d2x"
"d2y"
"d2z"
"R"
ZONE T="Konrollpunkte"
I=101, J=1, K=1
0.03167871137 -0.00696746096 0.22315523942 0.00000000000 0.00000000000 0.00000000000 0.00000000000 0.00000000000 0.00000000000 0.00000000000 0.00000000000
0.03167990553 -0.00697116210 0.22315534222 0.00000000000 0.00000000000 0.00000000000 0.00000000000 0.00000000000 0.00000000000 0.00000000000 0.00000000000
0.03168161695 -0.00697674040 0.22315548087 0.00000000000 0.00000000000 0.00000000000 0.00000000000 0.00000000000 0.00000000000 0.00000000000 0.00000000000
0.03168373773 -0.00698422653 0.22315563456 0.00000000000 0.00000000000 0.00000000000 0.00000000000 0.00000000000 0.00000000000 0.00000000000 0.00000000000
0.03168524742 -0.00698986414 0.22315573414 0.00000000000 0.00000000000 0.00000000000 0.00000000000 0.00000000000 0.00000000000 0.00000000000 0.00000000000
0.03168667591 -0.00699552354 0.22315581804 0.00000000000 0.00000000000 0.00000000000 0.00000000000 0.00000000000 0.00000000000 0.00000000000 0.00000000000
0.03168802287 -0.00700120353 0.22315588625 0.00000000000 0.00000000000 0.00000000000 0.00000000000 0.00000000000 0.00000000000 0.00000000000 0.00000000000
0.03168928803 -0.00700690290 0.22315593874 0.00000000000 0.00000000000 0.00000000000 0.00000000000 0.00000000000 0.00000000000 0.00000000000 0.00000000000
0.03169047111 -0.00701262044 0.22315597551 0.00000000000 0.00000000000 0.00000000000 0.00000000000 0.00000000000 0.00000000000 0.00000000000 0.00000000000
0.03169157186 -0.00701835491 0.22315599654 0.00000000000 0.00000000000 0.00000000000 0.00000000000 0.00000000000 0.00000000000 0.00000000000 0.00000000000
0.03169259006 -0.00702410511 0.22315600183 0.00000000000 0.00000000000 0.00000000000 0.00000000000 0.00000000000 0.00000000000 0.00000000000 0.00000000000
0.03169352547 -0.00702986979 0.22315599138 0.00000000000 0.00000000000 0.00000000000 0.00000000000 0.00000000000 0.00000000000 0.00000000000 0.00000000000
0.03169437790 -0.00703564774 0.22315596518 0.00000000000 0.00000000000 0.00000000000 0.00000000000 0.00000000000 0.00000000000 0.00000000000 0.00000000000
0.03169514717 -0.00704143772 0.22315592325 0.00000000000 0.00000000000 0.00000000000 0.00000000000 0.00000000000 0.00000000000 0.00000000000 0.00000000000
0.03169583312 -0.00704723848 0.22315586559 0.00000000000 0.00000000000 0.00000000000 0.00000000000 0.00000000000 0.00000000000 0.00000000000 0.00000000000
0.03169643560 -0.00705304881 0.22315579220 0.00000000000 0.00000000000 0.00000000000 0.00000000000 0.00000000000 0.00000000000 0.00000000000 0.00000000000
0.03169695447 -0.00705886744 0.22315570312 0.00000000000 0.00000000000 0.00000000000 0.00000000000 0.00000000000 0.00000000000 0.00000000000 0.00000000000
0.03169738964 -0.00706469315 0.22315559835 0.00000000000 0.00000000000 0.00000000000 0.00000000000 0.00000000000 0.00000000000 0.00000000000 0.00000000000
0.03169774100 -0.00707052469 0.22315547791 0.00000000000 0.00000000000 0.00000000000 0.00000000000 0.00000000000 0.00000000000 0.00000000000 0.00000000000
0.03169800848 -0.00707636081 0.22315534184 0.00000000000 0.00000000000 0.00000000000 0.00000000000 0.00000000000 0.00000000000 0.00000000000 0.00000000000
0.03169819203 -0.00708220027 0.22315519016 0.00000000000 0.00000000000 0.00000000000 0.00000000000 0.00000000000 0.00000000000 0.00000000000 0.00000000000
0.03169829160 -0.00708804183 0.22315502290 0.00000000000 0.00000000000 0.00000000000 0.00000000000 0.00000000000 0.00000000000 0.00000000000 0.00000000000
0.03169830718 -0.00709388423 0.22315484011 0.00000000000 0.00000000000 0.00000000000 0.00000000000 0.00000000000 0.00000000000 0.00000000000 0.00000000000
0.03169823876 -0.00709972623 0.22315464180 0.00000000000 0.00000000000 0.00000000000 0.00000000000 0.00000000000 0.00000000000 0.00000000000 0.00000000000
0.03169808635 -0.00710556659 0.22315442804 0.00000000000 0.00000000000 0.00000000000 0.00000000000 0.00000000000 0.00000000000 0.00000000000 0.00000000000
0.03169784999 -0.00711140405 0.22315419887 0.00000000000 0.00000000000 0.00000000000 0.00000000000 0.00000000000 0.00000000000 0.00000000000 0.00000000000
0.03169752973 -0.00711723737 0.22315395432 0.00000000000 0.00000000000 0.00000000000 0.00000000000 0.00000000000 0.00000000000 0.00000000000 0.00000000000
0.03169712564 -0.00712306531 0.22315369447 0.00000000000 0.00000000000 0.00000000000 0.00000000000 0.00000000000 0.00000000000 0.00000000000 0.00000000000
0.03169663781 -0.00712888662 0.22315341936 0.00000000000 0.00000000000 0.00000000000 0.00000000000 0.00000000000 0.00000000000 0.00000000000 0.00000000000
0.03169606633 -0.00713470006 0.22315312905 0.00000000000 0.00000000000 0.00000000000 0.00000000000 0.00000000000 0.00000000000 0.00000000000 0.00000000000
0.03169541133 -0.00714050439 0.22315282361 0.00000000000 0.00000000000 0.00000000000 0.00000000000 0.00000000000 0.00000000000 0.00000000000 0.00000000000
0.03169467295 -0.00714629837 0.22315250310 0.00000000000 0.00000000000 0.00000000000 0.00000000000 0.00000000000 0.00000000000 0.00000000000 0.00000000000
0.03169385135 -0.00715208077 0.22315216758 0.00000000000 0.00000000000 0.00000000000 0.00000000000 0.00000000000 0.00000000000 0.00000000000 0.00000000000
0.03169294670 -0.00715785035 0.22315181714 0.00000000000 0.00000000000 0.00000000000 0.00000000000 0.00000000000 0.00000000000 0.00000000000 0.00000000000
0.03169195920 -0.00716360587 0.22315145185 0.00000000000 0.00000000000 0.00000000000 0.00000000000 0.00000000000 0.00000000000 0.00000000000 0.00000000000
0.03169088905 -0.00716934612 0.22315107179 0.00000000000 0.00000000000 0.00000000000 0.00000000000 0.00000000000 0.00000000000 0.00000000000 0.00000000000
0.03168973649 -0.00717506986 0.22315067704 0.00000000000 0.00000000000 0.00000000000 0.00000000000 0.00000000000 0.00000000000 0.00000000000 0.00000000000
0.03168850176 -0.00718077588 0.22315026768 0.00000000000 0.00000000000 0.00000000000 0.00000000000 0.00000000000 0.00000000000 0.00000000000 0.00000000000
0.03168718513 -0.00718646295 0.22314984380 0.00000000000 0.00000000000 0.00000000000 0.00000000000 0.00000000000 0.00000000000 0.00000000000 0.00000000000
0.03168578687 -0.00719212987 0.22314940551 0.00000000000 0.00000000000 0.00000000000 0.00000000000 0.00000000000 0.00000000000 0.00000000000 0.00000000000
0.03168430728 -0.00719777542 0.22314895288 0.00000000000 0.00000000000 0.00000000000 0.00000000000 0.00000000000 0.00000000000 0.00000000000 0.00000000000
0.03168274669 -0.00720339840 0.22314848602 0.00000000000 0.00000000000 0.00000000000 0.00000000000 0.00000000000 0.00000000000 0.00000000000 0.00000000000
0.03168110542 -0.00720899761 0.22314800504 0.00000000000 0.00000000000 0.00000000000 0.00000000000 0.00000000000 0.00000000000 0.00000000000 0.00000000000
0.03167938383 -0.00721457186 0.22314751003 0.00000000000 0.00000000000 0.00000000000 0.00000000000 0.00000000000 0.00000000000 0.00000000000 0.00000000000
0.03167758227 -0.00722011995 0.22314700110 0.00000000000 0.00000000000 0.00000000000 0.00000000000 0.00000000000 0.00000000000 0.00000000000 0.00000000000
0.03167570114 -0.00722564070 0.22314647836 0.00000000000 0.00000000000 0.00000000000 0.00000000000 0.00000000000 0.00000000000 0.00000000000 0.00000000000
0.03167374084 -0.00723113293 0.22314594194 0.00000000000 0.00000000000 0.00000000000 0.00000000000 0.00000000000 0.00000000000 0.00000000000 0.00000000000
0.03167170179 -0.00723659548 0.22314539193 0.00000000000 0.00000000000 0.00000000000 0.00000000000 0.00000000000 0.00000000000 0.00000000000 0.00000000000
0.03166958441 -0.00724202717 0.22314482847 0.00000000000 0.00000000000 0.00000000000 0.00000000000 0.00000000000 0.00000000000 0.00000000000 0.00000000000
0.03166738917 -0.00724742685 0.22314425168 0.00000000000 0.00000000000 0.00000000000 0.00000000000 0.00000000000 0.00000000000 0.00000000000 0.00000000000
0.03166511653 -0.00725279336 0.22314366167 0.00000000000 0.00000000000 0.00000000000 0.00000000000 0.00000000000 0.00000000000 0.00000000000 0.00000000000
0.03166276698 -0.00725812556 0.22314305859 0.00000000000 0.00000000000 0.00000000000 0.00000000000 0.00000000000 0.00000000000 0.00000000000 0.00000000000
0.03166034102 -0.00726342232 0.22314244256 0.00000000000 0.00000000000 0.00000000000 0.00000000000 0.00000000000 0.00000000000 0.00000000000 0.00000000000
0.03165783916 -0.00726868249 0.22314181371 0.00000000000 0.00000000000 0.00000000000 0.00000000000 0.00000000000 0.00000000000 0.00000000000 0.00000000000
0.03165526194 -0.00727390496 0.22314117218 0.00000000000 0.00000000000 0.00000000000 0.00000000000 0.00000000000 0.00000000000 0.00000000000 0.00000000000
0.03165260991 -0.00727908862 0.22314051812 0.00000000000 0.00000000000 0.00000000000 0.00000000000 0.00000000000 0.00000000000 0.00000000000 0.00000000000
0.03164988364 -0.00728423236 0.22313985165 0.00000000000 0.00000000000 0.00000000000 0.00000000000 0.00000000000 0.00000000000 0.00000000000 0.00000000000
0.03164708370 -0.00728933507 0.22313917294 0.00000000000 0.00000000000 0.00000000000 0.00000000000 0.00000000000 0.00000000000 0.00000000000 0.00000000000
0.03164421070 -0.00729439568 0.22313848212 0.00000000000 0.00000000000 0.00000000000 0.00000000000 0.00000000000 0.00000000000 0.00000000000 0.00000000000
0.03164126525 -0.00729941310 0.22313777935 0.00000000000 0.00000000000 0.00000000000 0.00000000000 0.00000000000 0.00000000000 0.00000000000 0.00000000000
0.03163824798 -0.00730438626 0.22313706478 0.00000000000 0.00000000000 0.00000000000 0.00000000000 0.00000000000 0.00000000000 0.00000000000 0.00000000000
0.03163515952 -0.00730931410 0.22313633856 0.00000000000 0.00000000000 0.00000000000 0.00000000000 0.00000000000 0.00000000000 0.00000000000 0.00000000000
0.03163200055 -0.00731419557 0.22313560085 0.00000000000 0.00000000000 0.00000000000 0.00000000000 0.00000000000 0.00000000000 0.00000000000 0.00000000000
0.03162877174 -0.00731902963 0.22313485182 0.00000000000 0.00000000000 0.00000000000 0.00000000000 0.00000000000 0.00000000000 0.00000000000 0.00000000000
0.03162547376 -0.00732381525 0.22313409163 0.00000000000 0.00000000000 0.00000000000 0.00000000000 0.00000000000 0.00000000000 0.00000000000 0.00000000000
0.03162210734 -0.00732855139 0.22313332044 0.00000000000 0.00000000000 0.00000000000 0.00000000000 0.00000000000 0.00000000000 0.00000000000 0.00000000000
0.03161867318 -0.00733323707 0.22313253841 0.00000000000 0.00000000000 0.00000000000 0.00000000000 0.00000000000 0.00000000000 0.00000000000 0.00000000000
0.03161517202 -0.00733787126 0.22313174573 0.00000000000 0.00000000000 0.00000000000 0.00000000000 0.00000000000 0.00000000000 0.00000000000 0.00000000000
0.03161160460 -0.00734245300 0.22313094256 0.00000000000 0.00000000000 0.00000000000 0.00000000000 0.00000000000 0.00000000000 0.00000000000 0.00000000000
0.03160797170 -0.00734698129 0.22313012907 0.00000000000 0.00000000000 0.00000000000 0.00000000000 0.00000000000 0.00000000000 0.00000000000 0.00000000000
0.03160427407 -0.00735145517 0.22312930545 0.00000000000 0.00000000000 0.00000000000 0.00000000000 0.00000000000 0.00000000000 0.00000000000 0.00000000000
0.03160051252 -0.00735587369 0.22312847187 0.00000000000 0.00000000000 0.00000000000 0.00000000000 0.00000000000 0.00000000000 0.00000000000 0.00000000000
0.03159668785 -0.00736023590 0.22312762851 0.00000000000 0.00000000000 0.00000000000 0.00000000000 0.00000000000 0.00000000000 0.00000000000 0.00000000000
0.03159280086 -0.00736454088 0.22312677556 0.00000000000 0.00000000000 0.00000000000 0.00000000000 0.00000000000 0.00000000000 0.00000000000 0.00000000000
0.03158885240 -0.00736878770 0.22312591321 0.00000000000 0.00000000000 0.00000000000 0.00000000000 0.00000000000 0.00000000000 0.00000000000 0.00000000000
0.03158484330 -0.00737297546 0.22312504163 0.00000000000 0.00000000000 0.00000000000 0.00000000000 0.00000000000 0.00000000000 0.00000000000 0.00000000000
0.03158077442 -0.00737710326 0.22312416102 0.00000000000 0.00000000000 0.00000000000 0.00000000000 0.00000000000 0.00000000000 0.00000000000 0.00000000000
0.03157664662 -0.00738117023 0.22312327158 0.00000000000 0.00000000000 0.00000000000 0.00000000000 0.00000000000 0.00000000000 0.00000000000 0.00000000000
0.03157246080 -0.00738517550 0.22312237348 0.00000000000 0.00000000000 0.00000000000 0.00000000000 0.00000000000 0.00000000000 0.00000000000 0.00000000000
0.03156821784 -0.00738911821 0.22312146694 0.00000000000 0.00000000000 0.00000000000 0.00000000000 0.00000000000 0.00000000000 0.00000000000 0.00000000000
0.03156391864 -0.00739299752 0.22312055214 0.00000000000 0.00000000000 0.00000000000 0.00000000000 0.00000000000 0.00000000000 0.00000000000 0.00000000000
0.03155956413 -0.00739681261 0.22311962929 0.00000000000 0.00000000000 0.00000000000 0.00000000000 0.00000000000 0.00000000000 0.00000000000 0.00000000000
0.03155515523 -0.00740056265 0.22311869857 0.00000000000 0.00000000000 0.00000000000 0.00000000000 0.00000000000 0.00000000000 0.00000000000 0.00000000000
0.03155069289 -0.00740424685 0.22311776021 0.00000000000 0.00000000000 0.00000000000 0.00000000000 0.00000000000 0.00000000000 0.00000000000 0.00000000000
0.03154617806 -0.00740786443 0.22311681440 0.00000000000 0.00000000000 0.00000000000 0.00000000000 0.00000000000 0.00000000000 0.00000000000 0.00000000000
0.03154161170 -0.00741141461 0.22311586134 0.00000000000 0.00000000000 0.00000000000 0.00000000000 0.00000000000 0.00000000000 0.00000000000 0.00000000000
0.03153699478 -0.00741489663 0.22311490124 0.00000000000 0.00000000000 0.00000000000 0.00000000000 0.00000000000 0.00000000000 0.00000000000 0.00000000000
0.03153232829 -0.00741830975 0.22311393431 0.00000000000 0.00000000000 0.00000000000 0.00000000000 0.00000000000 0.00000000000 0.00000000000 0.00000000000
0.03152761323 -0.00742165325 0.22311296076 0.00000000000 0.00000000000 0.00000000000 0.00000000000 0.00000000000 0.00000000000 0.00000000000 0.00000000000
0.03152285061 -0.00742492640 0.22311198080 0.00000000000 0.00000000000 0.00000000000 0.00000000000 0.00000000000 0.00000000000 0.00000000000 0.00000000000
0.03151804143 -0.00742812852 0.22311099464 0.00000000000 0.00000000000 0.00000000000 0.00000000000 0.00000000000 0.00000000000 0.00000000000 0.00000000000
0.03151318673 -0.00743125891 0.22311000250 0.00000000000 0.00000000000 0.00000000000 0.00000000000 0.00000000000 0.00000000000 0.00000000000 0.00000000000
0.03150828754 -0.00743431692 0.22310900459 0.00000000000 0.00000000000 0.00000000000 0.00000000000 0.00000000000 0.00000000000 0.00000000000 0.00000000000
0.03150334491 -0.00743730188 0.22310800113 0.00000000000 0.00000000000 0.00000000000 0.00000000000 0.00000000000 0.00000000000 0.00000000000 0.00000000000
0.03149835989 -0.00744021316 0.22310699233 0.00000000000 0.00000000000 0.00000000000 0.00000000000 0.00000000000 0.00000000000 0.00000000000 0.00000000000
0.03149333355 -0.00744305015 0.22310597841 0.00000000000 0.00000000000 0.00000000000 0.00000000000 0.00000000000 0.00000000000 0.00000000000 0.00000000000
0.03148826696 -0.00744581222 0.22310495960 0.00000000000 0.00000000000 0.00000000000 0.00000000000 0.00000000000 0.00000000000 0.00000000000 0.00000000000
0.03148316120 -0.00744849881 0.22310393610 0.00000000000 0.00000000000 0.00000000000 0.00000000000 0.00000000000 0.00000000000 0.00000000000 0.00000000000
0.03147630274 -0.00745197949 0.22310256549 0.00000000000 0.00000000000 0.00000000000 0.00000000000 0.00000000000 0.00000000000 0.00000000000 0.00000000000
0.03147110342 -0.00745447507 0.22310153119 0.00000000000 0.00000000000 0.00000000000 0.00000000000 0.00000000000 0.00000000000 0.00000000000 0.00000000000
0.03146761403 -0.00745608699 0.22310083914 0.00000000000 0.00000000000 0.00000000000 0.00000000000 0.00000000000 0.00000000000 0.00000000000 0.00000000000
ZONE T="NURB"
I=201, J=1, K=1
0.03167871137 -0.00696746096 0.22315523942 2512.66089788110 0.00000000000 0.00000000000 0.00000000000 0.00000000000 0.00000000000 0.00000000000 0.22326398364
0.03167959702 -0.00697024015 0.22315531457 2512.12962003578 0.00000000000 0.00000000000 0.00000000000 0.00000000000 0.00000000000 0.00000000000 0.22326414551
0.03168046266 -0.00697302584 0.22315538584 2511.72942354014 0.00000000000 0.00000000000 0.00000000000 0.00000000000 0.00000000000 0.00000000000 0.22326430373
0.03168130826 -0.00697581787 0.22315545322 2511.46038400438 0.00000000000 0.00000000000 0.00000000000 0.00000000000 0.00000000000 0.00000000000 0.22326445829
0.03168213376 -0.00697861611 0.22315551670 2511.32250187595 0.00000000000 0.00000000000 0.00000000000 0.00000000000 0.00000000000 0.00000000000 0.22326460919
0.03168293912 -0.00698142039 0.22315557628 2511.12772383131 0.00000000000 0.00000000000 0.00000000000 0.00000000000 0.00000000000 0.00000000000 0.22326475641
0.03168372431 -0.00698423058 0.22315563195 2511.06721731208 0.00000000000 0.00000000000 0.00000000000 0.00000000000 0.00000000000 0.00000000000 0.22326489994
0.03168448927 -0.00698704652 0.22315568370 2510.68831712407 0.00000000000 0.00000000000 0.00000000000 0.00000000000 0.00000000000 0.00000000000 0.22326503977
0.03168523396 -0.00698986805 0.22315573153 2510.43989530034 0.00000000000 0.00000000000 0.00000000000 0.00000000000 0.00000000000 0.00000000000 0.22326517590
0.03168595835 -0.00699269504 0.22315577544 2510.11015822904 0.00000000000 0.00000000000 0.00000000000 0.00000000000 0.00000000000 0.00000000000 0.22326530831
0.03168666241 -0.00699552732 0.22315581543 2509.91196738398 0.00000000000 0.00000000000 0.00000000000 0.00000000000 0.00000000000 0.00000000000 0.22326543701
0.03168734608 -0.00699836475 0.22315585150 2509.57875636477 0.00000000000 0.00000000000 0.00000000000 0.00000000000 0.00000000000 0.00000000000 0.22326556198
0.03168800933 -0.00700120718 0.22315588363 2509.37716629904 0.00000000000 0.00000000000 0.00000000000 0.00000000000 0.00000000000 0.00000000000 0.22326568322
0.03168865213 -0.00700405445 0.22315591185 2509.03895573657 0.00000000000 0.00000000000 0.00000000000 0.00000000000 0.00000000000 0.00000000000 0.22326580072
0.03168927445 -0.00700690641 0.22315593613 2508.83244628399 0.00000000000 0.00000000000 0.00000000000 0.00000000000 0.00000000000 0.00000000000 0.22326591447
0.03168987625 -0.00700976292 0.22315595647 2508.48992537108 0.00000000000 0.00000000000 0.00000000000 0.00000000000 0.00000000000 0.00000000000 0.22326602448
0.03169045750 -0.00701262381 0.22315597289 2508.27918557238 0.00000000000 0.00000000000 0.00000000000 0.00000000000 0.00000000000 0.00000000000 0.22326613073
0.03169101816 -0.00701548894 0.22315598537 2507.93246074413 0.00000000000 0.00000000000 0.00000000000 0.00000000000 0.00000000000 0.00000000000 0.22326623321
0.03169155822 -0.00701835815 0.22315599392 2507.71759886761 0.00000000000 0.00000000000 0.00000000000 0.00000000000 0.00000000000 0.00000000000 0.22326633193
0.03169207763 -0.00702123129 0.22315599853 2507.36693832952 0.00000000000 0.00000000000 0.00000000000 0.00000000000 0.00000000000 0.00000000000 0.22326642687
0.03169257638 -0.00702410820 0.22315599921 2507.14822503250 0.00000000000 0.00000000000 0.00000000000 0.00000000000 0.00000000000 0.00000000000 0.22326651804
0.03169305442 -0.00702698874 0.22315599595 2506.79385306677 0.00000000000 0.00000000000 0.00000000000 0.00000000000 0.00000000000 0.00000000000 0.22326660543
0.03169351175 -0.00702987274 0.22315598875 2506.57151455447 0.00000000000 0.00000000000 0.00000000000 0.00000000000 0.00000000000 0.00000000000 0.22326668902
0.03169394834 -0.00703276006 0.22315597762 2506.21367790193 0.00000000000 0.00000000000 0.00000000000 0.00000000000 0.00000000000 0.00000000000 0.22326676883
0.03169436415 -0.00703565054 0.22315596255 2505.98796021492 0.00000000000 0.00000000000 0.00000000000 0.00000000000 0.00000000000 0.00000000000 0.22326684483
0.03169475918 -0.00703854403 0.22315594355 2505.62690108121 0.00000000000 0.00000000000 0.00000000000 0.00000000000 0.00000000000 0.00000000000 0.22326691704
0.03169513339 -0.00704144037 0.22315592062 2505.39805046959 0.00000000000 0.00000000000 0.00000000000 0.00000000000 0.00000000000 0.00000000000 0.22326698545
0.03169548678 -0.00704433941 0.22315589375 2505.03401628117 0.00000000000 0.00000000000 0.00000000000 0.00000000000 0.00000000000 0.00000000000 0.22326705004
0.03169581931 -0.00704724099 0.22315586296 2504.80227961594 0.00000000000 0.00000000000 0.00000000000 0.00000000000 0.00000000000 0.00000000000 0.22326711083
0.03169613098 -0.00705014496 0.22315582823 2504.43552254133 0.00000000000 0.00000000000 0.00000000000 0.00000000000 0.00000000000 0.00000000000 0.22326716780
0.03169642176 -0.00705305116 0.22315578957 2504.20115422393 0.00000000000 0.00000000000 0.00000000000 0.00000000000 0.00000000000 0.00000000000 0.22326722095
0.03169669164 -0.00705595944 0.22315574699 2503.83192498906 0.00000000000 0.00000000000 0.00000000000 0.00000000000 0.00000000000 0.00000000000 0.22326727028
0.03169694060 -0.00705886964 0.22315570049 2503.59517482067 0.00000000000 0.00000000000 0.00000000000 0.00000000000 0.00000000000 0.00000000000 0.22326731579
0.03169716864 -0.00706178162 0.22315565006 2503.22373549379 0.00000000000 0.00000000000 0.00000000000 0.00000000000 0.00000000000 0.00000000000 0.22326735747
0.03169737574 -0.00706469520 0.22315559572 2502.98486718770 0.00000000000 0.00000000000 0.00000000000 0.00000000000 0.00000000000 0.00000000000 0.22326739533
0.03169756189 -0.00706761024 0.22315553746 2502.61146934782 0.00000000000 0.00000000000 0.00000000000 0.00000000000 0.00000000000 0.00000000000 0.22326742936
0.03169772708 -0.00707052658 0.22315547528 2502.37073577786 0.00000000000 0.00000000000 0.00000000000 0.00000000000 0.00000000000 0.00000000000 0.22326745955
0.03169787129 -0.00707344407 0.22315540920 2501.99564526283 0.00000000000 0.00000000000 0.00000000000 0.00000000000 0.00000000000 0.00000000000 0.22326748591
0.03169799454 -0.00707636254 0.22315533921 2501.75331337625 0.00000000000 0.00000000000 0.00000000000 0.00000000000 0.00000000000 0.00000000000 0.22326750844
0.03169809679 -0.00707928186 0.22315526532 2501.37678859400 0.00000000000 0.00000000000 0.00000000000 0.00000000000 0.00000000000 0.00000000000 0.22326752713
0.03169817806 -0.00708220185 0.22315518753 2501.13311879369 0.00000000000 0.00000000000 0.00000000000 0.00000000000 0.00000000000 0.00000000000 0.22326754199
0.03169823833 -0.00708512236 0.22315510585 2500.75542550314 0.00000000000 0.00000000000 0.00000000000 0.00000000000 0.00000000000 0.00000000000 0.22326755301
0.03169827761 -0.00708804324 0.22315502028 2500.51068340798 0.00000000000 0.00000000000 0.00000000000 0.00000000000 0.00000000000 0.00000000000 0.22326756019
0.03169829589 -0.00709096433 0.22315493082 2500.13209012981 0.00000000000 0.00000000000 0.00000000000 0.00000000000 0.00000000000 0.00000000000 0.22326756353
0.03169829317 -0.00709388548 0.22315483748 2499.88654323745 0.00000000000 0.00000000000 0.00000000000 0.00000000000 0.00000000000 0.00000000000 0.22326756303
0.03169826945 -0.00709680652 0.22315474026 2499.50731518812 0.00000000000 0.00000000000 0.00000000000 0.00000000000 0.00000000000 0.00000000000 0.22326755869
0.03169822473 -0.00709972731 0.22315463918 2499.26122921322 0.00000000000 0.00000000000 0.00000000000 0.00000000000 0.00000000000 0.00000000000 0.22326755052
0.03169815902 -0.00710264769 0.22315453423 2498.88163273821 0.00000000000 0.00000000000 0.00000000000 0.00000000000 0.00000000000 0.00000000000 0.22326753851
0.03169807231 -0.00710556750 0.22315442542 2498.63527626700 0.00000000000 0.00000000000 0.00000000000 0.00000000000 0.00000000000 0.00000000000 0.22326752266
0.03169796462 -0.00710848659 0.22315431276 2498.25558484185 0.00000000000 0.00000000000 0.00000000000 0.00000000000 0.00000000000 0.00000000000 0.22326750297
0.03169783594 -0.00711140479 0.22315419625 2498.00923099952 0.00000000000 0.00000000000 0.00000000000 0.00000000000 0.00000000000 0.00000000000 0.22326747945
0.03169768629 -0.00711432196 0.22315407590 2497.62970922784 0.00000000000 0.00000000000 0.00000000000 0.00000000000 0.00000000000 0.00000000000 0.22326745210
0.03169751567 -0.00711723794 0.22315395171 2497.38362246663 0.00000000000 0.00000000000 0.00000000000 0.00000000000 0.00000000000 0.00000000000 0.22326742091
0.03169732409 -0.00712015258 0.22315382369 2497.00454340318 0.00000000000 0.00000000000 0.00000000000 0.00000000000 0.00000000000 0.00000000000 0.22326738589
0.03169711157 -0.00712306571 0.22315369186 2496.75899735034 0.00000000000 0.00000000000 0.00000000000 0.00000000000 0.00000000000 0.00000000000 0.22326734704
0.03169687811 -0.00712597718 0.22315355621 2496.38062924266 0.00000000000 0.00000000000 0.00000000000 0.00000000000 0.00000000000 0.00000000000 0.22326730437
0.03169662373 -0.00712888684 0.22315341675 2496.13589123525 0.00000000000 0.00000000000 0.00000000000 0.00000000000 0.00000000000 0.00000000000 0.22326725787
0.03169634843 -0.00713179454 0.22315327350 2495.75850639893 0.00000000000 0.00000000000 0.00000000000 0.00000000000 0.00000000000 0.00000000000 0.22326720755
0.03169605224 -0.00713470011 0.22315312645 2495.51484938888 0.00000000000 0.00000000000 0.00000000000 0.00000000000 0.00000000000 0.00000000000 0.22326715340
0.03169573517 -0.00713760340 0.22315297562 2495.13871404715 0.00000000000 0.00000000000 0.00000000000 0.00000000000 0.00000000000 0.00000000000 0.22326709545
0.03169539724 -0.00714050426 0.22315282101 2494.89640412023 0.00000000000 0.00000000000 0.00000000000 0.00000000000 0.00000000000 0.00000000000 0.22326703367
0.03169503846 -0.00714340253 0.22315266264 2494.52179048946 0.00000000000 0.00000000000 0.00000000000 0.00000000000 0.00000000000 0.00000000000 0.22326696809
0.03169465886 -0.00714629806 0.22315250050 2494.28109957723 0.00000000000 0.00000000000 0.00000000000 0.00000000000 0.00000000000 0.00000000000 0.22326689870
0.03169425845 -0.00714919070 0.22315233462 2493.90827317077 0.00000000000 0.00000000000 0.00000000000 0.00000000000 0.00000000000 0.00000000000 0.22326682551
0.03169383726 -0.00715208028 0.22315216500 2493.66946637689 0.00000000000 0.00000000000 0.00000000000 0.00000000000 0.00000000000 0.00000000000 0.22326674852
0.03169339531 -0.00715496665 0.22315199164 2493.29869527271 0.00000000000 0.00000000000 0.00000000000 0.00000000000 0.00000000000 0.00000000000 0.22326666774
0.03169293262 -0.00715784967 0.22315181456 2493.06204158687 0.00000000000 0.00000000000 0.00000000000 0.00000000000 0.00000000000 0.00000000000 0.22326658316
0.03169244921 -0.00716072917 0.22315163377 2492.69358907978 0.00000000000 0.00000000000 0.00000000000 0.00000000000 0.00000000000 0.00000000000 0.22326649480
0.03169194512 -0.00716360501 0.22315144928 2492.45935084830 0.00000000000 0.00000000000 0.00000000000 0.00000000000 0.00000000000 0.00000000000 0.22326640265
0.03169142037 -0.00716647703 0.22315126110 2492.09348516693 0.00000000000 0.00000000000 0.00000000000 0.00000000000 0.00000000000 0.00000000000 0.22326630673
0.03169087498 -0.00716934507 0.22315106923 2491.86192929940 0.00000000000 0.00000000000 0.00000000000 0.00000000000 0.00000000000 0.00000000000 0.22326620704
0.03169030900 -0.00717220899 0.22315087368 2491.49890804640 0.00000000000 0.00000000000 0.00000000000 0.00000000000 0.00000000000 0.00000000000 0.22326610358
0.03168972243 -0.00717506863 0.22315067448 2491.27029070143 0.00000000000 0.00000000000 0.00000000000 0.00000000000 0.00000000000 0.00000000000 0.22326599636
0.03168911533 -0.00717792383 0.22315047163 2490.91038021382 0.00000000000 0.00000000000 0.00000000000 0.00000000000 0.00000000000 0.00000000000 0.22326588539
0.03168848772 -0.00718077446 0.22315026513 2490.68496904740 0.00000000000 0.00000000000 0.00000000000 0.00000000000 0.00000000000 0.00000000000 0.22326577066
0.03168783963 -0.00718362034 0.22315005501 2490.32841849570 0.00000000000 0.00000000000 0.00000000000 0.00000000000 0.00000000000 0.00000000000 0.22326565220
0.03168717110 -0.00718646134 0.22314984127 2490.10646024112 0.00000000000 0.00000000000 0.00000000000 0.00000000000 0.00000000000 0.00000000000 0.22326553000
0.03168648217 -0.00718929730 0.22314962392 2489.75353691435 0.00000000000 0.00000000000 0.00000000000 0.00000000000 0.00000000000 0.00000000000 0.22326540406
0.03168577287 -0.00719212807 0.22314940298 2489.53529862617 0.00000000000 0.00000000000 0.00000000000 0.00000000000 0.00000000000 0.00000000000 0.22326527441
0.03168504323 -0.00719495349 0.22314917846 2489.18624329223 0.00000000000 0.00000000000 0.00000000000 0.00000000000 0.00000000000 0.00000000000 0.22326514104
0.03168429331 -0.00719777343 0.22314895036 2488.97196376249 0.00000000000 0.00000000000 0.00000000000 0.00000000000 0.00000000000 0.00000000000 0.22326500396
0.03168352313 -0.00720058772 0.22314871871 2488.62703670584 0.00000000000 0.00000000000 0.00000000000 0.00000000000 0.00000000000 0.00000000000 0.22326486317
0.03168273274 -0.00720339621 0.22314848352 2488.41697525541 0.00000000000 0.00000000000 0.00000000000 0.00000000000 0.00000000000 0.00000000000 0.22326471869
0.03168192218 -0.00720619877 0.22314824479 2488.07641659474 0.00000000000 0.00000000000 0.00000000000 0.00000000000 0.00000000000 0.00000000000 0.22326457053
0.03168109150 -0.00720899523 0.22314800254 2487.87081319364 0.00000000000 0.00000000000 0.00000000000 0.00000000000 0.00000000000 0.00000000000 0.22326441869
0.03168024074 -0.00721178545 0.22314775679 2487.53486756834 0.00000000000 0.00000000000 0.00000000000 0.00000000000 0.00000000000 0.00000000000 0.22326426317
0.03167936994 -0.00721456928 0.22314750755 2487.33396564111 0.00000000000 0.00000000000 0.00000000000 0.00000000000 0.00000000000 0.00000000000 0.22326410400
0.03167847915 -0.00721734657 0.22314725482 2487.00287532703 0.00000000000 0.00000000000 0.00000000000 0.00000000000 0.00000000000 0.00000000000 0.22326394117
0.03167756842 -0.00722011717 0.22314699863 2486.80691719992 0.00000000000 0.00000000000 0.00000000000 0.00000000000 0.00000000000 0.00000000000 0.22326377469
0.03167663779 -0.00722288094 0.22314673899 2486.48091276196 0.00000000000 0.00000000000 0.00000000000 0.00000000000 0.00000000000 0.00000000000 0.22326360458
0.03167568733 -0.00722563773 0.22314647591 2486.29012478449 0.00000000000 0.00000000000 0.00000000000 0.00000000000 0.00000000000 0.00000000000 0.22326343084
0.03167471707 -0.00722838738 0.22314620941 2485.96944706970 0.00000000000 0.00000000000 0.00000000000 0.00000000000 0.00000000000 0.00000000000 0.22326325349
0.03167372707 -0.00723112976 0.22314593950 2485.78406869848 0.00000000000 0.00000000000 0.00000000000 0.00000000000 0.00000000000 0.00000000000 0.22326307252
0.03167271738 -0.00723386472 0.22314566619 2485.46893707358 0.00000000000 0.00000000000 0.00000000000 0.00000000000 0.00000000000 0.00000000000 0.22326288796
0.03167168806 -0.00723659211 0.22314538951 2485.28918807152 0.00000000000 0.00000000000 0.00000000000 0.00000000000 0.00000000000 0.00000000000 0.22326269981
0.03167063916 -0.00723931179 0.22314510946 2484.97982905794 0.00000000000 0.00000000000 0.00000000000 0.00000000000 0.00000000000 0.00000000000 0.22326250807
0.03166957073 -0.00724202360 0.22314482606 2484.80593273202 0.00000000000 0.00000000000 0.00000000000 0.00000000000 0.00000000000 0.00000000000 0.22326231277
0.03166848284 -0.00724472742 0.22314453933 2484.50256734651 0.00000000000 0.00000000000 0.00000000000 0.00000000000 0.00000000000 0.00000000000 0.22326211392
0.03166737554 -0.00724742308 0.22314424929 2484.33474339386 0.00000000000 0.00000000000 0.00000000000 0.00000000000 0.00000000000 0.00000000000 0.22326191151
0.03166624890 -0.00725011045 0.22314395594 2484.03758216423 0.00000000000 0.00000000000 0.00000000000 0.00000000000 0.00000000000 0.00000000000 0.22326170557
0.03166510296 -0.00725278939 0.22314365930 2483.87604115779 0.00000000000 0.00000000000 0.00000000000 0.00000000000 0.00000000000 0.00000000000 0.22326149610
0.03166393779 -0.00725545975 0.22314335939 2483.58529207781 0.00000000000 0.00000000000 0.00000000000 0.00000000000 0.00000000000 0.00000000000 0.22326128311
0.03166275346 -0.00725812139 0.22314305623 2483.43023923527 0.00000000000 0.00000000000 0.00000000000 0.00000000000 0.00000000000 0.00000000000 0.22326106663
0.03166155003 -0.00726077417 0.22314274984 2483.14611012956 0.00000000000 0.00000000000 0.00000000000 0.00000000000 0.00000000000 0.00000000000 0.22326084665
0.03166032756 -0.00726341794 0.22314244022 2482.99775114109 0.00000000000 0.00000000000 0.00000000000 0.00000000000 0.00000000000 0.00000000000 0.22326062319
0.03165908612 -0.00726605257 0.22314212740 2482.72043629933 0.00000000000 0.00000000000 0.00000000000 0.00000000000 0.00000000000 0.00000000000 0.22326039626
0.03165782577 -0.00726867791 0.22314181139 2482.57896254158 0.00000000000 0.00000000000 0.00000000000 0.00000000000 0.00000000000 0.00000000000 0.22326016588
0.03165654658 -0.00727129383 0.22314149221 2482.30865752903 0.00000000000 0.00000000000 0.00000000000 0.00000000000 0.00000000000 0.00000000000 0.22325993205
0.03165524862 -0.00727390018 0.22314116988 2482.17426353040 0.00000000000 0.00000000000 0.00000000000 0.00000000000 0.00000000000 0.00000000000 0.22325969479
0.03165393196 -0.00727649683 0.22314084442 2481.91115261995 0.00000000000 0.00000000000 0.00000000000 0.00000000000 0.00000000000 0.00000000000 0.22325945412
0.03165259666 -0.00727908364 0.22314051584 2481.78401979296 0.00000000000 0.00000000000 0.00000000000 0.00000000000 0.00000000000 0.00000000000 0.22325921004
0.03165124281 -0.00728166046 0.22314018416 2481.52828774639 0.00000000000 0.00000000000 0.00000000000 0.00000000000 0.00000000000 0.00000000000 0.22325896256
0.03164987047 -0.00728422717 0.22313984939 2481.40859891036 0.00000000000 0.00000000000 0.00000000000 0.00000000000 0.00000000000 0.00000000000 0.22325871171
0.03164847971 -0.00728678362 0.22313951157 2481.16041480214 0.00000000000 0.00000000000 0.00000000000 0.00000000000 0.00000000000 0.00000000000 0.22325845749
0.03164707061 -0.00728932968 0.22313917070 2481.04833704493 0.00000000000 0.00000000000 0.00000000000 0.00000000000 0.00000000000 0.00000000000 0.22325819991
0.03164564325 -0.00729186522 0.22313882681 2480.80787538195 0.00000000000 0.00000000000 0.00000000000 0.00000000000 0.00000000000 0.00000000000 0.22325793900
0.03164419770 -0.00729439009 0.22313847991 2480.70358192150 0.00000000000 0.00000000000 0.00000000000 0.00000000000 0.00000000000 0.00000000000 0.22325767477
0.03164273404 -0.00729690416 0.22313813002 2480.47099925680 0.00000000000 0.00000000000 0.00000000000 0.00000000000 0.00000000000 0.00000000000 0.22325740722
0.03164125234 -0.00729940730 0.22313777716 2480.37464309296 0.00000000000 0.00000000000 0.00000000000 0.00000000000 0.00000000000 0.00000000000 0.22325713637
0.03163975268 -0.00730189938 0.22313742135 2480.15010060772 0.00000000000 0.00000000000 0.00000000000 0.00000000000 0.00000000000 0.00000000000 0.22325686225
0.03163823516 -0.00730438026 0.22313706261 2480.06184038495 0.00000000000 0.00000000000 0.00000000000 0.00000000000 0.00000000000 0.00000000000 0.22325658485
0.03163669983 -0.00730684981 0.22313670096 2479.84548143084 0.00000000000 0.00000000000 0.00000000000 0.00000000000 0.00000000000 0.00000000000 0.22325630421
0.03163514680 -0.00730930790 0.22313633642 2479.76545975020 0.00000000000 0.00000000000 0.00000000000 0.00000000000 0.00000000000 0.00000000000 0.22325602033
0.03163357614 -0.00731175440 0.22313596900 2479.55743014643 0.00000000000 0.00000000000 0.00000000000 0.00000000000 0.00000000000 0.00000000000 0.22325573322
0.03163198793 -0.00731418917 0.22313559874 2479.48578907621 0.00000000000 0.00000000000 0.00000000000 0.00000000000 0.00000000000 0.00000000000 0.22325544291
0.03163038226 -0.00731661209 0.22313522564 2479.28621986828 0.00000000000 0.00000000000 0.00000000000 0.00000000000 0.00000000000 0.00000000000 0.22325514940
0.03162875921 -0.00731902303 0.22313484973 2479.22308695617 0.00000000000 0.00000000000 0.00000000000 0.00000000000 0.00000000000 0.00000000000 0.22325485272
0.03162711888 -0.00732142185 0.22313447103 2479.03211207391 0.00000000000 0.00000000000 0.00000000000 0.00000000000 0.00000000000 0.00000000000 0.22325455288
0.03162546135 -0.00732380844 0.22313408956 2478.97762087089 0.00000000000 0.00000000000 0.00000000000 0.00000000000 0.00000000000 0.00000000000 0.22325424989
0.03162378670 -0.00732618266 0.22313370535 2478.79535264980 0.00000000000 0.00000000000 0.00000000000 0.00000000000 0.00000000000 0.00000000000 0.22325394378
0.03162209504 -0.00732854438 0.22313331840 2478.74961219265 0.00000000000 0.00000000000 0.00000000000 0.00000000000 0.00000000000 0.00000000000 0.22325363456
0.03162038644 -0.00733089349 0.22313292874 2478.57617078783 0.00000000000 0.00000000000 0.00000000000 0.00000000000 0.00000000000 0.00000000000 0.22325332224
0.03161866099 -0.00733322986 0.22313253640 2478.53929693735 0.00000000000 0.00000000000 0.00000000000 0.00000000000 0.00000000000 0.00000000000 0.22325300684
0.03161691880 -0.00733555335 0.22313214140 2478.37478408039 0.00000000000 0.00000000000 0.00000000000 0.00000000000 0.00000000000 0.00000000000 0.22325268838
0.03161515995 -0.00733786385 0.22313174375 2478.34687776886 0.00000000000 0.00000000000 0.00000000000 0.00000000000 0.00000000000 0.00000000000 0.22325236687
0.03161338454 -0.00734016124 0.22313134348 2478.19139199304 0.00000000000 0.00000000000 0.00000000000 0.00000000000 0.00000000000 0.00000000000 0.22325204234
0.03161159266 -0.00734244539 0.22313094061 2478.17254810731 0.00000000000 0.00000000000 0.00000000000 0.00000000000 0.00000000000 0.00000000000 0.22325171480
0.03160978441 -0.00734471617 0.22313053516 2478.02617973810 0.00000000000 0.00000000000 0.00000000000 0.00000000000 0.00000000000 0.00000000000 0.22325138426
0.03160795989 -0.00734697348 0.22313012715 2478.01648702781 0.00000000000 0.00000000000 0.00000000000 0.00000000000 0.00000000000 0.00000000000 0.22325105075
0.03160611918 -0.00734921718 0.22312971661 2477.87931822224 0.00000000000 0.00000000000 0.00000000000 0.00000000000 0.00000000000 0.00000000000 0.22325071428
0.03160426239 -0.00735144716 0.22312930356 2477.87885580896 0.00000000000 0.00000000000 0.00000000000 0.00000000000 0.00000000000 0.00000000000 0.22325037488
0.03160238963 -0.00735366330 0.22312888802 2477.75096060801 0.00000000000 0.00000000000 0.00000000000 0.00000000000 0.00000000000 0.00000000000 0.22325003255
0.03160050098 -0.00735586548 0.22312847001 2477.75979866016 0.00000000000 0.00000000000 0.00000000000 0.00000000000 0.00000000000 0.00000000000 0.22324968732
0.03159859655 -0.00735805359 0.22312804956 2477.64124504730 0.00000000000 0.00000000000 0.00000000000 0.00000000000 0.00000000000 0.00000000000 0.22324933920
0.03159667645 -0.00736022750 0.22312762669 2477.65944876277 0.00000000000 0.00000000000 0.00000000000 0.00000000000 0.00000000000 0.00000000000 0.22324898822
0.03159474076 -0.00736238711 0.22312720142 2477.55029360874 0.00000000000 0.00000000000 0.00000000000 0.00000000000 0.00000000000 0.00000000000 0.22324863439
0.03159278961 -0.00736453229 0.22312677377 2477.57791751860 0.00000000000 0.00000000000 0.00000000000 0.00000000000 0.00000000000 0.00000000000 0.22324827773
0.03159082308 -0.00736666293 0.22312634378 2477.47821134587 0.00000000000 0.00000000000 0.00000000000 0.00000000000 0.00000000000 0.00000000000 0.22324791827
0.03158884129 -0.00736877892 0.22312591145 2477.51530402570 0.00000000000 0.00000000000 0.00000000000 0.00000000000 0.00000000000 0.00000000000 0.22324755601
0.03158684434 -0.00737088014 0.22312547682 2477.42508802534 0.00000000000 0.00000000000 0.00000000000 0.00000000000 0.00000000000 0.00000000000 0.22324719098
0.03158483234 -0.00737296649 0.22312503991 2477.47168692323 0.00000000000 0.00000000000 0.00000000000 0.00000000000 0.00000000000 0.00000000000 0.22324682320
0.03158280540 -0.00737503784 0.22312460074 2477.39099654183 0.00000000000 0.00000000000 0.00000000000 0.00000000000 0.00000000000 0.00000000000 0.22324645269
0.03158076362 -0.00737709410 0.22312415934 2477.44713363649 0.00000000000 0.00000000000 0.00000000000 0.00000000000 0.00000000000 0.00000000000 0.22324607947
0.03157870711 -0.00737913515 0.22312371573 2477.37599386548 0.00000000000 0.00000000000 0.00000000000 0.00000000000 0.00000000000 0.00000000000 0.22324570355
0.03157663599 -0.00738116089 0.22312326993 2477.44169064277 0.00000000000 0.00000000000 0.00000000000 0.00000000000 0.00000000000 0.00000000000 0.22324532497
0.03157455036 -0.00738317119 0.22312282197 2477.38011684895 0.00000000000 0.00000000000 0.00000000000 0.00000000000 0.00000000000 0.00000000000 0.22324494373
0.03157245033 -0.00738516597 0.22312237187 2477.45538705660 0.00000000000 0.00000000000 0.00000000000 0.00000000000 0.00000000000 0.00000000000 0.22324455986
0.03157033602 -0.00738714510 0.22312191966 2477.40338960933 0.00000000000 0.00000000000 0.00000000000 0.00000000000 0.00000000000 0.00000000000 0.22324417338
0.03156820754 -0.00738910849 0.22312146537 2477.48824024359 0.00000000000 0.00000000000 0.00000000000 0.00000000000 0.00000000000 0.00000000000 0.22324378431
0.03156606500 -0.00739105603 0.22312100900 2477.44581895803 0.00000000000 0.00000000000 0.00000000000 0.00000000000 0.00000000000 0.00000000000 0.22324339267
0.03156390852 -0.00739298762 0.22312055061 2477.54024658075 0.00000000000 0.00000000000 0.00000000000 0.00000000000 0.00000000000 0.00000000000 0.22324299848
0.03156173821 -0.00739490315 0.22312009019 2477.50739248628 0.00000000000 0.00000000000 0.00000000000 0.00000000000 0.00000000000 0.00000000000 0.22324260176
0.03155955418 -0.00739680253 0.22311962779 2477.61138542063 0.00000000000 0.00000000000 0.00000000000 0.00000000000 0.00000000000 0.00000000000 0.22324220253
0.03155735657 -0.00739868564 0.22311916342 2477.58808272366 0.00000000000 0.00000000000 0.00000000000 0.00000000000 0.00000000000 0.00000000000 0.22324180083
0.03155514547 -0.00740055239 0.22311869712 2477.70162187704 0.00000000000 0.00000000000 0.00000000000 0.00000000000 0.00000000000 0.00000000000 0.22324139665
0.03155292101 -0.00740240269 0.22311822890 2477.68784374634 0.00000000000 0.00000000000 0.00000000000 0.00000000000 0.00000000000 0.00000000000 0.22324099004
0.03155068332 -0.00740423642 0.22311775879 2477.81090027510 0.00000000000 0.00000000000 0.00000000000 0.00000000000 0.00000000000 0.00000000000 0.22324058100
0.03154843250 -0.00740605350 0.22311728683 2477.80661430648 0.00000000000 0.00000000000 0.00000000000 0.00000000000 0.00000000000 0.00000000000 0.22324016957
0.03154616867 -0.00740785383 0.22311681302 2477.93915236524 0.00000000000 0.00000000000 0.00000000000 0.00000000000 0.00000000000 0.00000000000 0.22323975576
0.03154389197 -0.00740963730 0.22311633741 2477.94431560468 0.00000000000 0.00000000000 0.00000000000 0.00000000000 0.00000000000 0.00000000000 0.22323933959
0.03154160251 -0.00741140383 0.22311586000 2478.08628865731 0.00000000000 0.00000000000 0.00000000000 0.00000000000 0.00000000000 0.00000000000 0.22323892110
0.03153930040 -0.00741315333 0.22311538084 2478.10085125173 0.00000000000 0.00000000000 0.00000000000 0.00000000000 0.00000000000 0.00000000000 0.22323850029
0.03153698579 -0.00741488569 0.22311489995 2478.25220717889 0.00000000000 0.00000000000 0.00000000000 0.00000000000 0.00000000000 0.00000000000 0.22323807719
0.03153465878 -0.00741660082 0.22311441735 2478.27610984504 0.00000000000 0.00000000000 0.00000000000 0.00000000000 0.00000000000 0.00000000000 0.22323765183
0.03153231951 -0.00741829865 0.22311393306 2478.43678592420 0.00000000000 0.00000000000 0.00000000000 0.00000000000 0.00000000000 0.00000000000 0.22323722423
0.03152996809 -0.00741997906 0.22311344712 2478.46995985440 0.00000000000 0.00000000000 0.00000000000 0.00000000000 0.00000000000 0.00000000000 0.22323679441
0.03152760465 -0.00742164198 0.22311295956 2478.63988471980 0.00000000000 0.00000000000 0.00000000000 0.00000000000 0.00000000000 0.00000000000 0.22323636239
0.03152522933 -0.00742328731 0.22311247039 2478.68225564348 0.00000000000 0.00000000000 0.00000000000 0.00000000000 0.00000000000 0.00000000000 0.22323592820
0.03152284224 -0.00742491498 0.22311197964 2478.86135125008 0.00000000000 0.00000000000 0.00000000000 0.00000000000 0.00000000000 0.00000000000 0.22323549185
0.03152044351 -0.00742652488 0.22311148735 2478.91283513465 0.00000000000 0.00000000000 0.00000000000 0.00000000000 0.00000000000 0.00000000000 0.22323505338
0.03151803328 -0.00742811694 0.22311099353 2479.10101524087 0.00000000000 0.00000000000 0.00000000000 0.00000000000 0.00000000000 0.00000000000 0.22323461281
0.03151561166 -0.00742969107 0.22311049822 2479.16151528378 0.00000000000 0.00000000000 0.00000000000 0.00000000000 0.00000000000 0.00000000000 0.22323417015
0.03151317880 -0.00743124718 0.22311000144 2479.35868050487 0.00000000000 0.00000000000 0.00000000000 0.00000000000 0.00000000000 0.00000000000 0.22323372544
0.03151073481 -0.00743278520 0.22310950321 2479.42810775444 0.00000000000 0.00000000000 0.00000000000 0.00000000000 0.00000000000 0.00000000000 0.22323327870
0.03150827983 -0.00743430503 0.22310900357 2479.63416609810 0.00000000000 0.00000000000 0.00000000000 0.00000000000 0.00000000000 0.00000000000 0.22323282995
0.03150581399 -0.00743580661 0.22310850254 2479.71237614829 0.00000000000 0.00000000000 0.00000000000 0.00000000000 0.00000000000 0.00000000000 0.22323237921
0.03150333743 -0.00743728985 0.22310800016 2479.92717892418 0.00000000000 0.00000000000 0.00000000000 0.00000000000 0.00000000000 0.00000000000 0.22323192651
0.03150085026 -0.00743875467 0.22310749643 2480.01418041917 0.00000000000 0.00000000000 0.00000000000 0.00000000000 0.00000000000 0.00000000000 0.22323147188
0.03149835264 -0.00744020099 0.22310699140 2480.23773479806 0.00000000000 0.00000000000 0.00000000000 0.00000000000 0.00000000000 0.00000000000 0.22323101533
0.03149584468 -0.00744162874 0.22310648510 2480.33293922531 0.00000000000 0.00000000000 0.00000000000 0.00000000000 0.00000000000 0.00000000000 0.22323055689
0.03149332653 -0.00744303784 0.22310597753 2480.56465363691 0.00000000000 0.00000000000 0.00000000000 0.00000000000 0.00000000000 0.00000000000 0.22323009659
0.03149079832 -0.00744442821 0.22310546875 2480.66965364162 0.00000000000 0.00000000000 0.00000000000 0.00000000000 0.00000000000 0.00000000000 0.22322963445
0.03148826018 -0.00744579978 0.22310495877 2480.91111991528 0.00000000000 0.00000000000 0.00000000000 0.00000000000 0.00000000000 0.00000000000 0.22322917050
0.03148571224 -0.00744715248 0.22310444762 2481.02547485975 0.00000000000 0.00000000000 0.00000000000 0.00000000000 0.00000000000 0.00000000000 0.22322870475
0.03148315465 -0.00744848623 0.22310393532 2481.27642964122 0.00000000000 0.00000000000 0.00000000000 0.00000000000 0.00000000000 0.00000000000 0.22322823724
0.03148058755 -0.00744980097 0.22310342191 2481.39693464137 0.00000000000 0.00000000000 0.00000000000 0.00000000000 0.00000000000 0.00000000000 0.22322776799
0.03147801106 -0.00745109662 0.22310290742 2481.65324576252 0.00000000000 0.00000000000 0.00000000000 0.00000000000 0.00000000000 0.00000000000 0.22322729703
0.03147542532 -0.00745237311 0.22310239186 2481.72896669324 0.00000000000 0.00000000000 0.00000000000 0.00000000000 0.00000000000 0.00000000000 0.22322682437
0.03147283048 -0.00745363038 0.22310187528 2481.94093090030 0.00000000000 0.00000000000 0.00000000000 0.00000000000 0.00000000000 0.00000000000 0.22322635006
0.03147022667 -0.00745486836 0.22310135770 2482.28913580350 0.00000000000 0.00000000000 0.00000000000 0.00000000000 0.00000000000 0.00000000000 0.22322587410
0.03146761403 -0.00745608699 0.22310083914 2482.77351646448 0.00000000000 0.00000000000 0.00000000000 0.00000000000 0.00000000000 0.00000000000 0.22322539653
