VARIABLES=
"CoordinateX"
"CoordinateY"
"CoordinateZ"
"Kappa1"
"Kappa2"
"dy"
"dz"
"d2x"
"d2y"
"d2z"
"R"
ZONE T="Konrollpunkte"
I=4, J=1, K=1
0.06019246615 -0.00331681693 0.22953496583 0.00000000000 0.00000000000 0.00000000000 0.00000000000 0.00000000000 0.00000000000 0.00000000000 0.00000000000
0.06008441314 -0.00875019473 0.22939171116 0.00000000000 0.00000000000 0.00000000000 0.00000000000 0.00000000000 0.00000000000 0.00000000000 0.00000000000
0.06648843579 -0.00581776245 0.22944786072 0.00000000000 0.00000000000 0.00000000000 0.00000000000 0.00000000000 0.00000000000 0.00000000000 0.00000000000
0.06309347880 -0.00210606151 0.22954725362 0.00000000000 0.00000000000 0.00000000000 0.00000000000 0.00000000000 0.00000000000 0.00000000000 0.00000000000
ZONE T="NURB"
I=101, J=1, K=1
0.06019246615 -0.00331681693 0.22953496583 0.00000000000 0.00000000000 0.00000000000 0.00000000000 0.00000000000 0.00000000000 0.00000000000 0.22955892885
0.06018898562 -0.00349183336 0.22953035141 0.00000000000 0.00000000000 0.00000000000 0.00000000000 0.00000000000 0.00000000000 0.00000000000 0.22955691041
0.06018550508 -0.00366684979 0.22952573698 0.00000000000 0.00000000000 0.00000000000 0.00000000000 0.00000000000 0.00000000000 0.00000000000 0.22955502548
0.06018202455 -0.00384186622 0.22952112255 0.00000000000 0.00000000000 0.00000000000 0.00000000000 0.00000000000 0.00000000000 0.00000000000 0.22955327407
0.06017854402 -0.00401688264 0.22951650813 0.00000000000 0.00000000000 0.00000000000 0.00000000000 0.00000000000 0.00000000000 0.00000000000 0.22955165617
0.06017506348 -0.00419189907 0.22951189370 0.00000000000 0.00000000000 0.00000000000 0.00000000000 0.00000000000 0.00000000000 0.00000000000 0.22955017179
0.06017158295 -0.00436691550 0.22950727927 0.00000000000 0.00000000000 0.00000000000 0.00000000000 0.00000000000 0.00000000000 0.00000000000 0.22954882093
0.06016810242 -0.00454193193 0.22950266485 0.00000000000 0.00000000000 0.00000000000 0.00000000000 0.00000000000 0.00000000000 0.00000000000 0.22954760360
0.06016462188 -0.00471694836 0.22949805042 0.00000000000 0.00000000000 0.00000000000 0.00000000000 0.00000000000 0.00000000000 0.00000000000 0.22954651979
0.06016114135 -0.00489196479 0.22949343600 0.00000000000 0.00000000000 0.00000000000 0.00000000000 0.00000000000 0.00000000000 0.00000000000 0.22954556952
0.06015766082 -0.00506698122 0.22948882157 0.00000000000 0.00000000000 0.00000000000 0.00000000000 0.00000000000 0.00000000000 0.00000000000 0.22954475277
0.06015418028 -0.00524199764 0.22948420714 0.00000000000 0.00000000000 0.00000000000 0.00000000000 0.00000000000 0.00000000000 0.00000000000 0.22954406955
0.06015069975 -0.00541701407 0.22947959272 0.00000000000 0.00000000000 0.00000000000 0.00000000000 0.00000000000 0.00000000000 0.00000000000 0.22954351987
0.06014721922 -0.00559203050 0.22947497829 0.00000000000 0.00000000000 0.00000000000 0.00000000000 0.00000000000 0.00000000000 0.00000000000 0.22954310372
0.06014373868 -0.00576704693 0.22947036387 0.00000000000 0.00000000000 0.00000000000 0.00000000000 0.00000000000 0.00000000000 0.00000000000 0.22954282111
0.06014025815 -0.00594206336 0.22946574944 0.00000000000 0.00000000000 0.00000000000 0.00000000000 0.00000000000 0.00000000000 0.00000000000 0.22954267203
0.06013677762 -0.00611707979 0.22946113501 0.00000000000 0.00000000000 0.00000000000 0.00000000000 0.00000000000 0.00000000000 0.00000000000 0.22954265649
0.06013329708 -0.00629209622 0.22945652059 0.00000000000 0.00000000000 0.00000000000 0.00000000000 0.00000000000 0.00000000000 0.00000000000 0.22954277448
0.06012981655 -0.00646711264 0.22945190616 0.00000000000 0.00000000000 0.00000000000 0.00000000000 0.00000000000 0.00000000000 0.00000000000 0.22954302600
0.06012633602 -0.00664212907 0.22944729174 0.00000000000 0.00000000000 0.00000000000 0.00000000000 0.00000000000 0.00000000000 0.00000000000 0.22954341106
0.06012285549 -0.00681714550 0.22944267731 0.00000000000 0.00000000000 0.00000000000 0.00000000000 0.00000000000 0.00000000000 0.00000000000 0.22954392966
0.06011937495 -0.00699216193 0.22943806288 0.00000000000 0.00000000000 0.00000000000 0.00000000000 0.00000000000 0.00000000000 0.00000000000 0.22954458179
0.06011589442 -0.00716717836 0.22943344846 0.00000000000 0.00000000000 0.00000000000 0.00000000000 0.00000000000 0.00000000000 0.00000000000 0.22954536745
0.06011241389 -0.00734219479 0.22942883403 0.00000000000 0.00000000000 0.00000000000 0.00000000000 0.00000000000 0.00000000000 0.00000000000 0.22954628664
0.06010893335 -0.00751721121 0.22942421960 0.00000000000 0.00000000000 0.00000000000 0.00000000000 0.00000000000 0.00000000000 0.00000000000 0.22954733936
0.06010545282 -0.00769222764 0.22941960518 0.00000000000 0.00000000000 0.00000000000 0.00000000000 0.00000000000 0.00000000000 0.00000000000 0.22954852560
0.06010197229 -0.00786724407 0.22941499075 0.00000000000 0.00000000000 0.00000000000 0.00000000000 0.00000000000 0.00000000000 0.00000000000 0.22954984537
0.06009849175 -0.00804226050 0.22941037633 0.00000000000 0.00000000000 0.00000000000 0.00000000000 0.00000000000 0.00000000000 0.00000000000 0.22955129867
0.06009501122 -0.00821727693 0.22940576190 0.00000000000 0.00000000000 0.00000000000 0.00000000000 0.00000000000 0.00000000000 0.00000000000 0.22955288548
0.06009153069 -0.00839229336 0.22940114747 0.00000000000 0.00000000000 0.00000000000 0.00000000000 0.00000000000 0.00000000000 0.00000000000 0.22955460581
0.06008805015 -0.00856730979 0.22939653305 0.00000000000 0.00000000000 0.00000000000 0.00000000000 0.00000000000 0.00000000000 0.00000000000 0.22955645966
0.06008456962 -0.00874232621 0.22939191862 0.00000000000 0.00000000000 0.00000000000 0.00000000000 0.00000000000 0.00000000000 0.00000000000 0.22955844702
0.06023646411 -0.00868056987 0.22939304432 0.00000000000 0.00000000000 0.00000000000 0.00000000000 0.00000000000 0.00000000000 0.00000000000 0.22955722833
0.06039567290 -0.00860766741 0.22939444024 0.00000000000 0.00000000000 0.00000000000 0.00000000000 0.00000000000 0.00000000000 0.00000000000 0.22955587806
0.06055488170 -0.00853476495 0.22939583616 0.00000000000 0.00000000000 0.00000000000 0.00000000000 0.00000000000 0.00000000000 0.00000000000 0.22955455095
0.06071409049 -0.00846186249 0.22939723208 0.00000000000 0.00000000000 0.00000000000 0.00000000000 0.00000000000 0.00000000000 0.00000000000 0.22955324699
0.06087329928 -0.00838896003 0.22939862800 0.00000000000 0.00000000000 0.00000000000 0.00000000000 0.00000000000 0.00000000000 0.00000000000 0.22955196619
0.06103250808 -0.00831605757 0.22940002392 0.00000000000 0.00000000000 0.00000000000 0.00000000000 0.00000000000 0.00000000000 0.00000000000 0.22955070854
0.06119171687 -0.00824315511 0.22940141984 0.00000000000 0.00000000000 0.00000000000 0.00000000000 0.00000000000 0.00000000000 0.00000000000 0.22954947404
0.06135092567 -0.00817025265 0.22940281576 0.00000000000 0.00000000000 0.00000000000 0.00000000000 0.00000000000 0.00000000000 0.00000000000 0.22954826270
0.06151013446 -0.00809735019 0.22940421168 0.00000000000 0.00000000000 0.00000000000 0.00000000000 0.00000000000 0.00000000000 0.00000000000 0.22954707451
0.06166934325 -0.00802444773 0.22940560760 0.00000000000 0.00000000000 0.00000000000 0.00000000000 0.00000000000 0.00000000000 0.00000000000 0.22954590948
0.06182855205 -0.00795154527 0.22940700352 0.00000000000 0.00000000000 0.00000000000 0.00000000000 0.00000000000 0.00000000000 0.00000000000 0.22954476761
0.06198776084 -0.00787864281 0.22940839944 0.00000000000 0.00000000000 0.00000000000 0.00000000000 0.00000000000 0.00000000000 0.00000000000 0.22954364889
0.06214696963 -0.00780574035 0.22940979536 0.00000000000 0.00000000000 0.00000000000 0.00000000000 0.00000000000 0.00000000000 0.00000000000 0.22954255333
0.06230617843 -0.00773283789 0.22941119128 0.00000000000 0.00000000000 0.00000000000 0.00000000000 0.00000000000 0.00000000000 0.00000000000 0.22954148093
0.06246538722 -0.00765993543 0.22941258720 0.00000000000 0.00000000000 0.00000000000 0.00000000000 0.00000000000 0.00000000000 0.00000000000 0.22954043168
0.06262459602 -0.00758703297 0.22941398312 0.00000000000 0.00000000000 0.00000000000 0.00000000000 0.00000000000 0.00000000000 0.00000000000 0.22953940560
0.06278380481 -0.00751413051 0.22941537904 0.00000000000 0.00000000000 0.00000000000 0.00000000000 0.00000000000 0.00000000000 0.00000000000 0.22953840267
0.06294301360 -0.00744122805 0.22941677496 0.00000000000 0.00000000000 0.00000000000 0.00000000000 0.00000000000 0.00000000000 0.00000000000 0.22953742289
0.06310222240 -0.00736832559 0.22941817088 0.00000000000 0.00000000000 0.00000000000 0.00000000000 0.00000000000 0.00000000000 0.00000000000 0.22953646628
0.06326143119 -0.00729542313 0.22941956680 0.00000000000 0.00000000000 0.00000000000 0.00000000000 0.00000000000 0.00000000000 0.00000000000 0.22953553283
0.06342063998 -0.00722252067 0.22942096272 0.00000000000 0.00000000000 0.00000000000 0.00000000000 0.00000000000 0.00000000000 0.00000000000 0.22953462253
0.06357984878 -0.00714961821 0.22942235864 0.00000000000 0.00000000000 0.00000000000 0.00000000000 0.00000000000 0.00000000000 0.00000000000 0.22953373540
0.06373905757 -0.00707671575 0.22942375456 0.00000000000 0.00000000000 0.00000000000 0.00000000000 0.00000000000 0.00000000000 0.00000000000 0.22953287142
0.06389826637 -0.00700381329 0.22942515048 0.00000000000 0.00000000000 0.00000000000 0.00000000000 0.00000000000 0.00000000000 0.00000000000 0.22953203061
0.06405747516 -0.00693091083 0.22942654640 0.00000000000 0.00000000000 0.00000000000 0.00000000000 0.00000000000 0.00000000000 0.00000000000 0.22953121295
0.06421668395 -0.00685800837 0.22942794232 0.00000000000 0.00000000000 0.00000000000 0.00000000000 0.00000000000 0.00000000000 0.00000000000 0.22953041846
0.06437589275 -0.00678510591 0.22942933824 0.00000000000 0.00000000000 0.00000000000 0.00000000000 0.00000000000 0.00000000000 0.00000000000 0.22952964712
0.06453510154 -0.00671220345 0.22943073416 0.00000000000 0.00000000000 0.00000000000 0.00000000000 0.00000000000 0.00000000000 0.00000000000 0.22952889895
0.06469431033 -0.00663930099 0.22943213008 0.00000000000 0.00000000000 0.00000000000 0.00000000000 0.00000000000 0.00000000000 0.00000000000 0.22952817394
0.06485351913 -0.00656639853 0.22943352600 0.00000000000 0.00000000000 0.00000000000 0.00000000000 0.00000000000 0.00000000000 0.00000000000 0.22952747209
0.06501272792 -0.00649349607 0.22943492192 0.00000000000 0.00000000000 0.00000000000 0.00000000000 0.00000000000 0.00000000000 0.00000000000 0.22952679340
0.06517193672 -0.00642059361 0.22943631784 0.00000000000 0.00000000000 0.00000000000 0.00000000000 0.00000000000 0.00000000000 0.00000000000 0.22952613787
0.06533114551 -0.00634769115 0.22943771376 0.00000000000 0.00000000000 0.00000000000 0.00000000000 0.00000000000 0.00000000000 0.00000000000 0.22952550551
0.06549035430 -0.00627478869 0.22943910968 0.00000000000 0.00000000000 0.00000000000 0.00000000000 0.00000000000 0.00000000000 0.00000000000 0.22952489631
0.06564956310 -0.00620188623 0.22944050560 0.00000000000 0.00000000000 0.00000000000 0.00000000000 0.00000000000 0.00000000000 0.00000000000 0.22952431027
0.06580877189 -0.00612898377 0.22944190152 0.00000000000 0.00000000000 0.00000000000 0.00000000000 0.00000000000 0.00000000000 0.00000000000 0.22952374739
0.06596798068 -0.00605608131 0.22944329744 0.00000000000 0.00000000000 0.00000000000 0.00000000000 0.00000000000 0.00000000000 0.00000000000 0.22952320767
0.06612718948 -0.00598317885 0.22944469336 0.00000000000 0.00000000000 0.00000000000 0.00000000000 0.00000000000 0.00000000000 0.00000000000 0.22952269112
0.06628639827 -0.00591027638 0.22944608928 0.00000000000 0.00000000000 0.00000000000 0.00000000000 0.00000000000 0.00000000000 0.00000000000 0.22952219773
0.06644560707 -0.00583737392 0.22944748520 0.00000000000 0.00000000000 0.00000000000 0.00000000000 0.00000000000 0.00000000000 0.00000000000 0.22952172751
0.06640205935 -0.00572332724 0.22945038953 0.00000000000 0.00000000000 0.00000000000 0.00000000000 0.00000000000 0.00000000000 0.00000000000 0.22952175873
0.06628389576 -0.00559413918 0.22945384896 0.00000000000 0.00000000000 0.00000000000 0.00000000000 0.00000000000 0.00000000000 0.00000000000 0.22952203205
0.06616573217 -0.00546495112 0.22945730839 0.00000000000 0.00000000000 0.00000000000 0.00000000000 0.00000000000 0.00000000000 0.00000000000 0.22952237813
0.06604756858 -0.00533576305 0.22946076782 0.00000000000 0.00000000000 0.00000000000 0.00000000000 0.00000000000 0.00000000000 0.00000000000 0.22952279699
0.06592940499 -0.00520657499 0.22946422725 0.00000000000 0.00000000000 0.00000000000 0.00000000000 0.00000000000 0.00000000000 0.00000000000 0.22952328861
0.06581124140 -0.00507738693 0.22946768669 0.00000000000 0.00000000000 0.00000000000 0.00000000000 0.00000000000 0.00000000000 0.00000000000 0.22952385299
0.06569307781 -0.00494819887 0.22947114612 0.00000000000 0.00000000000 0.00000000000 0.00000000000 0.00000000000 0.00000000000 0.00000000000 0.22952449014
0.06557491421 -0.00481901081 0.22947460555 0.00000000000 0.00000000000 0.00000000000 0.00000000000 0.00000000000 0.00000000000 0.00000000000 0.22952520005
0.06545675062 -0.00468982274 0.22947806498 0.00000000000 0.00000000000 0.00000000000 0.00000000000 0.00000000000 0.00000000000 0.00000000000 0.22952598272
0.06533858703 -0.00456063468 0.22948152441 0.00000000000 0.00000000000 0.00000000000 0.00000000000 0.00000000000 0.00000000000 0.00000000000 0.22952683816
0.06522042344 -0.00443144662 0.22948498384 0.00000000000 0.00000000000 0.00000000000 0.00000000000 0.00000000000 0.00000000000 0.00000000000 0.22952776636
0.06510225985 -0.00430225856 0.22948844328 0.00000000000 0.00000000000 0.00000000000 0.00000000000 0.00000000000 0.00000000000 0.00000000000 0.22952876732
0.06498409626 -0.00417307050 0.22949190271 0.00000000000 0.00000000000 0.00000000000 0.00000000000 0.00000000000 0.00000000000 0.00000000000 0.22952984104
0.06486593267 -0.00404388243 0.22949536214 0.00000000000 0.00000000000 0.00000000000 0.00000000000 0.00000000000 0.00000000000 0.00000000000 0.22953098751
0.06474776908 -0.00391469437 0.22949882157 0.00000000000 0.00000000000 0.00000000000 0.00000000000 0.00000000000 0.00000000000 0.00000000000 0.22953220675
0.06462960548 -0.00378550631 0.22950228100 0.00000000000 0.00000000000 0.00000000000 0.00000000000 0.00000000000 0.00000000000 0.00000000000 0.22953349874
0.06451144189 -0.00365631825 0.22950574044 0.00000000000 0.00000000000 0.00000000000 0.00000000000 0.00000000000 0.00000000000 0.00000000000 0.22953486349
0.06439327830 -0.00352713019 0.22950919987 0.00000000000 0.00000000000 0.00000000000 0.00000000000 0.00000000000 0.00000000000 0.00000000000 0.22953630099
0.06427511471 -0.00339794213 0.22951265930 0.00000000000 0.00000000000 0.00000000000 0.00000000000 0.00000000000 0.00000000000 0.00000000000 0.22953781124
0.06415695112 -0.00326875406 0.22951611873 0.00000000000 0.00000000000 0.00000000000 0.00000000000 0.00000000000 0.00000000000 0.00000000000 0.22953939424
0.06403878753 -0.00313956600 0.22951957816 0.00000000000 0.00000000000 0.00000000000 0.00000000000 0.00000000000 0.00000000000 0.00000000000 0.22954105000
0.06392062394 -0.00301037794 0.22952303759 0.00000000000 0.00000000000 0.00000000000 0.00000000000 0.00000000000 0.00000000000 0.00000000000 0.22954277850
0.06380246035 -0.00288118988 0.22952649703 0.00000000000 0.00000000000 0.00000000000 0.00000000000 0.00000000000 0.00000000000 0.00000000000 0.22954457975
0.06368429675 -0.00275200182 0.22952995646 0.00000000000 0.00000000000 0.00000000000 0.00000000000 0.00000000000 0.00000000000 0.00000000000 0.22954645374
0.06356613316 -0.00262281375 0.22953341589 0.00000000000 0.00000000000 0.00000000000 0.00000000000 0.00000000000 0.00000000000 0.00000000000 0.22954840048
0.06344796957 -0.00249362569 0.22953687532 0.00000000000 0.00000000000 0.00000000000 0.00000000000 0.00000000000 0.00000000000 0.00000000000 0.22955041995
0.06332980598 -0.00236443763 0.22954033475 0.00000000000 0.00000000000 0.00000000000 0.00000000000 0.00000000000 0.00000000000 0.00000000000 0.22955251217
0.06321164239 -0.00223524957 0.22954379418 0.00000000000 0.00000000000 0.00000000000 0.00000000000 0.00000000000 0.00000000000 0.00000000000 0.22955467712
0.06309347880 -0.00210606151 0.22954725362 0.00000000000 0.00000000000 0.00000000000 0.00000000000 0.00000000000 0.00000000000 0.00000000000 0.22955691481
