VARIABLES=
"CoordinateX"
"CoordinateY"
"CoordinateZ"
"Kappa1"
"Kappa2"
"dy"
"dz"
"d2x"
"d2y"
"d2z"
"R"
ZONE T="Konrollpunkte"
I=101, J=1, K=1
0.07044525244 0.00540093218 0.24441730808 0.00000000000 0.00000000000 0.00000000000 0.00000000000 0.00000000000 0.00000000000 0.00000000000 0.00000000000
0.07042890181 0.00537153912 0.24441733918 0.00000000000 0.00000000000 0.00000000000 0.00000000000 0.00000000000 0.00000000000 0.00000000000 0.00000000000
0.07040428054 0.00532740971 0.24441737647 0.00000000000 0.00000000000 0.00000000000 0.00000000000 0.00000000000 0.00000000000 0.00000000000 0.00000000000
0.07037135462 0.00526860866 0.24441740931 0.00000000000 0.00000000000 0.00000000000 0.00000000000 0.00000000000 0.00000000000 0.00000000000 0.00000000000
0.07034660122 0.00522451515 0.24441742227 0.00000000000 0.00000000000 0.00000000000 0.00000000000 0.00000000000 0.00000000000 0.00000000000 0.00000000000
0.07032179612 0.00518044215 0.24441742490 0.00000000000 0.00000000000 0.00000000000 0.00000000000 0.00000000000 0.00000000000 0.00000000000 0.00000000000
0.07029694027 0.00513639128 0.24441741721 0.00000000000 0.00000000000 0.00000000000 0.00000000000 0.00000000000 0.00000000000 0.00000000000 0.00000000000
0.07027203295 0.00509236273 0.24441739918 0.00000000000 0.00000000000 0.00000000000 0.00000000000 0.00000000000 0.00000000000 0.00000000000 0.00000000000
0.07024707425 0.00504835699 0.24441737081 0.00000000000 0.00000000000 0.00000000000 0.00000000000 0.00000000000 0.00000000000 0.00000000000 0.00000000000
0.07022206371 0.00500437421 0.24441733209 0.00000000000 0.00000000000 0.00000000000 0.00000000000 0.00000000000 0.00000000000 0.00000000000 0.00000000000
0.07019699992 0.00496041471 0.24441731611 0.00000000000 0.00000000000 0.00000000000 0.00000000000 0.00000000000 0.00000000000 0.00000000000 0.00000000000
0.07017188319 0.00491647874 0.24441730552 0.00000000000 0.00000000000 0.00000000000 0.00000000000 0.00000000000 0.00000000000 0.00000000000 0.00000000000
0.07014671384 0.00487256658 0.24441728467 0.00000000000 0.00000000000 0.00000000000 0.00000000000 0.00000000000 0.00000000000 0.00000000000 0.00000000000
0.07012149159 0.00482867847 0.24441725357 0.00000000000 0.00000000000 0.00000000000 0.00000000000 0.00000000000 0.00000000000 0.00000000000 0.00000000000
0.07009621613 0.00478481468 0.24441721221 0.00000000000 0.00000000000 0.00000000000 0.00000000000 0.00000000000 0.00000000000 0.00000000000 0.00000000000
0.07007088711 0.00474097546 0.24441716060 0.00000000000 0.00000000000 0.00000000000 0.00000000000 0.00000000000 0.00000000000 0.00000000000 0.00000000000
0.07004550425 0.00469716111 0.24441709872 0.00000000000 0.00000000000 0.00000000000 0.00000000000 0.00000000000 0.00000000000 0.00000000000 0.00000000000
0.07002006716 0.00465337192 0.24441702657 0.00000000000 0.00000000000 0.00000000000 0.00000000000 0.00000000000 0.00000000000 0.00000000000 0.00000000000
0.06999457553 0.00460960820 0.24441694414 0.00000000000 0.00000000000 0.00000000000 0.00000000000 0.00000000000 0.00000000000 0.00000000000 0.00000000000
0.06996902906 0.00456587024 0.24441685145 0.00000000000 0.00000000000 0.00000000000 0.00000000000 0.00000000000 0.00000000000 0.00000000000 0.00000000000
0.06994342735 0.00452215833 0.24441674847 0.00000000000 0.00000000000 0.00000000000 0.00000000000 0.00000000000 0.00000000000 0.00000000000 0.00000000000
0.06991777005 0.00447847274 0.24441663521 0.00000000000 0.00000000000 0.00000000000 0.00000000000 0.00000000000 0.00000000000 0.00000000000 0.00000000000
0.06989205685 0.00443481381 0.24441651165 0.00000000000 0.00000000000 0.00000000000 0.00000000000 0.00000000000 0.00000000000 0.00000000000 0.00000000000
0.06986628738 0.00439118182 0.24441637781 0.00000000000 0.00000000000 0.00000000000 0.00000000000 0.00000000000 0.00000000000 0.00000000000 0.00000000000
0.06984046123 0.00434757706 0.24441623367 0.00000000000 0.00000000000 0.00000000000 0.00000000000 0.00000000000 0.00000000000 0.00000000000 0.00000000000
0.06981457807 0.00430399984 0.24441607923 0.00000000000 0.00000000000 0.00000000000 0.00000000000 0.00000000000 0.00000000000 0.00000000000 0.00000000000
0.06978863762 0.00426045051 0.24441591449 0.00000000000 0.00000000000 0.00000000000 0.00000000000 0.00000000000 0.00000000000 0.00000000000 0.00000000000
0.06976263945 0.00421692936 0.24441573944 0.00000000000 0.00000000000 0.00000000000 0.00000000000 0.00000000000 0.00000000000 0.00000000000 0.00000000000
0.06973658323 0.00417343669 0.24441555409 0.00000000000 0.00000000000 0.00000000000 0.00000000000 0.00000000000 0.00000000000 0.00000000000 0.00000000000
0.06971046862 0.00412997283 0.24441535842 0.00000000000 0.00000000000 0.00000000000 0.00000000000 0.00000000000 0.00000000000 0.00000000000 0.00000000000
0.06968429525 0.00408653807 0.24441515244 0.00000000000 0.00000000000 0.00000000000 0.00000000000 0.00000000000 0.00000000000 0.00000000000 0.00000000000
0.06965806277 0.00404313275 0.24441493615 0.00000000000 0.00000000000 0.00000000000 0.00000000000 0.00000000000 0.00000000000 0.00000000000 0.00000000000
0.06963177084 0.00399975717 0.24441470953 0.00000000000 0.00000000000 0.00000000000 0.00000000000 0.00000000000 0.00000000000 0.00000000000 0.00000000000
0.06960541912 0.00395641167 0.24441447260 0.00000000000 0.00000000000 0.00000000000 0.00000000000 0.00000000000 0.00000000000 0.00000000000 0.00000000000
0.06957900726 0.00391309659 0.24441422534 0.00000000000 0.00000000000 0.00000000000 0.00000000000 0.00000000000 0.00000000000 0.00000000000 0.00000000000
0.06955253491 0.00386981225 0.24441396776 0.00000000000 0.00000000000 0.00000000000 0.00000000000 0.00000000000 0.00000000000 0.00000000000 0.00000000000
0.06952600167 0.00382655895 0.24441369986 0.00000000000 0.00000000000 0.00000000000 0.00000000000 0.00000000000 0.00000000000 0.00000000000 0.00000000000
0.06949940721 0.00378333703 0.24441342163 0.00000000000 0.00000000000 0.00000000000 0.00000000000 0.00000000000 0.00000000000 0.00000000000 0.00000000000
0.06947275122 0.00374014686 0.24441313307 0.00000000000 0.00000000000 0.00000000000 0.00000000000 0.00000000000 0.00000000000 0.00000000000 0.00000000000
0.06944603328 0.00369698878 0.24441283419 0.00000000000 0.00000000000 0.00000000000 0.00000000000 0.00000000000 0.00000000000 0.00000000000 0.00000000000
0.06941925300 0.00365386313 0.24441252497 0.00000000000 0.00000000000 0.00000000000 0.00000000000 0.00000000000 0.00000000000 0.00000000000 0.00000000000
0.06939241001 0.00361077030 0.24441220542 0.00000000000 0.00000000000 0.00000000000 0.00000000000 0.00000000000 0.00000000000 0.00000000000 0.00000000000
0.06936550389 0.00356771060 0.24441187553 0.00000000000 0.00000000000 0.00000000000 0.00000000000 0.00000000000 0.00000000000 0.00000000000 0.00000000000
0.06933853422 0.00352468439 0.24441153531 0.00000000000 0.00000000000 0.00000000000 0.00000000000 0.00000000000 0.00000000000 0.00000000000 0.00000000000
0.06931150065 0.00348169207 0.24441118474 0.00000000000 0.00000000000 0.00000000000 0.00000000000 0.00000000000 0.00000000000 0.00000000000 0.00000000000
0.06928440275 0.00343873399 0.24441082384 0.00000000000 0.00000000000 0.00000000000 0.00000000000 0.00000000000 0.00000000000 0.00000000000 0.00000000000
0.06925724019 0.00339581056 0.24441045259 0.00000000000 0.00000000000 0.00000000000 0.00000000000 0.00000000000 0.00000000000 0.00000000000 0.00000000000
0.06923001246 0.00335292213 0.24441007100 0.00000000000 0.00000000000 0.00000000000 0.00000000000 0.00000000000 0.00000000000 0.00000000000 0.00000000000
0.06920271929 0.00331006911 0.24440967906 0.00000000000 0.00000000000 0.00000000000 0.00000000000 0.00000000000 0.00000000000 0.00000000000 0.00000000000
0.06917536017 0.00326725182 0.24440927678 0.00000000000 0.00000000000 0.00000000000 0.00000000000 0.00000000000 0.00000000000 0.00000000000 0.00000000000
0.06914793466 0.00322447065 0.24440886415 0.00000000000 0.00000000000 0.00000000000 0.00000000000 0.00000000000 0.00000000000 0.00000000000 0.00000000000
0.06912044248 0.00318172605 0.24440844118 0.00000000000 0.00000000000 0.00000000000 0.00000000000 0.00000000000 0.00000000000 0.00000000000 0.00000000000
0.06909288320 0.00313901836 0.24440800786 0.00000000000 0.00000000000 0.00000000000 0.00000000000 0.00000000000 0.00000000000 0.00000000000 0.00000000000
0.06906525641 0.00309634797 0.24440756419 0.00000000000 0.00000000000 0.00000000000 0.00000000000 0.00000000000 0.00000000000 0.00000000000 0.00000000000
0.06903756169 0.00305371526 0.24440711018 0.00000000000 0.00000000000 0.00000000000 0.00000000000 0.00000000000 0.00000000000 0.00000000000 0.00000000000
0.06900979863 0.00301112059 0.24440664582 0.00000000000 0.00000000000 0.00000000000 0.00000000000 0.00000000000 0.00000000000 0.00000000000 0.00000000000
0.06898196686 0.00296856440 0.24440617111 0.00000000000 0.00000000000 0.00000000000 0.00000000000 0.00000000000 0.00000000000 0.00000000000 0.00000000000
0.06895406601 0.00292604710 0.24440568606 0.00000000000 0.00000000000 0.00000000000 0.00000000000 0.00000000000 0.00000000000 0.00000000000 0.00000000000
0.06892609571 0.00288356911 0.24440519068 0.00000000000 0.00000000000 0.00000000000 0.00000000000 0.00000000000 0.00000000000 0.00000000000 0.00000000000
0.06889805548 0.00284113077 0.24440468495 0.00000000000 0.00000000000 0.00000000000 0.00000000000 0.00000000000 0.00000000000 0.00000000000 0.00000000000
0.06886994484 0.00279873245 0.24440416887 0.00000000000 0.00000000000 0.00000000000 0.00000000000 0.00000000000 0.00000000000 0.00000000000 0.00000000000
0.06884176352 0.00275637460 0.24440364247 0.00000000000 0.00000000000 0.00000000000 0.00000000000 0.00000000000 0.00000000000 0.00000000000 0.00000000000
0.06881351105 0.00271405761 0.24440310572 0.00000000000 0.00000000000 0.00000000000 0.00000000000 0.00000000000 0.00000000000 0.00000000000 0.00000000000
0.06878518700 0.00267178194 0.24440255864 0.00000000000 0.00000000000 0.00000000000 0.00000000000 0.00000000000 0.00000000000 0.00000000000 0.00000000000
0.06875679083 0.00262954801 0.24440200123 0.00000000000 0.00000000000 0.00000000000 0.00000000000 0.00000000000 0.00000000000 0.00000000000 0.00000000000
0.06872832217 0.00258735629 0.24440143347 0.00000000000 0.00000000000 0.00000000000 0.00000000000 0.00000000000 0.00000000000 0.00000000000 0.00000000000
0.06869978053 0.00254520722 0.24440085539 0.00000000000 0.00000000000 0.00000000000 0.00000000000 0.00000000000 0.00000000000 0.00000000000 0.00000000000
0.06867116545 0.00250310128 0.24440026697 0.00000000000 0.00000000000 0.00000000000 0.00000000000 0.00000000000 0.00000000000 0.00000000000 0.00000000000
0.06864247647 0.00246103890 0.24439966822 0.00000000000 0.00000000000 0.00000000000 0.00000000000 0.00000000000 0.00000000000 0.00000000000 0.00000000000
0.06861371314 0.00241902056 0.24439905913 0.00000000000 0.00000000000 0.00000000000 0.00000000000 0.00000000000 0.00000000000 0.00000000000 0.00000000000
0.06858487489 0.00237704673 0.24439843971 0.00000000000 0.00000000000 0.00000000000 0.00000000000 0.00000000000 0.00000000000 0.00000000000 0.00000000000
0.06855596136 0.00233511792 0.24439780997 0.00000000000 0.00000000000 0.00000000000 0.00000000000 0.00000000000 0.00000000000 0.00000000000 0.00000000000
0.06852697212 0.00229323462 0.24439716990 0.00000000000 0.00000000000 0.00000000000 0.00000000000 0.00000000000 0.00000000000 0.00000000000 0.00000000000
0.06849790649 0.00225139725 0.24439651950 0.00000000000 0.00000000000 0.00000000000 0.00000000000 0.00000000000 0.00000000000 0.00000000000 0.00000000000
0.06846876418 0.00220960637 0.24439585878 0.00000000000 0.00000000000 0.00000000000 0.00000000000 0.00000000000 0.00000000000 0.00000000000 0.00000000000
0.06843954475 0.00216786248 0.24439518774 0.00000000000 0.00000000000 0.00000000000 0.00000000000 0.00000000000 0.00000000000 0.00000000000 0.00000000000
0.06841024765 0.00212616606 0.24439450638 0.00000000000 0.00000000000 0.00000000000 0.00000000000 0.00000000000 0.00000000000 0.00000000000 0.00000000000
0.06838087250 0.00208451764 0.24439381471 0.00000000000 0.00000000000 0.00000000000 0.00000000000 0.00000000000 0.00000000000 0.00000000000 0.00000000000
0.06835141874 0.00204291766 0.24439311273 0.00000000000 0.00000000000 0.00000000000 0.00000000000 0.00000000000 0.00000000000 0.00000000000 0.00000000000
0.06832188603 0.00200136668 0.24439240044 0.00000000000 0.00000000000 0.00000000000 0.00000000000 0.00000000000 0.00000000000 0.00000000000 0.00000000000
0.06829227386 0.00195986519 0.24439167786 0.00000000000 0.00000000000 0.00000000000 0.00000000000 0.00000000000 0.00000000000 0.00000000000 0.00000000000
0.06826258181 0.00191841372 0.24439094498 0.00000000000 0.00000000000 0.00000000000 0.00000000000 0.00000000000 0.00000000000 0.00000000000 0.00000000000
0.06823280938 0.00187701274 0.24439020181 0.00000000000 0.00000000000 0.00000000000 0.00000000000 0.00000000000 0.00000000000 0.00000000000 0.00000000000
0.06820295608 0.00183566278 0.24438944836 0.00000000000 0.00000000000 0.00000000000 0.00000000000 0.00000000000 0.00000000000 0.00000000000 0.00000000000
0.06817302158 0.00179436440 0.24438868463 0.00000000000 0.00000000000 0.00000000000 0.00000000000 0.00000000000 0.00000000000 0.00000000000 0.00000000000
0.06814300530 0.00175311806 0.24438791062 0.00000000000 0.00000000000 0.00000000000 0.00000000000 0.00000000000 0.00000000000 0.00000000000 0.00000000000
0.06811290690 0.00171192436 0.24438712635 0.00000000000 0.00000000000 0.00000000000 0.00000000000 0.00000000000 0.00000000000 0.00000000000 0.00000000000
0.06808272581 0.00167078379 0.24438633182 0.00000000000 0.00000000000 0.00000000000 0.00000000000 0.00000000000 0.00000000000 0.00000000000 0.00000000000
0.06805246146 0.00162969684 0.24438552703 0.00000000000 0.00000000000 0.00000000000 0.00000000000 0.00000000000 0.00000000000 0.00000000000 0.00000000000
0.06802211343 0.00158866413 0.24438471199 0.00000000000 0.00000000000 0.00000000000 0.00000000000 0.00000000000 0.00000000000 0.00000000000 0.00000000000
0.06799168115 0.00154768612 0.24438388670 0.00000000000 0.00000000000 0.00000000000 0.00000000000 0.00000000000 0.00000000000 0.00000000000 0.00000000000
0.06796116404 0.00150676318 0.24438305117 0.00000000000 0.00000000000 0.00000000000 0.00000000000 0.00000000000 0.00000000000 0.00000000000 0.00000000000
0.06793056031 0.00146589418 0.24438220537 0.00000000000 0.00000000000 0.00000000000 0.00000000000 0.00000000000 0.00000000000 0.00000000000 0.00000000000
0.06789986595 0.00142507513 0.24438134921 0.00000000000 0.00000000000 0.00000000000 0.00000000000 0.00000000000 0.00000000000 0.00000000000 0.00000000000
0.06786907339 0.00138429729 0.24438048248 0.00000000000 0.00000000000 0.00000000000 0.00000000000 0.00000000000 0.00000000000 0.00000000000 0.00000000000
0.06783817225 0.00134354838 0.24437960491 0.00000000000 0.00000000000 0.00000000000 0.00000000000 0.00000000000 0.00000000000 0.00000000000 0.00000000000
0.06780715289 0.00130281757 0.24437871622 0.00000000000 0.00000000000 0.00000000000 0.00000000000 0.00000000000 0.00000000000 0.00000000000 0.00000000000
0.06777605808 0.00126216212 0.24437781766 0.00000000000 0.00000000000 0.00000000000 0.00000000000 0.00000000000 0.00000000000 0.00000000000 0.00000000000
0.06773465851 0.00120826693 0.24437660967 0.00000000000 0.00000000000 0.00000000000 0.00000000000 0.00000000000 0.00000000000 0.00000000000 0.00000000000
0.06770352647 0.00116799878 0.24437569220 0.00000000000 0.00000000000 0.00000000000 0.00000000000 0.00000000000 0.00000000000 0.00000000000 0.00000000000
0.06768277481 0.00114127383 0.24437507641 0.00000000000 0.00000000000 0.00000000000 0.00000000000 0.00000000000 0.00000000000 0.00000000000 0.00000000000
ZONE T="NURB"
I=201, J=1, K=1
0.07044525244 0.00540093218 0.24441730808 25.39264877867 0.00000000000 0.00000000000 0.00000000000 0.00000000000 0.00000000000 0.00000000000 0.24447697347
0.07043294076 0.00537881610 0.24441733031 24.15828234571 0.00000000000 0.00000000000 0.00000000000 0.00000000000 0.00000000000 0.00000000000 0.24447650811
0.07042060893 0.00535669532 0.24441735024 22.94423240242 0.00000000000 0.00000000000 0.00000000000 0.00000000000 0.00000000000 0.00000000000 0.24447604235
0.07040825975 0.00533457330 0.24441736793 21.74861883637 0.00000000000 0.00000000000 0.00000000000 0.00000000000 0.00000000000 0.00000000000 0.24447557632
0.07039589601 0.00531245351 0.24441738344 20.59248567246 0.00000000000 0.00000000000 0.00000000000 0.00000000000 0.00000000000 0.00000000000 0.24447511017
0.07038351994 0.00529033877 0.24441739675 21.29207193061 0.00000000000 0.00000000000 0.00000000000 0.00000000000 0.00000000000 0.00000000000 0.24447464392
0.07037113156 0.00526822957 0.24441740752 21.98939912486 0.00000000000 0.00000000000 0.00000000000 0.00000000000 0.00000000000 0.00000000000 0.24447417725
0.07035873049 0.00524612586 0.24441741546 21.95590397232 0.00000000000 0.00000000000 0.00000000000 0.00000000000 0.00000000000 0.00000000000 0.24447370987
0.07034631680 0.00522402791 0.24441742064 21.92710802985 0.00000000000 0.00000000000 0.00000000000 0.00000000000 0.00000000000 0.00000000000 0.24447324184
0.07033389061 0.00520193600 0.24441742319 21.91616931293 0.00000000000 0.00000000000 0.00000000000 0.00000000000 0.00000000000 0.00000000000 0.24447277332
0.07032145202 0.00517985025 0.24441742315 21.90951761958 0.00000000000 0.00000000000 0.00000000000 0.00000000000 0.00000000000 0.00000000000 0.24447230433
0.07030900103 0.00515777072 0.24441742051 22.04555020293 0.00000000000 0.00000000000 0.00000000000 0.00000000000 0.00000000000 0.00000000000 0.24447183488
0.07029653757 0.00513569743 0.24441741528 22.17797371492 0.00000000000 0.00000000000 0.00000000000 0.00000000000 0.00000000000 0.00000000000 0.24447136495
0.07028406155 0.00511363036 0.24441740746 22.20717194344 0.00000000000 0.00000000000 0.00000000000 0.00000000000 0.00000000000 0.00000000000 0.24447089455
0.07027157295 0.00509156957 0.24441739703 22.23849685005 0.00000000000 0.00000000000 0.00000000000 0.00000000000 0.00000000000 0.00000000000 0.24447042368
0.07025907178 0.00506951510 0.24441738401 22.32260046812 0.00000000000 0.00000000000 0.00000000000 0.00000000000 0.00000000000 0.00000000000 0.24446995233
0.07024655798 0.00504746697 0.24441736840 22.36813549790 0.00000000000 0.00000000000 0.00000000000 0.00000000000 0.00000000000 0.00000000000 0.24446948051
0.07023403148 0.00502542522 0.24441735097 22.47934004124 0.00000000000 0.00000000000 0.00000000000 0.00000000000 0.00000000000 0.00000000000 0.24446900898
0.07022149212 0.00500338986 0.24441733527 24.20144495206 0.00000000000 0.00000000000 0.00000000000 0.00000000000 0.00000000000 0.00000000000 0.24446854131
0.07020893976 0.00498136093 0.24441732427 23.16104942866 0.00000000000 0.00000000000 0.00000000000 0.00000000000 0.00000000000 0.00000000000 0.24446808045
0.07019637440 0.00495933847 0.24441731669 22.58993675522 0.00000000000 0.00000000000 0.00000000000 0.00000000000 0.00000000000 0.00000000000 0.24446762512
0.07018379610 0.00493732251 0.24441731039 22.50250564413 0.00000000000 0.00000000000 0.00000000000 0.00000000000 0.00000000000 0.00000000000 0.24446717320
0.07017120488 0.00491531308 0.24441730339 22.80445193253 0.00000000000 0.00000000000 0.00000000000 0.00000000000 0.00000000000 0.00000000000 0.24446672268
0.07015860078 0.00489331022 0.24441729409 22.87099283564 0.00000000000 0.00000000000 0.00000000000 0.00000000000 0.00000000000 0.00000000000 0.24446627198
0.07014598377 0.00487131394 0.24441728221 22.93784172573 0.00000000000 0.00000000000 0.00000000000 0.00000000000 0.00000000000 0.00000000000 0.24446582081
0.07013335381 0.00484932430 0.24441726777 23.00969214306 0.00000000000 0.00000000000 0.00000000000 0.00000000000 0.00000000000 0.00000000000 0.24446536918
0.07012071087 0.00482734130 0.24441725075 23.08210807249 0.00000000000 0.00000000000 0.00000000000 0.00000000000 0.00000000000 0.00000000000 0.24446491709
0.07010805491 0.00480536499 0.24441723116 23.16308812181 0.00000000000 0.00000000000 0.00000000000 0.00000000000 0.00000000000 0.00000000000 0.24446446453
0.07009538589 0.00478339540 0.24441720899 23.24342413095 0.00000000000 0.00000000000 0.00000000000 0.00000000000 0.00000000000 0.00000000000 0.24446401151
0.07008270375 0.00476143256 0.24441718425 23.31464833354 0.00000000000 0.00000000000 0.00000000000 0.00000000000 0.00000000000 0.00000000000 0.24446355801
0.07007000848 0.00473947651 0.24441715693 23.38699387224 0.00000000000 0.00000000000 0.00000000000 0.00000000000 0.00000000000 0.00000000000 0.24446310405
0.07005730003 0.00471752728 0.24441712705 23.47423639509 0.00000000000 0.00000000000 0.00000000000 0.00000000000 0.00000000000 0.00000000000 0.24446264961
0.07004457835 0.00469558490 0.24441709458 23.56107198569 0.00000000000 0.00000000000 0.00000000000 0.00000000000 0.00000000000 0.00000000000 0.24446219471
0.07003184341 0.00467364942 0.24441705954 23.64266591941 0.00000000000 0.00000000000 0.00000000000 0.00000000000 0.00000000000 0.00000000000 0.24446173932
0.07001909515 0.00465172087 0.24441702193 23.72357954170 0.00000000000 0.00000000000 0.00000000000 0.00000000000 0.00000000000 0.00000000000 0.24446128347
0.07000633355 0.00462979929 0.24441698173 23.79606282292 0.00000000000 0.00000000000 0.00000000000 0.00000000000 0.00000000000 0.00000000000 0.24446082713
0.06999355855 0.00460788471 0.24441693897 23.86981797362 0.00000000000 0.00000000000 0.00000000000 0.00000000000 0.00000000000 0.00000000000 0.24446037032
0.06998077013 0.00458597717 0.24441689362 23.95816237837 0.00000000000 0.00000000000 0.00000000000 0.00000000000 0.00000000000 0.00000000000 0.24445991302
0.06996796824 0.00456407670 0.24441684570 24.04631010717 0.00000000000 0.00000000000 0.00000000000 0.00000000000 0.00000000000 0.00000000000 0.24445945525
0.06995515282 0.00454218334 0.24441679520 24.13239224628 0.00000000000 0.00000000000 0.00000000000 0.00000000000 0.00000000000 0.00000000000 0.24445899699
0.06994232384 0.00452029712 0.24441674213 24.21767269389 0.00000000000 0.00000000000 0.00000000000 0.00000000000 0.00000000000 0.00000000000 0.24445853824
0.06992948125 0.00449841808 0.24441668648 24.29434376530 0.00000000000 0.00000000000 0.00000000000 0.00000000000 0.00000000000 0.00000000000 0.24445807901
0.06991662502 0.00447654626 0.24441662825 24.37188915481 0.00000000000 0.00000000000 0.00000000000 0.00000000000 0.00000000000 0.00000000000 0.24445761929
0.06990375510 0.00445468170 0.24441656744 24.45820151647 0.00000000000 0.00000000000 0.00000000000 0.00000000000 0.00000000000 0.00000000000 0.24445715908
0.06989087145 0.00443282443 0.24441650405 24.54505836046 0.00000000000 0.00000000000 0.00000000000 0.00000000000 0.00000000000 0.00000000000 0.24445669838
0.06987797402 0.00441097449 0.24441643808 24.63734604234 0.00000000000 0.00000000000 0.00000000000 0.00000000000 0.00000000000 0.00000000000 0.24445623719
0.06986506277 0.00438913191 0.24441636954 24.72856528328 0.00000000000 0.00000000000 0.00000000000 0.00000000000 0.00000000000 0.00000000000 0.24445577550
0.06985213764 0.00436729674 0.24441629841 24.80961529174 0.00000000000 0.00000000000 0.00000000000 0.00000000000 0.00000000000 0.00000000000 0.24445531332
0.06983919860 0.00434546901 0.24441622471 24.89030906375 0.00000000000 0.00000000000 0.00000000000 0.00000000000 0.00000000000 0.00000000000 0.24445485064
0.06982624560 0.00432364876 0.24441614842 24.96753646458 0.00000000000 0.00000000000 0.00000000000 0.00000000000 0.00000000000 0.00000000000 0.24445438746
0.06981327861 0.00430183603 0.24441606956 25.04647617982 0.00000000000 0.00000000000 0.00000000000 0.00000000000 0.00000000000 0.00000000000 0.24445392378
0.06980029759 0.00428003085 0.24441598811 25.14067489469 0.00000000000 0.00000000000 0.00000000000 0.00000000000 0.00000000000 0.00000000000 0.24445345960
0.06978730249 0.00425823328 0.24441590409 25.23367653726 0.00000000000 0.00000000000 0.00000000000 0.00000000000 0.00000000000 0.00000000000 0.24445299491
0.06977429326 0.00423644333 0.24441581748 25.31626167827 0.00000000000 0.00000000000 0.00000000000 0.00000000000 0.00000000000 0.00000000000 0.24445252972
0.06976126986 0.00421466106 0.24441572830 25.39887956805 0.00000000000 0.00000000000 0.00000000000 0.00000000000 0.00000000000 0.00000000000 0.24445206403
0.06974823225 0.00419288649 0.24441563653 25.48167161326 0.00000000000 0.00000000000 0.00000000000 0.00000000000 0.00000000000 0.00000000000 0.24445159782
0.06973518038 0.00417111968 0.24441554218 25.56482543856 0.00000000000 0.00000000000 0.00000000000 0.00000000000 0.00000000000 0.00000000000 0.24445113111
0.06972211422 0.00414936064 0.24441544525 25.65097199458 0.00000000000 0.00000000000 0.00000000000 0.00000000000 0.00000000000 0.00000000000 0.24445066388
0.06970903371 0.00412760944 0.24441534574 25.73714454828 0.00000000000 0.00000000000 0.00000000000 0.00000000000 0.00000000000 0.00000000000 0.24445019614
0.06969593882 0.00410586609 0.24441524365 25.82347438180 0.00000000000 0.00000000000 0.00000000000 0.00000000000 0.00000000000 0.00000000000 0.24444972789
0.06968282950 0.00408413065 0.24441513898 25.90966413733 0.00000000000 0.00000000000 0.00000000000 0.00000000000 0.00000000000 0.00000000000 0.24444925912
0.06966970571 0.00406240315 0.24441503172 25.99467245442 0.00000000000 0.00000000000 0.00000000000 0.00000000000 0.00000000000 0.00000000000 0.24444878983
0.06965656740 0.00404068363 0.24441492188 26.07941532550 0.00000000000 0.00000000000 0.00000000000 0.00000000000 0.00000000000 0.00000000000 0.24444832003
0.06964341454 0.00401897212 0.24441480947 26.16208613436 0.00000000000 0.00000000000 0.00000000000 0.00000000000 0.00000000000 0.00000000000 0.24444784970
0.06963024708 0.00399726868 0.24441469447 26.24546702900 0.00000000000 0.00000000000 0.00000000000 0.00000000000 0.00000000000 0.00000000000 0.24444737885
0.06961706498 0.00397557333 0.24441457688 26.33416607425 0.00000000000 0.00000000000 0.00000000000 0.00000000000 0.00000000000 0.00000000000 0.24444690748
0.06960386819 0.00395388613 0.24441445672 26.42238710641 0.00000000000 0.00000000000 0.00000000000 0.00000000000 0.00000000000 0.00000000000 0.24444643558
0.06959065668 0.00393220711 0.24441433398 26.50690190962 0.00000000000 0.00000000000 0.00000000000 0.00000000000 0.00000000000 0.00000000000 0.24444596316
0.06957743041 0.00391053631 0.24441420865 26.59224534458 0.00000000000 0.00000000000 0.00000000000 0.00000000000 0.00000000000 0.00000000000 0.24444549021
0.06956418932 0.00388887377 0.24441408074 26.68370631420 0.00000000000 0.00000000000 0.00000000000 0.00000000000 0.00000000000 0.00000000000 0.24444501673
0.06955093337 0.00386721952 0.24441395025 26.77432557872 0.00000000000 0.00000000000 0.00000000000 0.00000000000 0.00000000000 0.00000000000 0.24444454272
0.06953766251 0.00384557362 0.24441381718 26.85891887716 0.00000000000 0.00000000000 0.00000000000 0.00000000000 0.00000000000 0.00000000000 0.24444406817
0.06952437670 0.00382393609 0.24441368152 26.94346731702 0.00000000000 0.00000000000 0.00000000000 0.00000000000 0.00000000000 0.00000000000 0.24444359309
0.06951107590 0.00380230698 0.24441354329 27.02754052152 0.00000000000 0.00000000000 0.00000000000 0.00000000000 0.00000000000 0.00000000000 0.24444311747
0.06949776008 0.00378068633 0.24441340247 27.11317837459 0.00000000000 0.00000000000 0.00000000000 0.00000000000 0.00000000000 0.00000000000 0.24444264132
0.06948442919 0.00375907420 0.24441325907 27.20976305240 0.00000000000 0.00000000000 0.00000000000 0.00000000000 0.00000000000 0.00000000000 0.24444216463
0.06947108318 0.00373747061 0.24441311309 27.30647913003 0.00000000000 0.00000000000 0.00000000000 0.00000000000 0.00000000000 0.00000000000 0.24444168740
0.06945772200 0.00371587561 0.24441296453 27.40421645007 0.00000000000 0.00000000000 0.00000000000 0.00000000000 0.00000000000 0.00000000000 0.24444120962
0.06944434560 0.00369428925 0.24441281338 27.50125120249 0.00000000000 0.00000000000 0.00000000000 0.00000000000 0.00000000000 0.00000000000 0.24444073130
0.06943095394 0.00367271157 0.24441265966 27.59335903816 0.00000000000 0.00000000000 0.00000000000 0.00000000000 0.00000000000 0.00000000000 0.24444025243
0.06941754696 0.00365114261 0.24441250335 27.68610740260 0.00000000000 0.00000000000 0.00000000000 0.00000000000 0.00000000000 0.00000000000 0.24443977302
0.06940412463 0.00362958242 0.24441234446 27.78309555953 0.00000000000 0.00000000000 0.00000000000 0.00000000000 0.00000000000 0.00000000000 0.24443929306
0.06939068690 0.00360803105 0.24441218299 27.88040022855 0.00000000000 0.00000000000 0.00000000000 0.00000000000 0.00000000000 0.00000000000 0.24443881255
0.06937723371 0.00358648853 0.24441201893 27.97995975106 0.00000000000 0.00000000000 0.00000000000 0.00000000000 0.00000000000 0.00000000000 0.24443833148
0.06936376501 0.00356495490 0.24441185229 28.07895737226 0.00000000000 0.00000000000 0.00000000000 0.00000000000 0.00000000000 0.00000000000 0.24443784986
0.06935028076 0.00354343022 0.24441168307 28.17419148282 0.00000000000 0.00000000000 0.00000000000 0.00000000000 0.00000000000 0.00000000000 0.24443736769
0.06933678090 0.00352191452 0.24441151127 28.27001055309 0.00000000000 0.00000000000 0.00000000000 0.00000000000 0.00000000000 0.00000000000 0.24443688495
0.06932326540 0.00350040787 0.24441133689 28.36959039354 0.00000000000 0.00000000000 0.00000000000 0.00000000000 0.00000000000 0.00000000000 0.24443640166
0.06930973419 0.00347891029 0.24441115992 28.46829008845 0.00000000000 0.00000000000 0.00000000000 0.00000000000 0.00000000000 0.00000000000 0.24443591780
0.06929618725 0.00345742184 0.24441098038 28.56113666390 0.00000000000 0.00000000000 0.00000000000 0.00000000000 0.00000000000 0.00000000000 0.24443543338
0.06928262451 0.00343594257 0.24441079825 28.65646943011 0.00000000000 0.00000000000 0.00000000000 0.00000000000 0.00000000000 0.00000000000 0.24443494840
0.06926904594 0.00341447252 0.24441061353 28.76813925729 0.00000000000 0.00000000000 0.00000000000 0.00000000000 0.00000000000 0.00000000000 0.24443446285
0.06925545147 0.00339301174 0.24441042624 28.87615328194 0.00000000000 0.00000000000 0.00000000000 0.00000000000 0.00000000000 0.00000000000 0.24443397674
0.06924184105 0.00337156028 0.24441023636 28.96011453741 0.00000000000 0.00000000000 0.00000000000 0.00000000000 0.00000000000 0.00000000000 0.24443349005
0.06922821465 0.00335011818 0.24441004390 29.04761171786 0.00000000000 0.00000000000 0.00000000000 0.00000000000 0.00000000000 0.00000000000 0.24443300279
0.06921457223 0.00332868549 0.24440984886 29.15812480170 0.00000000000 0.00000000000 0.00000000000 0.00000000000 0.00000000000 0.00000000000 0.24443251496
0.06920091371 0.00330726226 0.24440965124 29.26796962099 0.00000000000 0.00000000000 0.00000000000 0.00000000000 0.00000000000 0.00000000000 0.24443202655
0.06918723906 0.00328584852 0.24440945104 29.37370372131 0.00000000000 0.00000000000 0.00000000000 0.00000000000 0.00000000000 0.00000000000 0.24443153757
0.06917354821 0.00326444433 0.24440924825 29.47667446441 0.00000000000 0.00000000000 0.00000000000 0.00000000000 0.00000000000 0.00000000000 0.24443104800
0.06915984111 0.00324304973 0.24440904288 29.56146320652 0.00000000000 0.00000000000 0.00000000000 0.00000000000 0.00000000000 0.00000000000 0.24443055786
0.06914611773 0.00322166478 0.24440883493 29.64896238502 0.00000000000 0.00000000000 0.00000000000 0.00000000000 0.00000000000 0.00000000000 0.24443006713
0.06913237803 0.00320028952 0.24440862440 29.75386935279 0.00000000000 0.00000000000 0.00000000000 0.00000000000 0.00000000000 0.00000000000 0.24442957582
0.06911862197 0.00317892401 0.24440841129 29.85814669018 0.00000000000 0.00000000000 0.00000000000 0.00000000000 0.00000000000 0.00000000000 0.24442908392
0.06910484947 0.00315756829 0.24440819560 29.95844185072 0.00000000000 0.00000000000 0.00000000000 0.00000000000 0.00000000000 0.00000000000 0.24442859144
0.06909106050 0.00313622240 0.24440797733 30.05873626362 0.00000000000 0.00000000000 0.00000000000 0.00000000000 0.00000000000 0.00000000000 0.24442809837
0.06907725501 0.00311488640 0.24440775647 30.15896357487 0.00000000000 0.00000000000 0.00000000000 0.00000000000 0.00000000000 0.00000000000 0.24442760470
0.06906343295 0.00309356033 0.24440753304 30.25916850998 0.00000000000 0.00000000000 0.00000000000 0.00000000000 0.00000000000 0.00000000000 0.24442711045
0.06904959426 0.00307224424 0.24440730703 30.35922834543 0.00000000000 0.00000000000 0.00000000000 0.00000000000 0.00000000000 0.00000000000 0.24442661560
0.06903573891 0.00305093817 0.24440707844 30.45932326968 0.00000000000 0.00000000000 0.00000000000 0.00000000000 0.00000000000 0.00000000000 0.24442612015
0.06902186683 0.00302964217 0.24440684726 30.55968580421 0.00000000000 0.00000000000 0.00000000000 0.00000000000 0.00000000000 0.00000000000 0.24442562411
0.06900797799 0.00300835630 0.24440661351 30.65988212865 0.00000000000 0.00000000000 0.00000000000 0.00000000000 0.00000000000 0.00000000000 0.24442512747
0.06899407234 0.00298708060 0.24440637718 30.75886825840 0.00000000000 0.00000000000 0.00000000000 0.00000000000 0.00000000000 0.00000000000 0.24442463022
0.06898014983 0.00296581513 0.24440613828 30.85743686152 0.00000000000 0.00000000000 0.00000000000 0.00000000000 0.00000000000 0.00000000000 0.24442413237
0.06896621041 0.00294455994 0.24440589679 30.95300746549 0.00000000000 0.00000000000 0.00000000000 0.00000000000 0.00000000000 0.00000000000 0.24442363392
0.06895225405 0.00292331508 0.24440565273 31.05047097682 0.00000000000 0.00000000000 0.00000000000 0.00000000000 0.00000000000 0.00000000000 0.24442313486
0.06893828070 0.00290208060 0.24440540609 31.16054611621 0.00000000000 0.00000000000 0.00000000000 0.00000000000 0.00000000000 0.00000000000 0.24442263520
0.06892429030 0.00288085654 0.24440515687 31.27054567843 0.00000000000 0.00000000000 0.00000000000 0.00000000000 0.00000000000 0.00000000000 0.24442213492
0.06891028279 0.00285964295 0.24440490508 31.38029477306 0.00000000000 0.00000000000 0.00000000000 0.00000000000 0.00000000000 0.00000000000 0.24442163404
0.06889625811 0.00283843987 0.24440465071 31.48686456330 0.00000000000 0.00000000000 0.00000000000 0.00000000000 0.00000000000 0.00000000000 0.24442113253
0.06888221622 0.00281724737 0.24440439376 31.57185712693 0.00000000000 0.00000000000 0.00000000000 0.00000000000 0.00000000000 0.00000000000 0.24442063042
0.06886815708 0.00279606548 0.24440413424 31.66043816709 0.00000000000 0.00000000000 0.00000000000 0.00000000000 0.00000000000 0.00000000000 0.24442012769
0.06885408066 0.00277489427 0.24440387215 31.77330993474 0.00000000000 0.00000000000 0.00000000000 0.00000000000 0.00000000000 0.00000000000 0.24441962433
0.06883998689 0.00275373378 0.24440360748 31.88604390022 0.00000000000 0.00000000000 0.00000000000 0.00000000000 0.00000000000 0.00000000000 0.24441912036
0.06882587573 0.00273258407 0.24440334024 31.99802097576 0.00000000000 0.00000000000 0.00000000000 0.00000000000 0.00000000000 0.00000000000 0.24441861577
0.06881174711 0.00271144519 0.24440307042 32.11136251352 0.00000000000 0.00000000000 0.00000000000 0.00000000000 0.00000000000 0.00000000000 0.24441811055
0.06879760099 0.00269031720 0.24440279803 32.23416481425 0.00000000000 0.00000000000 0.00000000000 0.00000000000 0.00000000000 0.00000000000 0.24441760471
0.06878343730 0.00266920015 0.24440252307 32.35478437516 0.00000000000 0.00000000000 0.00000000000 0.00000000000 0.00000000000 0.00000000000 0.24441709824
0.06876925599 0.00264809410 0.24440224553 32.46004978675 0.00000000000 0.00000000000 0.00000000000 0.00000000000 0.00000000000 0.00000000000 0.24441659114
0.06875505700 0.00262699909 0.24440196542 32.56715191432 0.00000000000 0.00000000000 0.00000000000 0.00000000000 0.00000000000 0.00000000000 0.24441608340
0.06874084029 0.00260591520 0.24440168274 32.68728303222 0.00000000000 0.00000000000 0.00000000000 0.00000000000 0.00000000000 0.00000000000 0.24441557503
0.06872660580 0.00258484248 0.24440139748 32.80703388817 0.00000000000 0.00000000000 0.00000000000 0.00000000000 0.00000000000 0.00000000000 0.24441506603
0.06871235348 0.00256378098 0.24440110966 32.92400640889 0.00000000000 0.00000000000 0.00000000000 0.00000000000 0.00000000000 0.00000000000 0.24441455639
0.06869808326 0.00254273076 0.24440081926 33.04082271825 0.00000000000 0.00000000000 0.00000000000 0.00000000000 0.00000000000 0.00000000000 0.24441404611
0.06868379510 0.00252169189 0.24440052629 33.15641267047 0.00000000000 0.00000000000 0.00000000000 0.00000000000 0.00000000000 0.00000000000 0.24441353519
0.06866948893 0.00250066441 0.24440023075 33.27225351617 0.00000000000 0.00000000000 0.00000000000 0.00000000000 0.00000000000 0.00000000000 0.24441302362
0.06865516470 0.00247964838 0.24439993264 33.39005394348 0.00000000000 0.00000000000 0.00000000000 0.00000000000 0.00000000000 0.00000000000 0.24441251141
0.06864082237 0.00245864386 0.24439963196 33.50963148617 0.00000000000 0.00000000000 0.00000000000 0.00000000000 0.00000000000 0.00000000000 0.24441199855
0.06862646186 0.00243765091 0.24439932872 33.64279103934 0.00000000000 0.00000000000 0.00000000000 0.00000000000 0.00000000000 0.00000000000 0.24441148504
0.06861208311 0.00241666959 0.24439902290 33.77288002920 0.00000000000 0.00000000000 0.00000000000 0.00000000000 0.00000000000 0.00000000000 0.24441097088
0.06859768607 0.00239569996 0.24439871451 33.87904007981 0.00000000000 0.00000000000 0.00000000000 0.00000000000 0.00000000000 0.00000000000 0.24441045606
0.06858327069 0.00237474209 0.24439840355 33.98637920110 0.00000000000 0.00000000000 0.00000000000 0.00000000000 0.00000000000 0.00000000000 0.24440994059
0.06856883692 0.00235379603 0.24439809003 34.10272343152 0.00000000000 0.00000000000 0.00000000000 0.00000000000 0.00000000000 0.00000000000 0.24440942446
0.06855438470 0.00233286184 0.24439777394 34.22228783987 0.00000000000 0.00000000000 0.00000000000 0.00000000000 0.00000000000 0.00000000000 0.24440890767
0.06853991399 0.00231193960 0.24439745528 34.36817176062 0.00000000000 0.00000000000 0.00000000000 0.00000000000 0.00000000000 0.00000000000 0.24440839022
0.06852542471 0.00229102934 0.24439713405 34.50927068375 0.00000000000 0.00000000000 0.00000000000 0.00000000000 0.00000000000 0.00000000000 0.24440787211
0.06851091678 0.00227013113 0.24439681026 34.61087266986 0.00000000000 0.00000000000 0.00000000000 0.00000000000 0.00000000000 0.00000000000 0.24440735333
0.06849639016 0.00224924503 0.24439648390 34.71417155467 0.00000000000 0.00000000000 0.00000000000 0.00000000000 0.00000000000 0.00000000000 0.24440683388
0.06848184481 0.00222837111 0.24439615497 34.83130673905 0.00000000000 0.00000000000 0.00000000000 0.00000000000 0.00000000000 0.00000000000 0.24440631376
0.06846728068 0.00220750943 0.24439582349 34.94988590029 0.00000000000 0.00000000000 0.00000000000 0.00000000000 0.00000000000 0.00000000000 0.24440579297
0.06845269772 0.00218666006 0.24439548943 35.08116324698 0.00000000000 0.00000000000 0.00000000000 0.00000000000 0.00000000000 0.00000000000 0.24440527150
0.06843809587 0.00216582305 0.24439515282 35.21058948675 0.00000000000 0.00000000000 0.00000000000 0.00000000000 0.00000000000 0.00000000000 0.24440474936
0.06842347505 0.00214499846 0.24439481364 35.32336258970 0.00000000000 0.00000000000 0.00000000000 0.00000000000 0.00000000000 0.00000000000 0.24440422655
0.06840883524 0.00212418636 0.24439447190 35.43788267099 0.00000000000 0.00000000000 0.00000000000 0.00000000000 0.00000000000 0.00000000000 0.24440370305
0.06839417636 0.00210338682 0.24439412760 35.56835041071 0.00000000000 0.00000000000 0.00000000000 0.00000000000 0.00000000000 0.00000000000 0.24440317887
0.06837949836 0.00208259989 0.24439378074 35.69656576247 0.00000000000 0.00000000000 0.00000000000 0.00000000000 0.00000000000 0.00000000000 0.24440265401
0.06836480118 0.00206182562 0.24439343132 35.80345327685 0.00000000000 0.00000000000 0.00000000000 0.00000000000 0.00000000000 0.00000000000 0.24440212846
0.06835008478 0.00204106409 0.24439307933 35.91252433774 0.00000000000 0.00000000000 0.00000000000 0.00000000000 0.00000000000 0.00000000000 0.24440160222
0.06833534910 0.00202031537 0.24439272479 36.04285647182 0.00000000000 0.00000000000 0.00000000000 0.00000000000 0.00000000000 0.00000000000 0.24440107530
0.06832059409 0.00199957951 0.24439236770 36.17173012067 0.00000000000 0.00000000000 0.00000000000 0.00000000000 0.00000000000 0.00000000000 0.24440054768
0.06830581970 0.00197885657 0.24439200804 36.28545880209 0.00000000000 0.00000000000 0.00000000000 0.00000000000 0.00000000000 0.00000000000 0.24440001937
0.06829102586 0.00195814663 0.24439164584 36.40015372886 0.00000000000 0.00000000000 0.00000000000 0.00000000000 0.00000000000 0.00000000000 0.24439949037
0.06827621254 0.00193744974 0.24439128107 36.52513898397 0.00000000000 0.00000000000 0.00000000000 0.00000000000 0.00000000000 0.00000000000 0.24439896067
0.06826137966 0.00191676597 0.24439091375 36.65043803532 0.00000000000 0.00000000000 0.00000000000 0.00000000000 0.00000000000 0.00000000000 0.24439843027
0.06824652718 0.00189609538 0.24439054388 36.77956467376 0.00000000000 0.00000000000 0.00000000000 0.00000000000 0.00000000000 0.00000000000 0.24439789916
0.06823165503 0.00187543803 0.24439017146 36.90683687810 0.00000000000 0.00000000000 0.00000000000 0.00000000000 0.00000000000 0.00000000000 0.24439736736
0.06821676317 0.00185479398 0.24438979648 37.01189421089 0.00000000000 0.00000000000 0.00000000000 0.00000000000 0.00000000000 0.00000000000 0.24439683485
0.06820185153 0.00183416332 0.24438941895 37.11931230908 0.00000000000 0.00000000000 0.00000000000 0.00000000000 0.00000000000 0.00000000000 0.24439630163
0.06818692010 0.00181354610 0.24438903888 37.25547930439 0.00000000000 0.00000000000 0.00000000000 0.00000000000 0.00000000000 0.00000000000 0.24439576771
0.06817196879 0.00179294238 0.24438865626 37.38996630565 0.00000000000 0.00000000000 0.00000000000 0.00000000000 0.00000000000 0.00000000000 0.24439523307
0.06815699754 0.00177235223 0.24438827108 37.50311940582 0.00000000000 0.00000000000 0.00000000000 0.00000000000 0.00000000000 0.00000000000 0.24439469772
0.06814200632 0.00175177571 0.24438788337 37.61779710276 0.00000000000 0.00000000000 0.00000000000 0.00000000000 0.00000000000 0.00000000000 0.24439416166
0.06812699507 0.00173121290 0.24438749310 37.75278157341 0.00000000000 0.00000000000 0.00000000000 0.00000000000 0.00000000000 0.00000000000 0.24439362488
0.06811196373 0.00171066386 0.24438710030 37.88781676250 0.00000000000 0.00000000000 0.00000000000 0.00000000000 0.00000000000 0.00000000000 0.24439308739
0.06809691224 0.00169012867 0.24438670494 38.02408135823 0.00000000000 0.00000000000 0.00000000000 0.00000000000 0.00000000000 0.00000000000 0.24439254917
0.06808184053 0.00166960737 0.24438630705 38.15979103600 0.00000000000 0.00000000000 0.00000000000 0.00000000000 0.00000000000 0.00000000000 0.24439201023
0.06806674853 0.00164910004 0.24438590661 38.28746046170 0.00000000000 0.00000000000 0.00000000000 0.00000000000 0.00000000000 0.00000000000 0.24439147056
0.06805163620 0.00162860675 0.24438550364 38.41543034323 0.00000000000 0.00000000000 0.00000000000 0.00000000000 0.00000000000 0.00000000000 0.24439093017
0.06803650349 0.00160812758 0.24438509812 38.54747588715 0.00000000000 0.00000000000 0.00000000000 0.00000000000 0.00000000000 0.00000000000 0.24439038904
0.06802135032 0.00158766259 0.24438469006 38.67904190580 0.00000000000 0.00000000000 0.00000000000 0.00000000000 0.00000000000 0.00000000000 0.24438984719
0.06800617665 0.00156721185 0.24438427947 38.80208361768 0.00000000000 0.00000000000 0.00000000000 0.00000000000 0.00000000000 0.00000000000 0.24438930460
0.06799098244 0.00154677545 0.24438386634 38.92585598594 0.00000000000 0.00000000000 0.00000000000 0.00000000000 0.00000000000 0.00000000000 0.24438876128
0.06797576763 0.00152635346 0.24438345067 39.06103569481 0.00000000000 0.00000000000 0.00000000000 0.00000000000 0.00000000000 0.00000000000 0.24438821723
0.06796053212 0.00150594589 0.24438303247 39.19615835746 0.00000000000 0.00000000000 0.00000000000 0.00000000000 0.00000000000 0.00000000000 0.24438767243
0.06794527578 0.00148555272 0.24438261174 39.34234002634 0.00000000000 0.00000000000 0.00000000000 0.00000000000 0.00000000000 0.00000000000 0.24438712688
0.06792999840 0.00146517384 0.24438218846 39.48643216498 0.00000000000 0.00000000000 0.00000000000 0.00000000000 0.00000000000 0.00000000000 0.24438658059
0.06791469973 0.00144480907 0.24438176264 39.61393850999 0.00000000000 0.00000000000 0.00000000000 0.00000000000 0.00000000000 0.00000000000 0.24438603353
0.06789937940 0.00142445805 0.24438133427 39.73828026223 0.00000000000 0.00000000000 0.00000000000 0.00000000000 0.00000000000 0.00000000000 0.24438548570
0.06788403687 0.00140412025 0.24438090334 39.87195984639 0.00000000000 0.00000000000 0.00000000000 0.00000000000 0.00000000000 0.00000000000 0.24438493708
0.06786867123 0.00138379459 0.24438046981 39.99703347537 0.00000000000 0.00000000000 0.00000000000 0.00000000000 0.00000000000 0.00000000000 0.24438438762
0.06785328125 0.00136347964 0.24438003367 40.15933090992 0.00000000000 0.00000000000 0.00000000000 0.00000000000 0.00000000000 0.00000000000 0.24438383730
0.06783786501 0.00134317305 0.24437959486 40.29908190917 0.00000000000 0.00000000000 0.00000000000 0.00000000000 0.00000000000 0.00000000000 0.24438328604
0.06782242136 0.00132287350 0.24437915333 40.38270278787 0.00000000000 0.00000000000 0.00000000000 0.00000000000 0.00000000000 0.00000000000 0.24438273380
0.06780695276 0.00130258439 0.24437870918 40.50180731244 0.00000000000 0.00000000000 0.00000000000 0.00000000000 0.00000000000 0.00000000000 0.24438218066
0.06779146380 0.00128231188 0.24437826250 40.71458756471 0.00000000000 0.00000000000 0.00000000000 0.00000000000 0.00000000000 0.00000000000 0.24438162678
0.06777596392 0.00126206848 0.24437781347 41.03944856569 0.00000000000 0.00000000000 0.00000000000 0.00000000000 0.00000000000 0.00000000000 0.24438107237
0.06776046056 0.00124186407 0.24437736224 41.01865620394 0.00000000000 0.00000000000 0.00000000000 0.00000000000 0.00000000000 0.00000000000 0.24438051764
0.06774494867 0.00122169201 0.24437690891 40.91747516148 0.00000000000 0.00000000000 0.00000000000 0.00000000000 0.00000000000 0.00000000000 0.24437996264
0.06772942203 0.00120154414 0.24437645359 41.06807307127 0.00000000000 0.00000000000 0.00000000000 0.00000000000 0.00000000000 0.00000000000 0.24437940743
0.06771388201 0.00118142226 0.24437599635 41.25384714425 0.00000000000 0.00000000000 0.00000000000 0.00000000000 0.00000000000 0.00000000000 0.24437885209
0.06769833186 0.00116133072 0.24437553727 41.47524440657 0.00000000000 0.00000000000 0.00000000000 0.00000000000 0.00000000000 0.00000000000 0.24437829671
0.06768277481 0.00114127383 0.24437507641 41.73281571622 0.00000000000 0.00000000000 0.00000000000 0.00000000000 0.00000000000 0.00000000000 0.24437774137
