VARIABLES=
"CoordinateX"
"CoordinateY"
"CoordinateZ"
"Kappa1"
"Kappa2"
"dy"
"dz"
"d2x"
"d2y"
"d2z"
"R"
ZONE T="Konrollpunkte"
I=101, J=1, K=1
0.01579885329 0.00372960840 0.21750120934 0.00000000000 0.00000000000 0.00000000000 0.00000000000 0.00000000000 0.00000000000 0.00000000000 0.00000000000
0.01575203685 0.00377613954 0.21748890136 0.00000000000 0.00000000000 0.00000000000 0.00000000000 0.00000000000 0.00000000000 0.00000000000 0.00000000000
0.01568077029 0.00384674147 0.21747015027 0.00000000000 0.00000000000 0.00000000000 0.00000000000 0.00000000000 0.00000000000 0.00000000000 0.00000000000
0.01558524009 0.00394092037 0.21744498718 0.00000000000 0.00000000000 0.00000000000 0.00000000000 0.00000000000 0.00000000000 0.00000000000 0.00000000000
0.01551366892 0.00401125455 0.21742611218 0.00000000000 0.00000000000 0.00000000000 0.00000000000 0.00000000000 0.00000000000 0.00000000000 0.00000000000
0.01544256242 0.00408091432 0.21740734106 0.00000000000 0.00000000000 0.00000000000 0.00000000000 0.00000000000 0.00000000000 0.00000000000 0.00000000000
0.01537190407 0.00414992475 0.21738866994 0.00000000000 0.00000000000 0.00000000000 0.00000000000 0.00000000000 0.00000000000 0.00000000000 0.00000000000
0.01530152041 0.00421846245 0.21737005337 0.00000000000 0.00000000000 0.00000000000 0.00000000000 0.00000000000 0.00000000000 0.00000000000 0.00000000000
0.01523122922 0.00428671037 0.21735144342 0.00000000000 0.00000000000 0.00000000000 0.00000000000 0.00000000000 0.00000000000 0.00000000000 0.00000000000
0.01516091869 0.00435478123 0.21733281060 0.00000000000 0.00000000000 0.00000000000 0.00000000000 0.00000000000 0.00000000000 0.00000000000 0.00000000000
0.01509053994 0.00442272588 0.21731414204 0.00000000000 0.00000000000 0.00000000000 0.00000000000 0.00000000000 0.00000000000 0.00000000000 0.00000000000
0.01502007656 0.00449056340 0.21729543343 0.00000000000 0.00000000000 0.00000000000 0.00000000000 0.00000000000 0.00000000000 0.00000000000 0.00000000000
0.01494952491 0.00455830039 0.21727668381 0.00000000000 0.00000000000 0.00000000000 0.00000000000 0.00000000000 0.00000000000 0.00000000000 0.00000000000
0.01487888554 0.00462593947 0.21725789337 0.00000000000 0.00000000000 0.00000000000 0.00000000000 0.00000000000 0.00000000000 0.00000000000 0.00000000000
0.01480815986 0.00469348239 0.21723906250 0.00000000000 0.00000000000 0.00000000000 0.00000000000 0.00000000000 0.00000000000 0.00000000000 0.00000000000
0.01473734947 0.00476093073 0.21722019164 0.00000000000 0.00000000000 0.00000000000 0.00000000000 0.00000000000 0.00000000000 0.00000000000 0.00000000000
0.01466645599 0.00482828604 0.21720128123 0.00000000000 0.00000000000 0.00000000000 0.00000000000 0.00000000000 0.00000000000 0.00000000000 0.00000000000
0.01459548101 0.00489554991 0.21718233171 0.00000000000 0.00000000000 0.00000000000 0.00000000000 0.00000000000 0.00000000000 0.00000000000 0.00000000000
0.01452442616 0.00496272390 0.21716334353 0.00000000000 0.00000000000 0.00000000000 0.00000000000 0.00000000000 0.00000000000 0.00000000000 0.00000000000
0.01445329305 0.00502980959 0.21714431712 0.00000000000 0.00000000000 0.00000000000 0.00000000000 0.00000000000 0.00000000000 0.00000000000 0.00000000000
0.01438208327 0.00509680854 0.21712525292 0.00000000000 0.00000000000 0.00000000000 0.00000000000 0.00000000000 0.00000000000 0.00000000000 0.00000000000
0.01431079844 0.00516372235 0.21710615136 0.00000000000 0.00000000000 0.00000000000 0.00000000000 0.00000000000 0.00000000000 0.00000000000 0.00000000000
0.01423944017 0.00523055259 0.21708701287 0.00000000000 0.00000000000 0.00000000000 0.00000000000 0.00000000000 0.00000000000 0.00000000000 0.00000000000
0.01416801000 0.00529730082 0.21706783786 0.00000000000 0.00000000000 0.00000000000 0.00000000000 0.00000000000 0.00000000000 0.00000000000 0.00000000000
0.01409650950 0.00536396865 0.21704862675 0.00000000000 0.00000000000 0.00000000000 0.00000000000 0.00000000000 0.00000000000 0.00000000000 0.00000000000
0.01402493557 0.00543055758 0.21702939852 0.00000000000 0.00000000000 0.00000000000 0.00000000000 0.00000000000 0.00000000000 0.00000000000 0.00000000000
0.01395328040 0.00549706903 0.21701019091 0.00000000000 0.00000000000 0.00000000000 0.00000000000 0.00000000000 0.00000000000 0.00000000000 0.00000000000
0.01388155902 0.00556350438 0.21699094838 0.00000000000 0.00000000000 0.00000000000 0.00000000000 0.00000000000 0.00000000000 0.00000000000 0.00000000000
0.01380977275 0.00562986498 0.21697167128 0.00000000000 0.00000000000 0.00000000000 0.00000000000 0.00000000000 0.00000000000 0.00000000000 0.00000000000
0.01373792285 0.00569615210 0.21695235996 0.00000000000 0.00000000000 0.00000000000 0.00000000000 0.00000000000 0.00000000000 0.00000000000 0.00000000000
0.01366601063 0.00576236708 0.21693301475 0.00000000000 0.00000000000 0.00000000000 0.00000000000 0.00000000000 0.00000000000 0.00000000000 0.00000000000
0.01359403735 0.00582851121 0.21691363599 0.00000000000 0.00000000000 0.00000000000 0.00000000000 0.00000000000 0.00000000000 0.00000000000 0.00000000000
0.01352200429 0.00589458582 0.21689422401 0.00000000000 0.00000000000 0.00000000000 0.00000000000 0.00000000000 0.00000000000 0.00000000000 0.00000000000
0.01344991272 0.00596059224 0.21687477916 0.00000000000 0.00000000000 0.00000000000 0.00000000000 0.00000000000 0.00000000000 0.00000000000 0.00000000000
0.01337776388 0.00602653182 0.21685530175 0.00000000000 0.00000000000 0.00000000000 0.00000000000 0.00000000000 0.00000000000 0.00000000000 0.00000000000
0.01330555905 0.00609240589 0.21683579211 0.00000000000 0.00000000000 0.00000000000 0.00000000000 0.00000000000 0.00000000000 0.00000000000 0.00000000000
0.01323329947 0.00615821579 0.21681625057 0.00000000000 0.00000000000 0.00000000000 0.00000000000 0.00000000000 0.00000000000 0.00000000000 0.00000000000
0.01316098641 0.00622396287 0.21679667745 0.00000000000 0.00000000000 0.00000000000 0.00000000000 0.00000000000 0.00000000000 0.00000000000 0.00000000000
0.01308862112 0.00628964848 0.21677707306 0.00000000000 0.00000000000 0.00000000000 0.00000000000 0.00000000000 0.00000000000 0.00000000000 0.00000000000
0.01301620484 0.00635527398 0.21675743773 0.00000000000 0.00000000000 0.00000000000 0.00000000000 0.00000000000 0.00000000000 0.00000000000 0.00000000000
0.01294373883 0.00642084073 0.21673777176 0.00000000000 0.00000000000 0.00000000000 0.00000000000 0.00000000000 0.00000000000 0.00000000000 0.00000000000
0.01287122432 0.00648635007 0.21671807548 0.00000000000 0.00000000000 0.00000000000 0.00000000000 0.00000000000 0.00000000000 0.00000000000 0.00000000000
0.01279866258 0.00655180339 0.21669834918 0.00000000000 0.00000000000 0.00000000000 0.00000000000 0.00000000000 0.00000000000 0.00000000000 0.00000000000
0.01272605485 0.00661720202 0.21667859319 0.00000000000 0.00000000000 0.00000000000 0.00000000000 0.00000000000 0.00000000000 0.00000000000 0.00000000000
0.01265340237 0.00668254734 0.21665880781 0.00000000000 0.00000000000 0.00000000000 0.00000000000 0.00000000000 0.00000000000 0.00000000000 0.00000000000
0.01258070636 0.00674784072 0.21663899333 0.00000000000 0.00000000000 0.00000000000 0.00000000000 0.00000000000 0.00000000000 0.00000000000 0.00000000000
0.01250796804 0.00681308359 0.21661915005 0.00000000000 0.00000000000 0.00000000000 0.00000000000 0.00000000000 0.00000000000 0.00000000000 0.00000000000
0.01243518856 0.00687827734 0.21659927825 0.00000000000 0.00000000000 0.00000000000 0.00000000000 0.00000000000 0.00000000000 0.00000000000 0.00000000000
0.01236236914 0.00694342341 0.21657937821 0.00000000000 0.00000000000 0.00000000000 0.00000000000 0.00000000000 0.00000000000 0.00000000000 0.00000000000
0.01228951100 0.00700852325 0.21655945024 0.00000000000 0.00000000000 0.00000000000 0.00000000000 0.00000000000 0.00000000000 0.00000000000 0.00000000000
0.01221661546 0.00707357827 0.21653949464 0.00000000000 0.00000000000 0.00000000000 0.00000000000 0.00000000000 0.00000000000 0.00000000000 0.00000000000
0.01214368406 0.00713859014 0.21651951177 0.00000000000 0.00000000000 0.00000000000 0.00000000000 0.00000000000 0.00000000000 0.00000000000 0.00000000000
0.01207071860 0.00720356079 0.21649950204 0.00000000000 0.00000000000 0.00000000000 0.00000000000 0.00000000000 0.00000000000 0.00000000000 0.00000000000
0.01199772096 0.00726849229 0.21647946587 0.00000000000 0.00000000000 0.00000000000 0.00000000000 0.00000000000 0.00000000000 0.00000000000 0.00000000000
0.01192469317 0.00733338704 0.21645940370 0.00000000000 0.00000000000 0.00000000000 0.00000000000 0.00000000000 0.00000000000 0.00000000000 0.00000000000
0.01185163731 0.00739824753 0.21643931600 0.00000000000 0.00000000000 0.00000000000 0.00000000000 0.00000000000 0.00000000000 0.00000000000 0.00000000000
0.01177855542 0.00746307622 0.21641920319 0.00000000000 0.00000000000 0.00000000000 0.00000000000 0.00000000000 0.00000000000 0.00000000000 0.00000000000
0.01170544958 0.00752787561 0.21639906572 0.00000000000 0.00000000000 0.00000000000 0.00000000000 0.00000000000 0.00000000000 0.00000000000 0.00000000000
0.01163232186 0.00759264819 0.21637890404 0.00000000000 0.00000000000 0.00000000000 0.00000000000 0.00000000000 0.00000000000 0.00000000000 0.00000000000
0.01155917435 0.00765739642 0.21635871859 0.00000000000 0.00000000000 0.00000000000 0.00000000000 0.00000000000 0.00000000000 0.00000000000 0.00000000000
0.01148600912 0.00772212278 0.21633850980 0.00000000000 0.00000000000 0.00000000000 0.00000000000 0.00000000000 0.00000000000 0.00000000000 0.00000000000
0.01141282827 0.00778682973 0.21631827810 0.00000000000 0.00000000000 0.00000000000 0.00000000000 0.00000000000 0.00000000000 0.00000000000 0.00000000000
0.01133963386 0.00785151974 0.21629802394 0.00000000000 0.00000000000 0.00000000000 0.00000000000 0.00000000000 0.00000000000 0.00000000000 0.00000000000
0.01126642797 0.00791619529 0.21627774773 0.00000000000 0.00000000000 0.00000000000 0.00000000000 0.00000000000 0.00000000000 0.00000000000 0.00000000000
0.01119317916 0.00798085884 0.21625758800 0.00000000000 0.00000000000 0.00000000000 0.00000000000 0.00000000000 0.00000000000 0.00000000000 0.00000000000
0.01111989671 0.00804551284 0.21623751543 0.00000000000 0.00000000000 0.00000000000 0.00000000000 0.00000000000 0.00000000000 0.00000000000 0.00000000000
0.01104660898 0.00811015978 0.21621742210 0.00000000000 0.00000000000 0.00000000000 0.00000000000 0.00000000000 0.00000000000 0.00000000000 0.00000000000
0.01097331801 0.00817480211 0.21619730842 0.00000000000 0.00000000000 0.00000000000 0.00000000000 0.00000000000 0.00000000000 0.00000000000 0.00000000000
0.01090002588 0.00823944230 0.21617717477 0.00000000000 0.00000000000 0.00000000000 0.00000000000 0.00000000000 0.00000000000 0.00000000000 0.00000000000
0.01082673462 0.00830408280 0.21615702157 0.00000000000 0.00000000000 0.00000000000 0.00000000000 0.00000000000 0.00000000000 0.00000000000 0.00000000000
0.01075344630 0.00836872606 0.21613684920 0.00000000000 0.00000000000 0.00000000000 0.00000000000 0.00000000000 0.00000000000 0.00000000000 0.00000000000
0.01068016296 0.00843337454 0.21611665805 0.00000000000 0.00000000000 0.00000000000 0.00000000000 0.00000000000 0.00000000000 0.00000000000 0.00000000000
0.01060688667 0.00849803066 0.21609644852 0.00000000000 0.00000000000 0.00000000000 0.00000000000 0.00000000000 0.00000000000 0.00000000000 0.00000000000
0.01053361949 0.00856269685 0.21607622099 0.00000000000 0.00000000000 0.00000000000 0.00000000000 0.00000000000 0.00000000000 0.00000000000 0.00000000000
0.01046036347 0.00862737553 0.21605597585 0.00000000000 0.00000000000 0.00000000000 0.00000000000 0.00000000000 0.00000000000 0.00000000000 0.00000000000
0.01038712065 0.00869206913 0.21603571348 0.00000000000 0.00000000000 0.00000000000 0.00000000000 0.00000000000 0.00000000000 0.00000000000 0.00000000000
0.01031389307 0.00875678006 0.21601543425 0.00000000000 0.00000000000 0.00000000000 0.00000000000 0.00000000000 0.00000000000 0.00000000000 0.00000000000
0.01024068262 0.00882151064 0.21599513850 0.00000000000 0.00000000000 0.00000000000 0.00000000000 0.00000000000 0.00000000000 0.00000000000 0.00000000000
0.01016749119 0.00888626318 0.21597482658 0.00000000000 0.00000000000 0.00000000000 0.00000000000 0.00000000000 0.00000000000 0.00000000000 0.00000000000
0.01009432056 0.00895103983 0.21595449878 0.00000000000 0.00000000000 0.00000000000 0.00000000000 0.00000000000 0.00000000000 0.00000000000 0.00000000000
0.01002117244 0.00901584259 0.21593415542 0.00000000000 0.00000000000 0.00000000000 0.00000000000 0.00000000000 0.00000000000 0.00000000000 0.00000000000
0.00994804851 0.00908067344 0.21591379679 0.00000000000 0.00000000000 0.00000000000 0.00000000000 0.00000000000 0.00000000000 0.00000000000 0.00000000000
0.00987495048 0.00914553435 0.21589342319 0.00000000000 0.00000000000 0.00000000000 0.00000000000 0.00000000000 0.00000000000 0.00000000000 0.00000000000
0.00980188001 0.00921042723 0.21587303490 0.00000000000 0.00000000000 0.00000000000 0.00000000000 0.00000000000 0.00000000000 0.00000000000 0.00000000000
0.00972883880 0.00927535403 0.21585263221 0.00000000000 0.00000000000 0.00000000000 0.00000000000 0.00000000000 0.00000000000 0.00000000000 0.00000000000
0.00965582862 0.00934031660 0.21583221544 0.00000000000 0.00000000000 0.00000000000 0.00000000000 0.00000000000 0.00000000000 0.00000000000 0.00000000000
0.00958285172 0.00940531635 0.21581178502 0.00000000000 0.00000000000 0.00000000000 0.00000000000 0.00000000000 0.00000000000 0.00000000000 0.00000000000
0.00950991242 0.00947035285 0.21579134199 0.00000000000 0.00000000000 0.00000000000 0.00000000000 0.00000000000 0.00000000000 0.00000000000 0.00000000000
0.00943702179 0.00953541964 0.21577088925 0.00000000000 0.00000000000 0.00000000000 0.00000000000 0.00000000000 0.00000000000 0.00000000000 0.00000000000
0.00936420654 0.00960049623 0.21575043414 0.00000000000 0.00000000000 0.00000000000 0.00000000000 0.00000000000 0.00000000000 0.00000000000 0.00000000000
0.00929151837 0.00966553961 0.21572999103 0.00000000000 0.00000000000 0.00000000000 0.00000000000 0.00000000000 0.00000000000 0.00000000000 0.00000000000
0.00921903108 0.00973048674 0.21570958061 0.00000000000 0.00000000000 0.00000000000 0.00000000000 0.00000000000 0.00000000000 0.00000000000 0.00000000000
0.00914681230 0.00979527971 0.21568922191 0.00000000000 0.00000000000 0.00000000000 0.00000000000 0.00000000000 0.00000000000 0.00000000000 0.00000000000
0.00907487414 0.00985991012 0.21566891838 0.00000000000 0.00000000000 0.00000000000 0.00000000000 0.00000000000 0.00000000000 0.00000000000 0.00000000000
0.00900313390 0.00992445483 0.21564864666 0.00000000000 0.00000000000 0.00000000000 0.00000000000 0.00000000000 0.00000000000 0.00000000000 0.00000000000
0.00893143969 0.00998905325 0.21562836371 0.00000000000 0.00000000000 0.00000000000 0.00000000000 0.00000000000 0.00000000000 0.00000000000 0.00000000000
0.00885969702 0.01005379454 0.21560804254 0.00000000000 0.00000000000 0.00000000000 0.00000000000 0.00000000000 0.00000000000 0.00000000000 0.00000000000
0.00878804908 0.01011855288 0.21558772345 0.00000000000 0.00000000000 0.00000000000 0.00000000000 0.00000000000 0.00000000000 0.00000000000 0.00000000000
0.00869357761 0.01020406762 0.21556089511 0.00000000000 0.00000000000 0.00000000000 0.00000000000 0.00000000000 0.00000000000 0.00000000000 0.00000000000
0.00862405911 0.01026714911 0.21554112341 0.00000000000 0.00000000000 0.00000000000 0.00000000000 0.00000000000 0.00000000000 0.00000000000 0.00000000000
0.00857810175 0.01030895481 0.21552803733 0.00000000000 0.00000000000 0.00000000000 0.00000000000 0.00000000000 0.00000000000 0.00000000000 0.00000000000
ZONE T="NURB"
I=201, J=1, K=1
0.01579885329 0.00372960840 0.21750120934 16.67886698156 0.00000000000 0.00000000000 0.00000000000 0.00000000000 0.00000000000 0.00000000000 0.21753318377
0.01576399952 0.00376422161 0.21749204448 16.42207868392 0.00000000000 0.00000000000 0.00000000000 0.00000000000 0.00000000000 0.00000000000 0.21752461649
0.01572895518 0.00379896790 0.21748282588 16.25040794247 0.00000000000 0.00000000000 0.00000000000 0.00000000000 0.00000000000 0.00000000000 0.21751600334
0.01569376334 0.00383380444 0.21747356493 16.16041452301 0.00000000000 0.00000000000 0.00000000000 0.00000000000 0.00000000000 0.00000000000 0.21750735504
0.01565846708 0.00386868839 0.21746427303 16.15007363282 0.00000000000 0.00000000000 0.00000000000 0.00000000000 0.00000000000 0.00000000000 0.21749868228
0.01562310878 0.00390357775 0.21745496122 16.07395251309 0.00000000000 0.00000000000 0.00000000000 0.00000000000 0.00000000000 0.00000000000 0.21748999536
0.01558772760 0.00393843431 0.21744563897 16.07079418639 0.00000000000 0.00000000000 0.00000000000 0.00000000000 0.00000000000 0.00000000000 0.21748130304
0.01555235953 0.00397322318 0.21743631490 15.89878848024 0.00000000000 0.00000000000 0.00000000000 0.00000000000 0.00000000000 0.00000000000 0.21747261331
0.01551702937 0.00400792065 0.21742699571 15.74704864100 0.00000000000 0.00000000000 0.00000000000 0.00000000000 0.00000000000 0.00000000000 0.21746393239
0.01548175526 0.00404250961 0.21741768662 15.62272318299 0.00000000000 0.00000000000 0.00000000000 0.00000000000 0.00000000000 0.00000000000 0.21745526515
0.01544653804 0.00407699001 0.21740838800 15.48851436315 0.00000000000 0.00000000000 0.00000000000 0.00000000000 0.00000000000 0.00000000000 0.21744661188
0.01541137167 0.00411136856 0.21739909827 15.38790878736 0.00000000000 0.00000000000 0.00000000000 0.00000000000 0.00000000000 0.00000000000 0.21743797111
0.01537624366 0.00414565815 0.21738981417 15.26655604273 0.00000000000 0.00000000000 0.00000000000 0.00000000000 0.00000000000 0.00000000000 0.21742933975
0.01534113945 0.00417987363 0.21738053187 15.16280172168 0.00000000000 0.00000000000 0.00000000000 0.00000000000 0.00000000000 0.00000000000 0.21742071424
0.01530604548 0.00421402877 0.21737124782 15.04144396807 0.00000000000 0.00000000000 0.00000000000 0.00000000000 0.00000000000 0.00000000000 0.21741209124
0.01527094928 0.00424813622 0.21736195873 14.93105751118 0.00000000000 0.00000000000 0.00000000000 0.00000000000 0.00000000000 0.00000000000 0.21740346769
0.01523584271 0.00428220436 0.21735266245 14.81332937482 0.00000000000 0.00000000000 0.00000000000 0.00000000000 0.00000000000 0.00000000000 0.21739484159
0.01520071969 0.00431623952 0.21734335739 14.69895130840 0.00000000000 0.00000000000 0.00000000000 0.00000000000 0.00000000000 0.00000000000 0.21738621144
0.01516557712 0.00435024511 0.21733404273 14.58257396608 0.00000000000 0.00000000000 0.00000000000 0.00000000000 0.00000000000 0.00000000000 0.21737757649
0.01513041317 0.00438422331 0.21732471798 14.46752320204 0.00000000000 0.00000000000 0.00000000000 0.00000000000 0.00000000000 0.00000000000 0.21736893628
0.01509522708 0.00441817526 0.21731538296 14.35214919812 0.00000000000 0.00000000000 0.00000000000 0.00000000000 0.00000000000 0.00000000000 0.21736029063
0.01506001854 0.00445210164 0.21730603758 14.23697061012 0.00000000000 0.00000000000 0.00000000000 0.00000000000 0.00000000000 0.00000000000 0.21735163947
0.01502478753 0.00448600287 0.21729668185 14.12174154608 0.00000000000 0.00000000000 0.00000000000 0.00000000000 0.00000000000 0.00000000000 0.21734298278
0.01498953414 0.00451987923 0.21728731579 14.00660865212 0.00000000000 0.00000000000 0.00000000000 0.00000000000 0.00000000000 0.00000000000 0.21733432060
0.01495425854 0.00455373096 0.21727793944 13.89152797416 0.00000000000 0.00000000000 0.00000000000 0.00000000000 0.00000000000 0.00000000000 0.21732565296
0.01491896095 0.00458755825 0.21726855287 13.77639778376 0.00000000000 0.00000000000 0.00000000000 0.00000000000 0.00000000000 0.00000000000 0.21731697991
0.01488364154 0.00462136130 0.21725915613 13.66128305620 0.00000000000 0.00000000000 0.00000000000 0.00000000000 0.00000000000 0.00000000000 0.21730830151
0.01484830054 0.00465514029 0.21724974928 13.54620918051 0.00000000000 0.00000000000 0.00000000000 0.00000000000 0.00000000000 0.00000000000 0.21729961780
0.01481293814 0.00468889543 0.21724033237 13.43116851196 0.00000000000 0.00000000000 0.00000000000 0.00000000000 0.00000000000 0.00000000000 0.21729092883
0.01477755455 0.00472262691 0.21723090546 13.31611226248 0.00000000000 0.00000000000 0.00000000000 0.00000000000 0.00000000000 0.00000000000 0.21728223465
0.01474214996 0.00475633492 0.21722146861 13.20107973485 0.00000000000 0.00000000000 0.00000000000 0.00000000000 0.00000000000 0.00000000000 0.21727353531
0.01470672458 0.00479001966 0.21721202187 13.08606085412 0.00000000000 0.00000000000 0.00000000000 0.00000000000 0.00000000000 0.00000000000 0.21726483087
0.01467127861 0.00482368133 0.21720256529 12.97107135607 0.00000000000 0.00000000000 0.00000000000 0.00000000000 0.00000000000 0.00000000000 0.21725612136
0.01463581226 0.00485732011 0.21719309893 12.85611713037 0.00000000000 0.00000000000 0.00000000000 0.00000000000 0.00000000000 0.00000000000 0.21724740685
0.01460032571 0.00489093621 0.21718362285 12.74119646093 0.00000000000 0.00000000000 0.00000000000 0.00000000000 0.00000000000 0.00000000000 0.21723868738
0.01456481919 0.00492452982 0.21717413711 12.62626536306 0.00000000000 0.00000000000 0.00000000000 0.00000000000 0.00000000000 0.00000000000 0.21722996299
0.01452929287 0.00495810114 0.21716464174 12.51136163494 0.00000000000 0.00000000000 0.00000000000 0.00000000000 0.00000000000 0.00000000000 0.21722123375
0.01449374697 0.00499165036 0.21715513682 12.39648193292 0.00000000000 0.00000000000 0.00000000000 0.00000000000 0.00000000000 0.00000000000 0.21721249969
0.01445818169 0.00502517769 0.21714562239 12.28163641858 0.00000000000 0.00000000000 0.00000000000 0.00000000000 0.00000000000 0.00000000000 0.21720376087
0.01442259723 0.00505868332 0.21713609851 12.16700777457 0.00000000000 0.00000000000 0.00000000000 0.00000000000 0.00000000000 0.00000000000 0.21719501733
0.01438699378 0.00509216745 0.21712656524 12.05244540213 0.00000000000 0.00000000000 0.00000000000 0.00000000000 0.00000000000 0.00000000000 0.21718626914
0.01435137155 0.00512563028 0.21711702262 11.93718701105 0.00000000000 0.00000000000 0.00000000000 0.00000000000 0.00000000000 0.00000000000 0.21717751632
0.01431573073 0.00515907199 0.21710747071 11.82185001685 0.00000000000 0.00000000000 0.00000000000 0.00000000000 0.00000000000 0.00000000000 0.21716875894
0.01428007153 0.00519249281 0.21709790956 11.70955337178 0.00000000000 0.00000000000 0.00000000000 0.00000000000 0.00000000000 0.00000000000 0.21715999704
0.01424439415 0.00522589291 0.21708833923 11.59777719618 0.00000000000 0.00000000000 0.00000000000 0.00000000000 0.00000000000 0.00000000000 0.21715123068
0.01420869876 0.00525927249 0.21707875976 11.48461390137 0.00000000000 0.00000000000 0.00000000000 0.00000000000 0.00000000000 0.00000000000 0.21714245989
0.01417298558 0.00529263176 0.21706917122 11.37125874921 0.00000000000 0.00000000000 0.00000000000 0.00000000000 0.00000000000 0.00000000000 0.21713368473
0.01413725473 0.00532597090 0.21705957389 11.15814756187 0.00000000000 0.00000000000 0.00000000000 0.00000000000 0.00000000000 0.00000000000 0.21712490549
0.01410150597 0.00535929012 0.21704996958 11.00445782177 0.00000000000 0.00000000000 0.00000000000 0.00000000000 0.00000000000 0.00000000000 0.21711612396
0.01406573885 0.00539258960 0.21704036090 11.04339067676 0.00000000000 0.00000000000 0.00000000000 0.00000000000 0.00000000000 0.00000000000 0.21710734277
0.01402995255 0.00542586951 0.21703075201 11.41711380495 0.00000000000 0.00000000000 0.00000000000 0.00000000000 0.00000000000 0.00000000000 0.21709856604
0.01399414638 0.00545913004 0.21702114637 10.80433164076 0.00000000000 0.00000000000 0.00000000000 0.00000000000 0.00000000000 0.00000000000 0.21708979726
0.01395832153 0.00549237135 0.21701153992 10.69731183816 0.00000000000 0.00000000000 0.00000000000 0.00000000000 0.00000000000 0.00000000000 0.21708103234
0.01392247969 0.00552559362 0.21700192646 10.66401135309 0.00000000000 0.00000000000 0.00000000000 0.00000000000 0.00000000000 0.00000000000 0.21707226509
0.01388662145 0.00555879702 0.21699230431 10.56954818382 0.00000000000 0.00000000000 0.00000000000 0.00000000000 0.00000000000 0.00000000000 0.21706349383
0.01385074697 0.00559198171 0.21698267352 10.47659474274 0.00000000000 0.00000000000 0.00000000000 0.00000000000 0.00000000000 0.00000000000 0.21705471861
0.01381485641 0.00562514785 0.21697303413 10.38391824372 0.00000000000 0.00000000000 0.00000000000 0.00000000000 0.00000000000 0.00000000000 0.21704593944
0.01377894994 0.00565829561 0.21696338618 10.29090056443 0.00000000000 0.00000000000 0.00000000000 0.00000000000 0.00000000000 0.00000000000 0.21703715639
0.01374302771 0.00569142515 0.21695372972 10.19785587065 0.00000000000 0.00000000000 0.00000000000 0.00000000000 0.00000000000 0.00000000000 0.21702836948
0.01370708988 0.00572453664 0.21694406478 10.10492894910 0.00000000000 0.00000000000 0.00000000000 0.00000000000 0.00000000000 0.00000000000 0.21701957875
0.01367113661 0.00575763024 0.21693439141 10.01205185186 0.00000000000 0.00000000000 0.00000000000 0.00000000000 0.00000000000 0.00000000000 0.21701078425
0.01363516806 0.00579070611 0.21692470965 9.91918859033 0.00000000000 0.00000000000 0.00000000000 0.00000000000 0.00000000000 0.00000000000 0.21700198601
0.01359918439 0.00582376442 0.21691501954 9.82635885726 0.00000000000 0.00000000000 0.00000000000 0.00000000000 0.00000000000 0.00000000000 0.21699318407
0.01356318576 0.00585680534 0.21690532113 9.73348974251 0.00000000000 0.00000000000 0.00000000000 0.00000000000 0.00000000000 0.00000000000 0.21698437847
0.01352717233 0.00588982903 0.21689561445 9.64064632457 0.00000000000 0.00000000000 0.00000000000 0.00000000000 0.00000000000 0.00000000000 0.21697556926
0.01349114425 0.00592283565 0.21688589955 9.54782224032 0.00000000000 0.00000000000 0.00000000000 0.00000000000 0.00000000000 0.00000000000 0.21696675645
0.01345510168 0.00595582538 0.21687617647 9.45503515299 0.00000000000 0.00000000000 0.00000000000 0.00000000000 0.00000000000 0.00000000000 0.21695794011
0.01341904478 0.00598879838 0.21686644525 9.36224802434 0.00000000000 0.00000000000 0.00000000000 0.00000000000 0.00000000000 0.00000000000 0.21694912026
0.01338297371 0.00602175482 0.21685670592 9.26949649560 0.00000000000 0.00000000000 0.00000000000 0.00000000000 0.00000000000 0.00000000000 0.21694029694
0.01334688862 0.00605469487 0.21684695854 9.17675656258 0.00000000000 0.00000000000 0.00000000000 0.00000000000 0.00000000000 0.00000000000 0.21693147019
0.01331078967 0.00608761869 0.21683720314 9.08405611172 0.00000000000 0.00000000000 0.00000000000 0.00000000000 0.00000000000 0.00000000000 0.21692264006
0.01327467703 0.00612052645 0.21682743977 8.99140056569 0.00000000000 0.00000000000 0.00000000000 0.00000000000 0.00000000000 0.00000000000 0.21691380657
0.01323855083 0.00615341832 0.21681766845 8.89879208407 0.00000000000 0.00000000000 0.00000000000 0.00000000000 0.00000000000 0.00000000000 0.21690496977
0.01320241125 0.00618629447 0.21680788924 8.80617597421 0.00000000000 0.00000000000 0.00000000000 0.00000000000 0.00000000000 0.00000000000 0.21689612969
0.01316625844 0.00621915506 0.21679810216 8.71360012592 0.00000000000 0.00000000000 0.00000000000 0.00000000000 0.00000000000 0.00000000000 0.21688728638
0.01313009255 0.00625200028 0.21678830727 8.62110705564 0.00000000000 0.00000000000 0.00000000000 0.00000000000 0.00000000000 0.00000000000 0.21687843987
0.01309391374 0.00628483027 0.21677850461 8.52867201358 0.00000000000 0.00000000000 0.00000000000 0.00000000000 0.00000000000 0.00000000000 0.21686959019
0.01305772217 0.00631764522 0.21676869420 8.43623355528 0.00000000000 0.00000000000 0.00000000000 0.00000000000 0.00000000000 0.00000000000 0.21686073740
0.01302151800 0.00635044529 0.21675887609 8.34384100226 0.00000000000 0.00000000000 0.00000000000 0.00000000000 0.00000000000 0.00000000000 0.21685188152
0.01298530137 0.00638323066 0.21674905032 8.25154723944 0.00000000000 0.00000000000 0.00000000000 0.00000000000 0.00000000000 0.00000000000 0.21684302260
0.01294907244 0.00641600149 0.21673921694 8.15931994553 0.00000000000 0.00000000000 0.00000000000 0.00000000000 0.00000000000 0.00000000000 0.21683416067
0.01291283138 0.00644875795 0.21672937597 8.06710785564 0.00000000000 0.00000000000 0.00000000000 0.00000000000 0.00000000000 0.00000000000 0.21682529577
0.01287657833 0.00648150021 0.21671952745 7.97495129497 0.00000000000 0.00000000000 0.00000000000 0.00000000000 0.00000000000 0.00000000000 0.21681642794
0.01284031345 0.00651422845 0.21670967143 7.88292132611 0.00000000000 0.00000000000 0.00000000000 0.00000000000 0.00000000000 0.00000000000 0.21680755721
0.01280403690 0.00654694283 0.21669980794 7.79096986716 0.00000000000 0.00000000000 0.00000000000 0.00000000000 0.00000000000 0.00000000000 0.21679868363
0.01276774883 0.00657964353 0.21668993703 7.69898315906 0.00000000000 0.00000000000 0.00000000000 0.00000000000 0.00000000000 0.00000000000 0.21678980723
0.01273144939 0.00661233071 0.21668005873 7.60705040146 0.00000000000 0.00000000000 0.00000000000 0.00000000000 0.00000000000 0.00000000000 0.21678092805
0.01269513875 0.00664500454 0.21667017307 7.51549659609 0.00000000000 0.00000000000 0.00000000000 0.00000000000 0.00000000000 0.00000000000 0.21677204613
0.01265881706 0.00667766520 0.21666028011 7.42407214302 0.00000000000 0.00000000000 0.00000000000 0.00000000000 0.00000000000 0.00000000000 0.21676316151
0.01262248446 0.00671031286 0.21665037986 7.33202240254 0.00000000000 0.00000000000 0.00000000000 0.00000000000 0.00000000000 0.00000000000 0.21675427422
0.01258614112 0.00674294769 0.21664047238 7.23993100905 0.00000000000 0.00000000000 0.00000000000 0.00000000000 0.00000000000 0.00000000000 0.21674538430
0.01254978718 0.00677556987 0.21663055769 7.14945911571 0.00000000000 0.00000000000 0.00000000000 0.00000000000 0.00000000000 0.00000000000 0.21673649179
0.01251342280 0.00680817957 0.21662063584 7.05934102773 0.00000000000 0.00000000000 0.00000000000 0.00000000000 0.00000000000 0.00000000000 0.21672759673
0.01247704812 0.00684077697 0.21661070686 6.96698047735 0.00000000000 0.00000000000 0.00000000000 0.00000000000 0.00000000000 0.00000000000 0.21671869914
0.01244066329 0.00687336223 0.21660077079 6.87430432416 0.00000000000 0.00000000000 0.00000000000 0.00000000000 0.00000000000 0.00000000000 0.21670979907
0.01240426846 0.00690593555 0.21659082766 6.78116686439 0.00000000000 0.00000000000 0.00000000000 0.00000000000 0.00000000000 0.00000000000 0.21670089656
0.01236786380 0.00693849710 0.21658087750 6.68803752652 0.00000000000 0.00000000000 0.00000000000 0.00000000000 0.00000000000 0.00000000000 0.21669199164
0.01233144945 0.00697104705 0.21657092037 6.59398011506 0.00000000000 0.00000000000 0.00000000000 0.00000000000 0.00000000000 0.00000000000 0.21668308436
0.01229502558 0.00700358559 0.21656095629 6.49985941311 0.00000000000 0.00000000000 0.00000000000 0.00000000000 0.00000000000 0.00000000000 0.21667417474
0.01225859235 0.00703611290 0.21655098530 6.39065063347 0.00000000000 0.00000000000 0.00000000000 0.00000000000 0.00000000000 0.00000000000 0.21666526283
0.01222214994 0.00706862918 0.21654100744 6.27891280754 0.00000000000 0.00000000000 0.00000000000 0.00000000000 0.00000000000 0.00000000000 0.21665634868
0.01218569855 0.00710113465 0.21653102277 6.15340670446 0.00000000000 0.00000000000 0.00000000000 0.00000000000 0.00000000000 0.00000000000 0.21664743233
0.01214923839 0.00713362954 0.21652103133 6.02567681399 0.00000000000 0.00000000000 0.00000000000 0.00000000000 0.00000000000 0.00000000000 0.21663851384
0.01211276968 0.00716611410 0.21651103316 5.89248538486 0.00000000000 0.00000000000 0.00000000000 0.00000000000 0.00000000000 0.00000000000 0.21662959325
0.01207629265 0.00719858858 0.21650102833 5.75861318514 0.00000000000 0.00000000000 0.00000000000 0.00000000000 0.00000000000 0.00000000000 0.21662067063
0.01203980754 0.00723105325 0.21649101688 5.61006331136 0.00000000000 0.00000000000 0.00000000000 0.00000000000 0.00000000000 0.00000000000 0.21661174604
0.01200331460 0.00726350841 0.21648099887 5.45931832794 0.00000000000 0.00000000000 0.00000000000 0.00000000000 0.00000000000 0.00000000000 0.21660281952
0.01196681407 0.00729595434 0.21647097435 5.30591004539 0.00000000000 0.00000000000 0.00000000000 0.00000000000 0.00000000000 0.00000000000 0.21659389115
0.01193030621 0.00732839136 0.21646094338 5.15257519120 0.00000000000 0.00000000000 0.00000000000 0.00000000000 0.00000000000 0.00000000000 0.21658496099
0.01189379130 0.00736081977 0.21645090601 5.00120236554 0.00000000000 0.00000000000 0.00000000000 0.00000000000 0.00000000000 0.00000000000 0.21657602910
0.01185726958 0.00739323989 0.21644086231 4.85083381780 0.00000000000 0.00000000000 0.00000000000 0.00000000000 0.00000000000 0.00000000000 0.21656709555
0.01182074131 0.00742565202 0.21643081233 4.69978612939 0.00000000000 0.00000000000 0.00000000000 0.00000000000 0.00000000000 0.00000000000 0.21655816040
0.01178420675 0.00745805648 0.21642075612 4.54942004111 0.00000000000 0.00000000000 0.00000000000 0.00000000000 0.00000000000 0.00000000000 0.21654922370
0.01174766616 0.00749045357 0.21641069374 4.40085241890 0.00000000000 0.00000000000 0.00000000000 0.00000000000 0.00000000000 0.00000000000 0.21654028554
0.01171111981 0.00752284360 0.21640062524 4.25358230883 0.00000000000 0.00000000000 0.00000000000 0.00000000000 0.00000000000 0.00000000000 0.21653134596
0.01167456795 0.00755522688 0.21639055069 4.10753987562 0.00000000000 0.00000000000 0.00000000000 0.00000000000 0.00000000000 0.00000000000 0.21652240503
0.01163801085 0.00758760371 0.21638047013 3.96291956622 0.00000000000 0.00000000000 0.00000000000 0.00000000000 0.00000000000 0.00000000000 0.21651346282
0.01160144875 0.00761997442 0.21637038362 3.82009486521 0.00000000000 0.00000000000 0.00000000000 0.00000000000 0.00000000000 0.00000000000 0.21650451940
0.01156488193 0.00765233931 0.21636029122 3.67908650397 0.00000000000 0.00000000000 0.00000000000 0.00000000000 0.00000000000 0.00000000000 0.21649557481
0.01152831065 0.00768469868 0.21635019297 3.54024676658 0.00000000000 0.00000000000 0.00000000000 0.00000000000 0.00000000000 0.00000000000 0.21648662913
0.01149173516 0.00771705284 0.21634008895 3.40367330373 0.00000000000 0.00000000000 0.00000000000 0.00000000000 0.00000000000 0.00000000000 0.21647768243
0.01145515572 0.00774940211 0.21632997918 3.26974037604 0.00000000000 0.00000000000 0.00000000000 0.00000000000 0.00000000000 0.00000000000 0.21646873476
0.01141857260 0.00778174678 0.21631986375 3.13866571835 0.00000000000 0.00000000000 0.00000000000 0.00000000000 0.00000000000 0.00000000000 0.21645978618
0.01138198605 0.00781408718 0.21630974269 3.01103139272 0.00000000000 0.00000000000 0.00000000000 0.00000000000 0.00000000000 0.00000000000 0.21645083677
0.01134539633 0.00784642360 0.21629961605 2.88706353350 0.00000000000 0.00000000000 0.00000000000 0.00000000000 0.00000000000 0.00000000000 0.21644188659
0.01130880328 0.00787875636 0.21628948562 4.60888191552 0.00000000000 0.00000000000 0.00000000000 0.00000000000 0.00000000000 0.00000000000 0.21643293740
0.01127220406 0.00791108576 0.21627936428 11.42070572189 0.00000000000 0.00000000000 0.00000000000 0.00000000000 0.00000000000 0.00000000000 0.21642400211
0.01123559523 0.00794341212 0.21626926721 11.22720251912 0.00000000000 0.00000000000 0.00000000000 0.00000000000 0.00000000000 0.00000000000 0.21641509591
0.01119897666 0.00797573573 0.21625919616 9.68074650543 0.00000000000 0.00000000000 0.00000000000 0.00000000000 0.00000000000 0.00000000000 0.21640622053
0.01116234974 0.00800805692 0.21624914649 4.80135820911 0.00000000000 0.00000000000 0.00000000000 0.00000000000 0.00000000000 0.00000000000 0.21639737136
0.01112571739 0.00804037598 0.21623910725 1.58040845532 0.00000000000 0.00000000000 0.00000000000 0.00000000000 0.00000000000 0.00000000000 0.21638853748
0.01108908283 0.00807269322 0.21622906631 2.17313405135 0.00000000000 0.00000000000 0.00000000000 0.00000000000 0.00000000000 0.00000000000 0.21637970675
0.01105244716 0.00810500896 0.21621902023 2.10294925078 0.00000000000 0.00000000000 0.00000000000 0.00000000000 0.00000000000 0.00000000000 0.21637087577
0.01101581065 0.00813732350 0.21620896906 2.04351983049 0.00000000000 0.00000000000 0.00000000000 0.00000000000 0.00000000000 0.00000000000 0.21636204458
0.01097917354 0.00816963714 0.21619891284 1.99559831752 0.00000000000 0.00000000000 0.00000000000 0.00000000000 0.00000000000 0.00000000000 0.21635321325
0.01094253611 0.00820195020 0.21618885162 1.96012309173 0.00000000000 0.00000000000 0.00000000000 0.00000000000 0.00000000000 0.00000000000 0.21634438184
0.01090589859 0.00823426298 0.21617878546 1.93763862218 0.00000000000 0.00000000000 0.00000000000 0.00000000000 0.00000000000 0.00000000000 0.21633555041
0.01086926125 0.00826657579 0.21616871440 1.92869220360 0.00000000000 0.00000000000 0.00000000000 0.00000000000 0.00000000000 0.00000000000 0.21632671902
0.01083262435 0.00829888894 0.21615863850 1.93331434514 0.00000000000 0.00000000000 0.00000000000 0.00000000000 0.00000000000 0.00000000000 0.21631788774
0.01079598814 0.00833120272 0.21614855780 1.95147501692 0.00000000000 0.00000000000 0.00000000000 0.00000000000 0.00000000000 0.00000000000 0.21630905663
0.01075935288 0.00836351746 0.21613847235 1.98269562271 0.00000000000 0.00000000000 0.00000000000 0.00000000000 0.00000000000 0.00000000000 0.21630022574
0.01072271883 0.00839583344 0.21612838220 2.02637625052 0.00000000000 0.00000000000 0.00000000000 0.00000000000 0.00000000000 0.00000000000 0.21629139514
0.01068608623 0.00842815099 0.21611828741 2.08165940798 0.00000000000 0.00000000000 0.00000000000 0.00000000000 0.00000000000 0.00000000000 0.21628256490
0.01064945536 0.00846047039 0.21610818800 2.14768518711 0.00000000000 0.00000000000 0.00000000000 0.00000000000 0.00000000000 0.00000000000 0.21627373507
0.01061282646 0.00849279197 0.21609808405 2.22343467304 0.00000000000 0.00000000000 0.00000000000 0.00000000000 0.00000000000 0.00000000000 0.21626490572
0.01057619979 0.00852511601 0.21608797559 2.30779369727 0.00000000000 0.00000000000 0.00000000000 0.00000000000 0.00000000000 0.00000000000 0.21625607690
0.01053957560 0.00855744283 0.21607786267 2.39989767171 0.00000000000 0.00000000000 0.00000000000 0.00000000000 0.00000000000 0.00000000000 0.21624724869
0.01050295416 0.00858977272 0.21606774534 2.49864825347 0.00000000000 0.00000000000 0.00000000000 0.00000000000 0.00000000000 0.00000000000 0.21623842113
0.01046633572 0.00862210599 0.21605762365 2.60341240238 0.00000000000 0.00000000000 0.00000000000 0.00000000000 0.00000000000 0.00000000000 0.21622959430
0.01042972053 0.00865444294 0.21604749765 2.71382748419 0.00000000000 0.00000000000 0.00000000000 0.00000000000 0.00000000000 0.00000000000 0.21622076825
0.01039310885 0.00868678388 0.21603736737 2.82903798605 0.00000000000 0.00000000000 0.00000000000 0.00000000000 0.00000000000 0.00000000000 0.21621194305
0.01035650093 0.00871912910 0.21602723288 2.94251381529 0.00000000000 0.00000000000 0.00000000000 0.00000000000 0.00000000000 0.00000000000 0.21620311875
0.01031989700 0.00875147890 0.21601709420 3.05814632082 0.00000000000 0.00000000000 0.00000000000 0.00000000000 0.00000000000 0.00000000000 0.21619429542
0.01028329732 0.00878383356 0.21600695139 3.17707490805 0.00000000000 0.00000000000 0.00000000000 0.00000000000 0.00000000000 0.00000000000 0.21618547311
0.01024670212 0.00881619337 0.21599680449 3.29868566685 0.00000000000 0.00000000000 0.00000000000 0.00000000000 0.00000000000 0.00000000000 0.21617665188
0.01021011164 0.00884855862 0.21598665354 3.41537265900 0.00000000000 0.00000000000 0.00000000000 0.00000000000 0.00000000000 0.00000000000 0.21616783178
0.01017352609 0.00888092957 0.21597649858 3.53246104170 0.00000000000 0.00000000000 0.00000000000 0.00000000000 0.00000000000 0.00000000000 0.21615901288
0.01013694571 0.00891330650 0.21596633965 3.64594482358 0.00000000000 0.00000000000 0.00000000000 0.00000000000 0.00000000000 0.00000000000 0.21615019522
0.01010037072 0.00894568966 0.21595617679 3.75972912563 0.00000000000 0.00000000000 0.00000000000 0.00000000000 0.00000000000 0.00000000000 0.21614137886
0.01006380131 0.00897807930 0.21594601003 3.87396421884 0.00000000000 0.00000000000 0.00000000000 0.00000000000 0.00000000000 0.00000000000 0.21613256385
0.01002723771 0.00901047567 0.21593583941 3.98912842124 0.00000000000 0.00000000000 0.00000000000 0.00000000000 0.00000000000 0.00000000000 0.21612375023
0.00999068013 0.00904287901 0.21592566498 4.10401810085 0.00000000000 0.00000000000 0.00000000000 0.00000000000 0.00000000000 0.00000000000 0.21611493807
0.00995412877 0.00907528957 0.21591548676 4.21953535388 0.00000000000 0.00000000000 0.00000000000 0.00000000000 0.00000000000 0.00000000000 0.21610612741
0.00991758385 0.00910770760 0.21590530479 4.33541771907 0.00000000000 0.00000000000 0.00000000000 0.00000000000 0.00000000000 0.00000000000 0.21609731830
0.00988104558 0.00914013333 0.21589511912 4.45194379256 0.00000000000 0.00000000000 0.00000000000 0.00000000000 0.00000000000 0.00000000000 0.21608851079
0.00984451416 0.00917256701 0.21588492976 4.56918137199 0.00000000000 0.00000000000 0.00000000000 0.00000000000 0.00000000000 0.00000000000 0.21607970493
0.00980798981 0.00920500889 0.21587473677 4.68704625377 0.00000000000 0.00000000000 0.00000000000 0.00000000000 0.00000000000 0.00000000000 0.21607090078
0.00977147274 0.00923745920 0.21586454017 4.80538246041 0.00000000000 0.00000000000 0.00000000000 0.00000000000 0.00000000000 0.00000000000 0.21606209838
0.00973496314 0.00926991819 0.21585434001 4.92422564768 0.00000000000 0.00000000000 0.00000000000 0.00000000000 0.00000000000 0.00000000000 0.21605329779
0.00969846124 0.00930238610 0.21584413631 5.04347129850 0.00000000000 0.00000000000 0.00000000000 0.00000000000 0.00000000000 0.00000000000 0.21604449905
0.00966196725 0.00933486317 0.21583392912 5.16315158399 0.00000000000 0.00000000000 0.00000000000 0.00000000000 0.00000000000 0.00000000000 0.21603570221
0.00962548137 0.00936734964 0.21582371846 5.28317343347 0.00000000000 0.00000000000 0.00000000000 0.00000000000 0.00000000000 0.00000000000 0.21602690733
0.00958900385 0.00939984571 0.21581350439 5.40359142913 0.00000000000 0.00000000000 0.00000000000 0.00000000000 0.00000000000 0.00000000000 0.21601811447
0.00955253497 0.00943235158 0.21580328696 5.52420110770 0.00000000000 0.00000000000 0.00000000000 0.00000000000 0.00000000000 0.00000000000 0.21600932368
0.00951607519 0.00946486724 0.21579306627 5.64529913312 0.00000000000 0.00000000000 0.00000000000 0.00000000000 0.00000000000 0.00000000000 0.21600053510
0.00947962514 0.00949739257 0.21578284248 5.76633708877 0.00000000000 0.00000000000 0.00000000000 0.00000000000 0.00000000000 0.00000000000 0.21599174885
0.00944318607 0.00952992689 0.21577261591 5.88833621591 0.00000000000 0.00000000000 0.00000000000 0.00000000000 0.00000000000 0.00000000000 0.21598296526
0.00940675963 0.00956246913 0.21576238700 6.00927312397 0.00000000000 0.00000000000 0.00000000000 0.00000000000 0.00000000000 0.00000000000 0.21597418471
0.00937034871 0.00959501714 0.21575215655 6.13210458413 0.00000000000 0.00000000000 0.00000000000 0.00000000000 0.00000000000 0.00000000000 0.21596540790
0.00933395689 0.00962756813 0.21574192553 6.25321759184 0.00000000000 0.00000000000 0.00000000000 0.00000000000 0.00000000000 0.00000000000 0.21595663570
0.00929758911 0.00966011808 0.21573169533 6.37745431869 0.00000000000 0.00000000000 0.00000000000 0.00000000000 0.00000000000 0.00000000000 0.21594786929
0.00926125091 0.00969266244 0.21572146748 6.49804408503 0.00000000000 0.00000000000 0.00000000000 0.00000000000 0.00000000000 0.00000000000 0.21593911002
0.00922494802 0.00972519646 0.21571124357 6.62165729031 0.00000000000 0.00000000000 0.00000000000 0.00000000000 0.00000000000 0.00000000000 0.21593035926
0.00918868590 0.00975771563 0.21570102514 6.74326803974 0.00000000000 0.00000000000 0.00000000000 0.00000000000 0.00000000000 0.00000000000 0.21592161833
0.00915246765 0.00979021753 0.21569081304 6.86594356095 0.00000000000 0.00000000000 0.00000000000 0.00000000000 0.00000000000 0.00000000000 0.21591288797
0.00911629463 0.00982270130 0.21568060766 6.99126003926 0.00000000000 0.00000000000 0.00000000000 0.00000000000 0.00000000000 0.00000000000 0.21590416851
0.00908016319 0.00985517058 0.21567040794 7.11327154907 0.00000000000 0.00000000000 0.00000000000 0.00000000000 0.00000000000 0.00000000000 0.21589545908
0.00904406691 0.00988763151 0.21566021208 7.23176942713 0.00000000000 0.00000000000 0.00000000000 0.00000000000 0.00000000000 0.00000000000 0.21588675811
0.00900799457 0.00992009454 0.21565001687 7.34047480496 0.00000000000 0.00000000000 0.00000000000 0.00000000000 0.00000000000 0.00000000000 0.21587806292
0.00897193323 0.00995257170 0.21563981864 7.48222116608 0.00000000000 0.00000000000 0.00000000000 0.00000000000 0.00000000000 0.00000000000 0.21586937037
0.00893587072 0.00998507443 0.21562961391 7.62053209357 0.00000000000 0.00000000000 0.00000000000 0.00000000000 0.00000000000 0.00000000000 0.21586067754
0.00889979707 0.01001761221 0.21561939985 7.73954713167 0.00000000000 0.00000000000 0.00000000000 0.00000000000 0.00000000000 0.00000000000 0.21585198203
0.00886371366 0.01005018428 0.21560917678 7.86062255852 0.00000000000 0.00000000000 0.00000000000 0.00000000000 0.00000000000 0.00000000000 0.21584328416
0.00882763026 0.01008278212 0.21559894742 7.69572180753 0.00000000000 0.00000000000 0.00000000000 0.00000000000 0.00000000000 0.00000000000 0.21583458625
0.00879158105 0.01011537434 0.21558872115 7.53481803741 0.00000000000 0.00000000000 0.00000000000 0.00000000000 0.00000000000 0.00000000000 0.21582589623
0.00875561076 0.01014791998 0.21557851045 7.77032701100 0.00000000000 0.00000000000 0.00000000000 0.00000000000 0.00000000000 0.00000000000 0.21581722463
0.00871977496 0.01018036935 0.21556833178 8.12922370501 0.00000000000 0.00000000000 0.00000000000 0.00000000000 0.00000000000 0.00000000000 0.21580858552
0.00868412172 0.01021268025 0.21555819962 9.25035936432 0.00000000000 0.00000000000 0.00000000000 0.00000000000 0.00000000000 0.00000000000 0.21579999134
0.00864864261 0.01024486328 0.21554811161 10.43183600191 0.00000000000 0.00000000000 0.00000000000 0.00000000000 0.00000000000 0.00000000000 0.21579144015
0.00861331137 0.01027694571 0.21553806007 11.60389656944 0.00000000000 0.00000000000 0.00000000000 0.00000000000 0.00000000000 0.00000000000 0.21578292553
0.00857810175 0.01030895481 0.21552803733 12.75752281051 0.00000000000 0.00000000000 0.00000000000 0.00000000000 0.00000000000 0.00000000000 0.21577444108
