VARIABLES=
"CoordinateX"
"CoordinateY"
"CoordinateZ"
"Kappa1"
"Kappa2"
"dy"
"dz"
"d2x"
"d2y"
"d2z"
"R"
ZONE T="Konrollpunkte"
I=101, J=1, K=1
0.03710309980 -0.02671543484 0.24627961300 0.00000000000 0.00000000000 0.00000000000 0.00000000000 0.00000000000 0.00000000000 0.00000000000 0.00000000000
0.03710533639 -0.02672729765 0.24627826088 0.00000000000 0.00000000000 0.00000000000 0.00000000000 0.00000000000 0.00000000000 0.00000000000 0.00000000000
0.03710757159 -0.02673916066 0.24627690821 0.00000000000 0.00000000000 0.00000000000 0.00000000000 0.00000000000 0.00000000000 0.00000000000 0.00000000000
0.03710980540 -0.02675102387 0.24627555497 0.00000000000 0.00000000000 0.00000000000 0.00000000000 0.00000000000 0.00000000000 0.00000000000 0.00000000000
0.03711203781 -0.02676288728 0.24627420118 0.00000000000 0.00000000000 0.00000000000 0.00000000000 0.00000000000 0.00000000000 0.00000000000 0.00000000000
0.03711426883 -0.02677475089 0.24627284682 0.00000000000 0.00000000000 0.00000000000 0.00000000000 0.00000000000 0.00000000000 0.00000000000 0.00000000000
0.03711649846 -0.02678661469 0.24627149191 0.00000000000 0.00000000000 0.00000000000 0.00000000000 0.00000000000 0.00000000000 0.00000000000 0.00000000000
0.03711872669 -0.02679847869 0.24627013643 0.00000000000 0.00000000000 0.00000000000 0.00000000000 0.00000000000 0.00000000000 0.00000000000 0.00000000000
0.03712095352 -0.02681034289 0.24626878040 0.00000000000 0.00000000000 0.00000000000 0.00000000000 0.00000000000 0.00000000000 0.00000000000 0.00000000000
0.03712317896 -0.02682220728 0.24626742381 0.00000000000 0.00000000000 0.00000000000 0.00000000000 0.00000000000 0.00000000000 0.00000000000 0.00000000000
0.03712540301 -0.02683407187 0.24626606665 0.00000000000 0.00000000000 0.00000000000 0.00000000000 0.00000000000 0.00000000000 0.00000000000 0.00000000000
0.03712762566 -0.02684593666 0.24626470894 0.00000000000 0.00000000000 0.00000000000 0.00000000000 0.00000000000 0.00000000000 0.00000000000 0.00000000000
0.03712984692 -0.02685780165 0.24626335066 0.00000000000 0.00000000000 0.00000000000 0.00000000000 0.00000000000 0.00000000000 0.00000000000 0.00000000000
0.03713206678 -0.02686966683 0.24626199183 0.00000000000 0.00000000000 0.00000000000 0.00000000000 0.00000000000 0.00000000000 0.00000000000 0.00000000000
0.03713428525 -0.02688153220 0.24626063243 0.00000000000 0.00000000000 0.00000000000 0.00000000000 0.00000000000 0.00000000000 0.00000000000 0.00000000000
0.03713650232 -0.02689339777 0.24625927248 0.00000000000 0.00000000000 0.00000000000 0.00000000000 0.00000000000 0.00000000000 0.00000000000 0.00000000000
0.03713871799 -0.02690526354 0.24625791197 0.00000000000 0.00000000000 0.00000000000 0.00000000000 0.00000000000 0.00000000000 0.00000000000 0.00000000000
0.03714093227 -0.02691712950 0.24625655089 0.00000000000 0.00000000000 0.00000000000 0.00000000000 0.00000000000 0.00000000000 0.00000000000 0.00000000000
0.03714314515 -0.02692899566 0.24625518926 0.00000000000 0.00000000000 0.00000000000 0.00000000000 0.00000000000 0.00000000000 0.00000000000 0.00000000000
0.03714535664 -0.02694086202 0.24625382706 0.00000000000 0.00000000000 0.00000000000 0.00000000000 0.00000000000 0.00000000000 0.00000000000 0.00000000000
0.03714756673 -0.02695272856 0.24625246431 0.00000000000 0.00000000000 0.00000000000 0.00000000000 0.00000000000 0.00000000000 0.00000000000 0.00000000000
0.03714977542 -0.02696459531 0.24625110099 0.00000000000 0.00000000000 0.00000000000 0.00000000000 0.00000000000 0.00000000000 0.00000000000 0.00000000000
0.03715198272 -0.02697646225 0.24624973712 0.00000000000 0.00000000000 0.00000000000 0.00000000000 0.00000000000 0.00000000000 0.00000000000 0.00000000000
0.03715418862 -0.02698832938 0.24624837268 0.00000000000 0.00000000000 0.00000000000 0.00000000000 0.00000000000 0.00000000000 0.00000000000 0.00000000000
0.03715639312 -0.02700019670 0.24624700769 0.00000000000 0.00000000000 0.00000000000 0.00000000000 0.00000000000 0.00000000000 0.00000000000 0.00000000000
0.03715859623 -0.02701206423 0.24624564213 0.00000000000 0.00000000000 0.00000000000 0.00000000000 0.00000000000 0.00000000000 0.00000000000 0.00000000000
0.03716079794 -0.02702393194 0.24624427602 0.00000000000 0.00000000000 0.00000000000 0.00000000000 0.00000000000 0.00000000000 0.00000000000 0.00000000000
0.03716299825 -0.02703579985 0.24624290934 0.00000000000 0.00000000000 0.00000000000 0.00000000000 0.00000000000 0.00000000000 0.00000000000 0.00000000000
0.03716519716 -0.02704766795 0.24624154211 0.00000000000 0.00000000000 0.00000000000 0.00000000000 0.00000000000 0.00000000000 0.00000000000 0.00000000000
0.03716739468 -0.02705953625 0.24624017431 0.00000000000 0.00000000000 0.00000000000 0.00000000000 0.00000000000 0.00000000000 0.00000000000 0.00000000000
0.03716959080 -0.02707140473 0.24623880596 0.00000000000 0.00000000000 0.00000000000 0.00000000000 0.00000000000 0.00000000000 0.00000000000 0.00000000000
0.03717178552 -0.02708327342 0.24623743704 0.00000000000 0.00000000000 0.00000000000 0.00000000000 0.00000000000 0.00000000000 0.00000000000 0.00000000000
0.03717397885 -0.02709514229 0.24623606756 0.00000000000 0.00000000000 0.00000000000 0.00000000000 0.00000000000 0.00000000000 0.00000000000 0.00000000000
0.03717617077 -0.02710701136 0.24623469753 0.00000000000 0.00000000000 0.00000000000 0.00000000000 0.00000000000 0.00000000000 0.00000000000 0.00000000000
0.03717836130 -0.02711888062 0.24623332693 0.00000000000 0.00000000000 0.00000000000 0.00000000000 0.00000000000 0.00000000000 0.00000000000 0.00000000000
0.03718055043 -0.02713075007 0.24623195577 0.00000000000 0.00000000000 0.00000000000 0.00000000000 0.00000000000 0.00000000000 0.00000000000 0.00000000000
0.03718273817 -0.02714261971 0.24623058405 0.00000000000 0.00000000000 0.00000000000 0.00000000000 0.00000000000 0.00000000000 0.00000000000 0.00000000000
0.03718492450 -0.02715448955 0.24622921177 0.00000000000 0.00000000000 0.00000000000 0.00000000000 0.00000000000 0.00000000000 0.00000000000 0.00000000000
0.03718710944 -0.02716635957 0.24622783894 0.00000000000 0.00000000000 0.00000000000 0.00000000000 0.00000000000 0.00000000000 0.00000000000 0.00000000000
0.03718929298 -0.02717822979 0.24622646554 0.00000000000 0.00000000000 0.00000000000 0.00000000000 0.00000000000 0.00000000000 0.00000000000 0.00000000000
0.03719147511 -0.02719010020 0.24622509158 0.00000000000 0.00000000000 0.00000000000 0.00000000000 0.00000000000 0.00000000000 0.00000000000 0.00000000000
0.03719365585 -0.02720197080 0.24622371706 0.00000000000 0.00000000000 0.00000000000 0.00000000000 0.00000000000 0.00000000000 0.00000000000 0.00000000000
0.03719583519 -0.02721384160 0.24622234198 0.00000000000 0.00000000000 0.00000000000 0.00000000000 0.00000000000 0.00000000000 0.00000000000 0.00000000000
0.03719801314 -0.02722571258 0.24622096634 0.00000000000 0.00000000000 0.00000000000 0.00000000000 0.00000000000 0.00000000000 0.00000000000 0.00000000000
0.03720018968 -0.02723758375 0.24621959014 0.00000000000 0.00000000000 0.00000000000 0.00000000000 0.00000000000 0.00000000000 0.00000000000 0.00000000000
0.03720236482 -0.02724945512 0.24621821337 0.00000000000 0.00000000000 0.00000000000 0.00000000000 0.00000000000 0.00000000000 0.00000000000 0.00000000000
0.03720453856 -0.02726132667 0.24621683605 0.00000000000 0.00000000000 0.00000000000 0.00000000000 0.00000000000 0.00000000000 0.00000000000 0.00000000000
0.03720671090 -0.02727319842 0.24621545817 0.00000000000 0.00000000000 0.00000000000 0.00000000000 0.00000000000 0.00000000000 0.00000000000 0.00000000000
0.03720888185 -0.02728507035 0.24621407973 0.00000000000 0.00000000000 0.00000000000 0.00000000000 0.00000000000 0.00000000000 0.00000000000 0.00000000000
0.03721105139 -0.02729694247 0.24621270072 0.00000000000 0.00000000000 0.00000000000 0.00000000000 0.00000000000 0.00000000000 0.00000000000 0.00000000000
0.03721321953 -0.02730881479 0.24621132116 0.00000000000 0.00000000000 0.00000000000 0.00000000000 0.00000000000 0.00000000000 0.00000000000 0.00000000000
0.03721538627 -0.02732068729 0.24620994104 0.00000000000 0.00000000000 0.00000000000 0.00000000000 0.00000000000 0.00000000000 0.00000000000 0.00000000000
0.03721755161 -0.02733255998 0.24620856035 0.00000000000 0.00000000000 0.00000000000 0.00000000000 0.00000000000 0.00000000000 0.00000000000 0.00000000000
0.03721971554 -0.02734443287 0.24620717911 0.00000000000 0.00000000000 0.00000000000 0.00000000000 0.00000000000 0.00000000000 0.00000000000 0.00000000000
0.03722187808 -0.02735630594 0.24620579730 0.00000000000 0.00000000000 0.00000000000 0.00000000000 0.00000000000 0.00000000000 0.00000000000 0.00000000000
0.03722403922 -0.02736817919 0.24620441494 0.00000000000 0.00000000000 0.00000000000 0.00000000000 0.00000000000 0.00000000000 0.00000000000 0.00000000000
0.03722619895 -0.02738005264 0.24620303201 0.00000000000 0.00000000000 0.00000000000 0.00000000000 0.00000000000 0.00000000000 0.00000000000 0.00000000000
0.03722835728 -0.02739192628 0.24620164852 0.00000000000 0.00000000000 0.00000000000 0.00000000000 0.00000000000 0.00000000000 0.00000000000 0.00000000000
0.03723051421 -0.02740380010 0.24620026447 0.00000000000 0.00000000000 0.00000000000 0.00000000000 0.00000000000 0.00000000000 0.00000000000 0.00000000000
0.03723266974 -0.02741567411 0.24619887986 0.00000000000 0.00000000000 0.00000000000 0.00000000000 0.00000000000 0.00000000000 0.00000000000 0.00000000000
0.03723482387 -0.02742754831 0.24619749470 0.00000000000 0.00000000000 0.00000000000 0.00000000000 0.00000000000 0.00000000000 0.00000000000 0.00000000000
0.03723697660 -0.02743942270 0.24619610897 0.00000000000 0.00000000000 0.00000000000 0.00000000000 0.00000000000 0.00000000000 0.00000000000 0.00000000000
0.03723912792 -0.02745129727 0.24619472268 0.00000000000 0.00000000000 0.00000000000 0.00000000000 0.00000000000 0.00000000000 0.00000000000 0.00000000000
0.03724127784 -0.02746317203 0.24619333582 0.00000000000 0.00000000000 0.00000000000 0.00000000000 0.00000000000 0.00000000000 0.00000000000 0.00000000000
0.03724342636 -0.02747504698 0.24619194841 0.00000000000 0.00000000000 0.00000000000 0.00000000000 0.00000000000 0.00000000000 0.00000000000 0.00000000000
0.03724557348 -0.02748692211 0.24619056044 0.00000000000 0.00000000000 0.00000000000 0.00000000000 0.00000000000 0.00000000000 0.00000000000 0.00000000000
0.03724771920 -0.02749879744 0.24618917191 0.00000000000 0.00000000000 0.00000000000 0.00000000000 0.00000000000 0.00000000000 0.00000000000 0.00000000000
0.03724986351 -0.02751067294 0.24618778281 0.00000000000 0.00000000000 0.00000000000 0.00000000000 0.00000000000 0.00000000000 0.00000000000 0.00000000000
0.03725200642 -0.02752254864 0.24618639316 0.00000000000 0.00000000000 0.00000000000 0.00000000000 0.00000000000 0.00000000000 0.00000000000 0.00000000000
0.03725414793 -0.02753442452 0.24618500294 0.00000000000 0.00000000000 0.00000000000 0.00000000000 0.00000000000 0.00000000000 0.00000000000 0.00000000000
0.03725628803 -0.02754630058 0.24618361217 0.00000000000 0.00000000000 0.00000000000 0.00000000000 0.00000000000 0.00000000000 0.00000000000 0.00000000000
0.03725842674 -0.02755817684 0.24618222083 0.00000000000 0.00000000000 0.00000000000 0.00000000000 0.00000000000 0.00000000000 0.00000000000 0.00000000000
0.03726056404 -0.02757005327 0.24618082893 0.00000000000 0.00000000000 0.00000000000 0.00000000000 0.00000000000 0.00000000000 0.00000000000 0.00000000000
0.03726269993 -0.02758192990 0.24617943647 0.00000000000 0.00000000000 0.00000000000 0.00000000000 0.00000000000 0.00000000000 0.00000000000 0.00000000000
0.03726483443 -0.02759380670 0.24617804346 0.00000000000 0.00000000000 0.00000000000 0.00000000000 0.00000000000 0.00000000000 0.00000000000 0.00000000000
0.03726696752 -0.02760568370 0.24617664988 0.00000000000 0.00000000000 0.00000000000 0.00000000000 0.00000000000 0.00000000000 0.00000000000 0.00000000000
0.03726909920 -0.02761756088 0.24617525573 0.00000000000 0.00000000000 0.00000000000 0.00000000000 0.00000000000 0.00000000000 0.00000000000 0.00000000000
0.03727122949 -0.02762943824 0.24617386103 0.00000000000 0.00000000000 0.00000000000 0.00000000000 0.00000000000 0.00000000000 0.00000000000 0.00000000000
0.03727335837 -0.02764131578 0.24617246577 0.00000000000 0.00000000000 0.00000000000 0.00000000000 0.00000000000 0.00000000000 0.00000000000 0.00000000000
0.03727548584 -0.02765319351 0.24617106995 0.00000000000 0.00000000000 0.00000000000 0.00000000000 0.00000000000 0.00000000000 0.00000000000 0.00000000000
0.03727761191 -0.02766507143 0.24616967356 0.00000000000 0.00000000000 0.00000000000 0.00000000000 0.00000000000 0.00000000000 0.00000000000 0.00000000000
0.03727973658 -0.02767694953 0.24616827662 0.00000000000 0.00000000000 0.00000000000 0.00000000000 0.00000000000 0.00000000000 0.00000000000 0.00000000000
0.03728185985 -0.02768882781 0.24616687911 0.00000000000 0.00000000000 0.00000000000 0.00000000000 0.00000000000 0.00000000000 0.00000000000 0.00000000000
0.03728398171 -0.02770070628 0.24616548104 0.00000000000 0.00000000000 0.00000000000 0.00000000000 0.00000000000 0.00000000000 0.00000000000 0.00000000000
0.03728610217 -0.02771258493 0.24616408242 0.00000000000 0.00000000000 0.00000000000 0.00000000000 0.00000000000 0.00000000000 0.00000000000 0.00000000000
0.03728844114 -0.02772570562 0.24616253696 0.00000000000 0.00000000000 0.00000000000 0.00000000000 0.00000000000 0.00000000000 0.00000000000 0.00000000000
0.03729075020 -0.02773866049 0.24616101036 0.00000000000 0.00000000000 0.00000000000 0.00000000000 0.00000000000 0.00000000000 0.00000000000 0.00000000000
0.03729302474 -0.02775142380 0.24615950566 0.00000000000 0.00000000000 0.00000000000 0.00000000000 0.00000000000 0.00000000000 0.00000000000 0.00000000000
0.03729526210 -0.02776398078 0.24615802465 0.00000000000 0.00000000000 0.00000000000 0.00000000000 0.00000000000 0.00000000000 0.00000000000 0.00000000000
0.03729746217 -0.02777633077 0.24615656742 0.00000000000 0.00000000000 0.00000000000 0.00000000000 0.00000000000 0.00000000000 0.00000000000 0.00000000000
0.03729962514 -0.02778847500 0.24615513388 0.00000000000 0.00000000000 0.00000000000 0.00000000000 0.00000000000 0.00000000000 0.00000000000 0.00000000000
0.03730175130 -0.02780041501 0.24615372386 0.00000000000 0.00000000000 0.00000000000 0.00000000000 0.00000000000 0.00000000000 0.00000000000 0.00000000000
0.03730384116 -0.02781215388 0.24615233704 0.00000000000 0.00000000000 0.00000000000 0.00000000000 0.00000000000 0.00000000000 0.00000000000 0.00000000000
0.03730589559 -0.02782369645 0.24615097286 0.00000000000 0.00000000000 0.00000000000 0.00000000000 0.00000000000 0.00000000000 0.00000000000 0.00000000000
0.03730791550 -0.02783504791 0.24614963076 0.00000000000 0.00000000000 0.00000000000 0.00000000000 0.00000000000 0.00000000000 0.00000000000 0.00000000000
0.03730990200 -0.02784621441 0.24614831002 0.00000000000 0.00000000000 0.00000000000 0.00000000000 0.00000000000 0.00000000000 0.00000000000 0.00000000000
0.03731185629 -0.02785720266 0.24614700987 0.00000000000 0.00000000000 0.00000000000 0.00000000000 0.00000000000 0.00000000000 0.00000000000 0.00000000000
0.03731377959 -0.02786801920 0.24614572957 0.00000000000 0.00000000000 0.00000000000 0.00000000000 0.00000000000 0.00000000000 0.00000000000 0.00000000000
0.03731567388 -0.02787867515 0.24614446782 0.00000000000 0.00000000000 0.00000000000 0.00000000000 0.00000000000 0.00000000000 0.00000000000 0.00000000000
0.03731754489 -0.02788920289 0.24614322080 0.00000000000 0.00000000000 0.00000000000 0.00000000000 0.00000000000 0.00000000000 0.00000000000 0.00000000000
0.03731939963 -0.02789964216 0.24614198383 0.00000000000 0.00000000000 0.00000000000 0.00000000000 0.00000000000 0.00000000000 0.00000000000 0.00000000000
ZONE T="NURB"
I=201, J=1, K=1
0.03710309980 -0.02671543484 0.24627961300 4.53833606555 0.00000000000 0.00000000000 0.00000000000 0.00000000000 0.00000000000 0.00000000000 0.24772436747
0.03710482331 -0.02672457738 0.24627857086 6.47686944704 0.00000000000 0.00000000000 0.00000000000 0.00000000000 0.00000000000 0.00000000000 0.24772431754
0.03710625474 -0.02673217272 0.24627770493 8.50941687635 0.00000000000 0.00000000000 0.00000000000 0.00000000000 0.00000000000 0.00000000000 0.24772427617
0.03710746180 -0.02673857951 0.24627697436 9.47469137339 0.00000000000 0.00000000000 0.00000000000 0.00000000000 0.00000000000 0.00000000000 0.24772424132
0.03710851357 -0.02674416366 0.24627633749 11.63449971647 0.00000000000 0.00000000000 0.00000000000 0.00000000000 0.00000000000 0.00000000000 0.24772421096
0.03710951814 -0.02674949899 0.24627572887 12.84008191007 0.00000000000 0.00000000000 0.00000000000 0.00000000000 0.00000000000 0.00000000000 0.24772418196
0.03711061620 -0.02675533289 0.24627506323 9.77279828815 0.00000000000 0.00000000000 0.00000000000 0.00000000000 0.00000000000 0.00000000000 0.24772415023
0.03711181058 -0.02676168064 0.24627433881 9.94266109923 0.00000000000 0.00000000000 0.00000000000 0.00000000000 0.00000000000 0.00000000000 0.24772411571
0.03711301917 -0.02676810607 0.24627360538 10.26733151320 0.00000000000 0.00000000000 0.00000000000 0.00000000000 0.00000000000 0.00000000000 0.24772408080
0.03711421728 -0.02677447796 0.24627287790 10.26699249402 0.00000000000 0.00000000000 0.00000000000 0.00000000000 0.00000000000 0.00000000000 0.24772404618
0.03711540479 -0.02678079562 0.24627215646 10.26918887906 0.00000000000 0.00000000000 0.00000000000 0.00000000000 0.00000000000 0.00000000000 0.24772401188
0.03711658173 -0.02678705922 0.24627144104 10.26803846492 0.00000000000 0.00000000000 0.00000000000 0.00000000000 0.00000000000 0.00000000000 0.24772397787
0.03711774819 -0.02679326912 0.24627073161 10.27052292954 0.00000000000 0.00000000000 0.00000000000 0.00000000000 0.00000000000 0.00000000000 0.24772394418
0.03711890426 -0.02679942578 0.24627002812 10.26937368889 0.00000000000 0.00000000000 0.00000000000 0.00000000000 0.00000000000 0.00000000000 0.24772391078
0.03712005006 -0.02680552973 0.24626933050 10.27172194902 0.00000000000 0.00000000000 0.00000000000 0.00000000000 0.00000000000 0.00000000000 0.24772387767
0.03712118570 -0.02681158158 0.24626863870 10.27057032222 0.00000000000 0.00000000000 0.00000000000 0.00000000000 0.00000000000 0.00000000000 0.24772384487
0.03712231131 -0.02681758197 0.24626795265 10.27291649625 0.00000000000 0.00000000000 0.00000000000 0.00000000000 0.00000000000 0.00000000000 0.24772381235
0.03712342705 -0.02682353165 0.24626727225 10.27158086378 0.00000000000 0.00000000000 0.00000000000 0.00000000000 0.00000000000 0.00000000000 0.24772378011
0.03712453307 -0.02682943139 0.24626659744 10.27415336559 0.00000000000 0.00000000000 0.00000000000 0.00000000000 0.00000000000 0.00000000000 0.24772374816
0.03712562954 -0.02683528203 0.24626592811 10.27237729961 0.00000000000 0.00000000000 0.00000000000 0.00000000000 0.00000000000 0.00000000000 0.24772371648
0.03712671663 -0.02684108447 0.24626526416 10.27543617828 0.00000000000 0.00000000000 0.00000000000 0.00000000000 0.00000000000 0.00000000000 0.24772368508
0.03712779452 -0.02684683964 0.24626460550 10.27300836085 0.00000000000 0.00000000000 0.00000000000 0.00000000000 0.00000000000 0.00000000000 0.24772365393
0.03712886342 -0.02685254856 0.24626395200 10.27696197875 0.00000000000 0.00000000000 0.00000000000 0.00000000000 0.00000000000 0.00000000000 0.24772362305
0.03712992355 -0.02685821235 0.24626330355 10.27273782140 0.00000000000 0.00000000000 0.00000000000 0.00000000000 0.00000000000 0.00000000000 0.24772359243
0.03713097513 -0.02686383227 0.24626266000 10.27868925358 0.00000000000 0.00000000000 0.00000000000 0.00000000000 0.00000000000 0.00000000000 0.24772356205
0.03713201847 -0.02686940981 0.24626202118 10.27141535465 0.00000000000 0.00000000000 0.00000000000 0.00000000000 0.00000000000 0.00000000000 0.24772353190
0.03713305428 -0.02687494875 0.24626138667 10.31322870482 0.00000000000 0.00000000000 0.00000000000 0.00000000000 0.00000000000 0.00000000000 0.24772350198
0.03713408506 -0.02688046248 0.24626075492 10.23810815862 0.00000000000 0.00000000000 0.00000000000 0.00000000000 0.00000000000 0.00000000000 0.24772347220
0.03713511384 -0.02688596715 0.24626012410 10.27964598051 0.00000000000 0.00000000000 0.00000000000 0.00000000000 0.00000000000 0.00000000000 0.24772344248
0.03713614377 -0.02689147962 0.24625949227 10.24679024904 0.00000000000 0.00000000000 0.00000000000 0.00000000000 0.00000000000 0.00000000000 0.24772341272
0.03713717809 -0.02689701725 0.24625885744 10.29424508274 0.00000000000 0.00000000000 0.00000000000 0.00000000000 0.00000000000 0.00000000000 0.24772338284
0.03713822045 -0.02690259964 0.24625821736 10.30654378411 0.00000000000 0.00000000000 0.00000000000 0.00000000000 0.00000000000 0.00000000000 0.24772335273
0.03713927470 -0.02690824741 0.24625756967 10.24999930968 0.00000000000 0.00000000000 0.00000000000 0.00000000000 0.00000000000 0.00000000000 0.24772332227
0.03714034208 -0.02691396729 0.24625691357 10.28228557564 0.00000000000 0.00000000000 0.00000000000 0.00000000000 0.00000000000 0.00000000000 0.24772329143
0.03714142120 -0.02691975190 0.24625624993 10.29693014905 0.00000000000 0.00000000000 0.00000000000 0.00000000000 0.00000000000 0.00000000000 0.24772326026
0.03714251014 -0.02692559102 0.24625557990 10.29831803466 0.00000000000 0.00000000000 0.00000000000 0.00000000000 0.00000000000 0.00000000000 0.24772322880
0.03714360648 -0.02693147167 0.24625490498 10.28908096246 0.00000000000 0.00000000000 0.00000000000 0.00000000000 0.00000000000 0.00000000000 0.24772319712
0.03714470745 -0.02693737910 0.24625422685 10.25004599241 0.00000000000 0.00000000000 0.00000000000 0.00000000000 0.00000000000 0.00000000000 0.24772316532
0.03714580997 -0.02694329671 0.24625354742 10.28197492256 0.00000000000 0.00000000000 0.00000000000 0.00000000000 0.00000000000 0.00000000000 0.24772313346
0.03714691225 -0.02694921495 0.24625286778 10.28221844409 0.00000000000 0.00000000000 0.00000000000 0.00000000000 0.00000000000 0.00000000000 0.24772310162
0.03714801418 -0.02695513324 0.24625218800 10.28246192498 0.00000000000 0.00000000000 0.00000000000 0.00000000000 0.00000000000 0.00000000000 0.24772306978
0.03714911576 -0.02696105157 0.24625150808 10.28270539196 0.00000000000 0.00000000000 0.00000000000 0.00000000000 0.00000000000 0.00000000000 0.24772303796
0.03715021699 -0.02696696996 0.24625082803 10.28294893958 0.00000000000 0.00000000000 0.00000000000 0.00000000000 0.00000000000 0.00000000000 0.24772300614
0.03715131788 -0.02697288839 0.24625014783 10.28319287054 0.00000000000 0.00000000000 0.00000000000 0.00000000000 0.00000000000 0.00000000000 0.24772297434
0.03715241842 -0.02697880687 0.24624946750 10.28343655972 0.00000000000 0.00000000000 0.00000000000 0.00000000000 0.00000000000 0.00000000000 0.24772294254
0.03715351861 -0.02698472540 0.24624878702 10.28368020887 0.00000000000 0.00000000000 0.00000000000 0.00000000000 0.00000000000 0.00000000000 0.24772291076
0.03715461846 -0.02699064398 0.24624810641 10.28392421837 0.00000000000 0.00000000000 0.00000000000 0.00000000000 0.00000000000 0.00000000000 0.24772287898
0.03715571796 -0.02699656260 0.24624742566 10.28416816330 0.00000000000 0.00000000000 0.00000000000 0.00000000000 0.00000000000 0.00000000000 0.24772284722
0.03715681711 -0.02700248127 0.24624674476 10.28441230619 0.00000000000 0.00000000000 0.00000000000 0.00000000000 0.00000000000 0.00000000000 0.24772281546
0.03715791591 -0.02700840000 0.24624606373 10.28465587778 0.00000000000 0.00000000000 0.00000000000 0.00000000000 0.00000000000 0.00000000000 0.24772278372
0.03715901436 -0.02701431877 0.24624538256 10.28489945421 0.00000000000 0.00000000000 0.00000000000 0.00000000000 0.00000000000 0.00000000000 0.24772275199
0.03716011247 -0.02702023759 0.24624470125 10.28514350597 0.00000000000 0.00000000000 0.00000000000 0.00000000000 0.00000000000 0.00000000000 0.24772272026
0.03716121023 -0.02702615645 0.24624401980 10.28538739641 0.00000000000 0.00000000000 0.00000000000 0.00000000000 0.00000000000 0.00000000000 0.24772268855
0.03716230764 -0.02703207537 0.24624333821 10.28563133536 0.00000000000 0.00000000000 0.00000000000 0.00000000000 0.00000000000 0.00000000000 0.24772265684
0.03716340471 -0.02703799433 0.24624265648 10.28587517121 0.00000000000 0.00000000000 0.00000000000 0.00000000000 0.00000000000 0.00000000000 0.24772262515
0.03716450143 -0.02704391334 0.24624197462 10.28611901794 0.00000000000 0.00000000000 0.00000000000 0.00000000000 0.00000000000 0.00000000000 0.24772259346
0.03716559780 -0.02704983240 0.24624129261 10.28636306150 0.00000000000 0.00000000000 0.00000000000 0.00000000000 0.00000000000 0.00000000000 0.24772256179
0.03716669382 -0.02705575151 0.24624061046 10.28660721056 0.00000000000 0.00000000000 0.00000000000 0.00000000000 0.00000000000 0.00000000000 0.24772253012
0.03716778950 -0.02706167066 0.24623992818 10.28685103047 0.00000000000 0.00000000000 0.00000000000 0.00000000000 0.00000000000 0.00000000000 0.24772249847
0.03716888482 -0.02706758987 0.24623924575 10.28709503961 0.00000000000 0.00000000000 0.00000000000 0.00000000000 0.00000000000 0.00000000000 0.24772246683
0.03716997980 -0.02707350912 0.24623856319 10.28733907130 0.00000000000 0.00000000000 0.00000000000 0.00000000000 0.00000000000 0.00000000000 0.24772243519
0.03717107443 -0.02707942842 0.24623788048 10.28758345639 0.00000000000 0.00000000000 0.00000000000 0.00000000000 0.00000000000 0.00000000000 0.24772240357
0.03717216872 -0.02708534777 0.24623719764 10.28782760474 0.00000000000 0.00000000000 0.00000000000 0.00000000000 0.00000000000 0.00000000000 0.24772237195
0.03717326266 -0.02709126716 0.24623651466 10.28807136634 0.00000000000 0.00000000000 0.00000000000 0.00000000000 0.00000000000 0.00000000000 0.24772234035
0.03717435625 -0.02709718661 0.24623583154 10.28831602370 0.00000000000 0.00000000000 0.00000000000 0.00000000000 0.00000000000 0.00000000000 0.24772230875
0.03717544949 -0.02710310610 0.24623514828 10.28856289582 0.00000000000 0.00000000000 0.00000000000 0.00000000000 0.00000000000 0.00000000000 0.24772227717
0.03717654238 -0.02710902564 0.24623446488 10.28884489204 0.00000000000 0.00000000000 0.00000000000 0.00000000000 0.00000000000 0.00000000000 0.24772224560
0.03717763493 -0.02711494523 0.24623378134 10.28919539769 0.00000000000 0.00000000000 0.00000000000 0.00000000000 0.00000000000 0.00000000000 0.24772221403
0.03717872713 -0.02712086486 0.24623309766 10.28959119886 0.00000000000 0.00000000000 0.00000000000 0.00000000000 0.00000000000 0.00000000000 0.24772218248
0.03717981898 -0.02712678454 0.24623241384 10.29007721127 0.00000000000 0.00000000000 0.00000000000 0.00000000000 0.00000000000 0.00000000000 0.24772215093
0.03718091048 -0.02713270428 0.24623172988 10.29056626582 0.00000000000 0.00000000000 0.00000000000 0.00000000000 0.00000000000 0.00000000000 0.24772211940
0.03718200164 -0.02713862405 0.24623104578 10.29106194156 0.00000000000 0.00000000000 0.00000000000 0.00000000000 0.00000000000 0.00000000000 0.24772208788
0.03718309244 -0.02714454388 0.24623036154 10.29155747732 0.00000000000 0.00000000000 0.00000000000 0.00000000000 0.00000000000 0.00000000000 0.24772205636
0.03718418290 -0.02715046375 0.24622967717 10.29205256941 0.00000000000 0.00000000000 0.00000000000 0.00000000000 0.00000000000 0.00000000000 0.24772202486
0.03718527301 -0.02715638368 0.24622899265 10.29254804758 0.00000000000 0.00000000000 0.00000000000 0.00000000000 0.00000000000 0.00000000000 0.24772199337
0.03718636278 -0.02716230365 0.24622830800 10.29304385968 0.00000000000 0.00000000000 0.00000000000 0.00000000000 0.00000000000 0.00000000000 0.24772196188
0.03718745219 -0.02716822366 0.24622762320 10.29353954992 0.00000000000 0.00000000000 0.00000000000 0.00000000000 0.00000000000 0.00000000000 0.24772193041
0.03718854126 -0.02717414373 0.24622693827 10.29403522167 0.00000000000 0.00000000000 0.00000000000 0.00000000000 0.00000000000 0.00000000000 0.24772189895
0.03718962998 -0.02718006384 0.24622625320 10.29453042138 0.00000000000 0.00000000000 0.00000000000 0.00000000000 0.00000000000 0.00000000000 0.24772186749
0.03719071836 -0.02718598400 0.24622556798 10.29502642493 0.00000000000 0.00000000000 0.00000000000 0.00000000000 0.00000000000 0.00000000000 0.24772183605
0.03719180638 -0.02719190421 0.24622488263 10.29552193431 0.00000000000 0.00000000000 0.00000000000 0.00000000000 0.00000000000 0.00000000000 0.24772180462
0.03719289406 -0.02719782446 0.24622419714 10.29601809205 0.00000000000 0.00000000000 0.00000000000 0.00000000000 0.00000000000 0.00000000000 0.24772177319
0.03719398139 -0.02720374477 0.24622351151 10.29651393291 0.00000000000 0.00000000000 0.00000000000 0.00000000000 0.00000000000 0.00000000000 0.24772174178
0.03719506837 -0.02720966512 0.24622282574 10.29700954366 0.00000000000 0.00000000000 0.00000000000 0.00000000000 0.00000000000 0.00000000000 0.24772171038
0.03719615500 -0.02721558552 0.24622213983 10.29750613078 0.00000000000 0.00000000000 0.00000000000 0.00000000000 0.00000000000 0.00000000000 0.24772167898
0.03719724128 -0.02722150596 0.24622145378 10.29800186451 0.00000000000 0.00000000000 0.00000000000 0.00000000000 0.00000000000 0.00000000000 0.24772164760
0.03719832722 -0.02722742645 0.24622076759 10.29849768544 0.00000000000 0.00000000000 0.00000000000 0.00000000000 0.00000000000 0.00000000000 0.24772161623
0.03719941281 -0.02723334699 0.24622008127 10.29899432162 0.00000000000 0.00000000000 0.00000000000 0.00000000000 0.00000000000 0.00000000000 0.24772158486
0.03720049805 -0.02723926758 0.24621939480 10.29949036296 0.00000000000 0.00000000000 0.00000000000 0.00000000000 0.00000000000 0.00000000000 0.24772155351
0.03720158294 -0.02724518822 0.24621870819 10.29998655944 0.00000000000 0.00000000000 0.00000000000 0.00000000000 0.00000000000 0.00000000000 0.24772152217
0.03720266748 -0.02725110890 0.24621802145 10.30048318107 0.00000000000 0.00000000000 0.00000000000 0.00000000000 0.00000000000 0.00000000000 0.24772149084
0.03720375168 -0.02725702963 0.24621733456 10.30097935801 0.00000000000 0.00000000000 0.00000000000 0.00000000000 0.00000000000 0.00000000000 0.24772145951
0.03720483552 -0.02726295041 0.24621664754 10.30147552101 0.00000000000 0.00000000000 0.00000000000 0.00000000000 0.00000000000 0.00000000000 0.24772142820
0.03720591902 -0.02726887123 0.24621596037 10.30197158546 0.00000000000 0.00000000000 0.00000000000 0.00000000000 0.00000000000 0.00000000000 0.24772139690
0.03720700217 -0.02727479210 0.24621527307 10.30246818230 0.00000000000 0.00000000000 0.00000000000 0.00000000000 0.00000000000 0.00000000000 0.24772136561
0.03720808498 -0.02728071302 0.24621458563 10.30296516810 0.00000000000 0.00000000000 0.00000000000 0.00000000000 0.00000000000 0.00000000000 0.24772133432
0.03720916743 -0.02728663399 0.24621389805 10.30346213903 0.00000000000 0.00000000000 0.00000000000 0.00000000000 0.00000000000 0.00000000000 0.24772130305
0.03721024954 -0.02729255500 0.24621321032 10.30395847960 0.00000000000 0.00000000000 0.00000000000 0.00000000000 0.00000000000 0.00000000000 0.24772127179
0.03721133129 -0.02729847606 0.24621252246 10.30445232670 0.00000000000 0.00000000000 0.00000000000 0.00000000000 0.00000000000 0.00000000000 0.24772124054
0.03721241270 -0.02730439717 0.24621183446 10.30494038374 0.00000000000 0.00000000000 0.00000000000 0.00000000000 0.00000000000 0.00000000000 0.24772120929
0.03721349376 -0.02731031832 0.24621114632 10.30539444823 0.00000000000 0.00000000000 0.00000000000 0.00000000000 0.00000000000 0.00000000000 0.24772117806
0.03721457448 -0.02731623952 0.24621045804 10.30574908304 0.00000000000 0.00000000000 0.00000000000 0.00000000000 0.00000000000 0.00000000000 0.24772114684
0.03721565484 -0.02732216077 0.24620976962 10.30607813692 0.00000000000 0.00000000000 0.00000000000 0.00000000000 0.00000000000 0.00000000000 0.24772111563
0.03721673485 -0.02732808207 0.24620908107 10.30632971106 0.00000000000 0.00000000000 0.00000000000 0.00000000000 0.00000000000 0.00000000000 0.24772108443
0.03721781452 -0.02733400341 0.24620839237 10.30658076213 0.00000000000 0.00000000000 0.00000000000 0.00000000000 0.00000000000 0.00000000000 0.24772105323
0.03721889384 -0.02733992480 0.24620770353 10.30682975042 0.00000000000 0.00000000000 0.00000000000 0.00000000000 0.00000000000 0.00000000000 0.24772102205
0.03721997281 -0.02734584624 0.24620701456 10.30707861517 0.00000000000 0.00000000000 0.00000000000 0.00000000000 0.00000000000 0.00000000000 0.24772099088
0.03722105143 -0.02735176772 0.24620632544 10.30732780917 0.00000000000 0.00000000000 0.00000000000 0.00000000000 0.00000000000 0.00000000000 0.24772095972
0.03722212970 -0.02735768925 0.24620563618 10.30757682286 0.00000000000 0.00000000000 0.00000000000 0.00000000000 0.00000000000 0.00000000000 0.24772092857
0.03722320763 -0.02736361083 0.24620494679 10.30782589259 0.00000000000 0.00000000000 0.00000000000 0.00000000000 0.00000000000 0.00000000000 0.24772089743
0.03722428520 -0.02736953246 0.24620425726 10.30807498078 0.00000000000 0.00000000000 0.00000000000 0.00000000000 0.00000000000 0.00000000000 0.24772086629
0.03722536243 -0.02737545413 0.24620356758 10.30832423871 0.00000000000 0.00000000000 0.00000000000 0.00000000000 0.00000000000 0.00000000000 0.24772083517
0.03722643931 -0.02738137585 0.24620287777 10.30857353930 0.00000000000 0.00000000000 0.00000000000 0.00000000000 0.00000000000 0.00000000000 0.24772080406
0.03722751584 -0.02738729761 0.24620218782 10.30882265280 0.00000000000 0.00000000000 0.00000000000 0.00000000000 0.00000000000 0.00000000000 0.24772077296
0.03722859202 -0.02739321943 0.24620149772 10.30907168652 0.00000000000 0.00000000000 0.00000000000 0.00000000000 0.00000000000 0.00000000000 0.24772074187
0.03722966785 -0.02739914129 0.24620080749 10.30932095973 0.00000000000 0.00000000000 0.00000000000 0.00000000000 0.00000000000 0.00000000000 0.24772071079
0.03723074334 -0.02740506319 0.24620011712 10.30957024089 0.00000000000 0.00000000000 0.00000000000 0.00000000000 0.00000000000 0.00000000000 0.24772067972
0.03723181847 -0.02741098514 0.24619942661 10.30981941514 0.00000000000 0.00000000000 0.00000000000 0.00000000000 0.00000000000 0.00000000000 0.24772064866
0.03723289326 -0.02741690714 0.24619873596 10.31006866158 0.00000000000 0.00000000000 0.00000000000 0.00000000000 0.00000000000 0.00000000000 0.24772061761
0.03723396770 -0.02742282919 0.24619804517 10.31031824594 0.00000000000 0.00000000000 0.00000000000 0.00000000000 0.00000000000 0.00000000000 0.24772058656
0.03723504179 -0.02742875128 0.24619735424 10.31056787420 0.00000000000 0.00000000000 0.00000000000 0.00000000000 0.00000000000 0.00000000000 0.24772055553
0.03723611553 -0.02743467342 0.24619666318 10.31081709296 0.00000000000 0.00000000000 0.00000000000 0.00000000000 0.00000000000 0.00000000000 0.24772052451
0.03723718892 -0.02744059561 0.24619597197 10.31106664835 0.00000000000 0.00000000000 0.00000000000 0.00000000000 0.00000000000 0.00000000000 0.24772049350
0.03723826196 -0.02744651784 0.24619528062 10.31131580512 0.00000000000 0.00000000000 0.00000000000 0.00000000000 0.00000000000 0.00000000000 0.24772046250
0.03723933466 -0.02745244012 0.24619458914 10.31156515826 0.00000000000 0.00000000000 0.00000000000 0.00000000000 0.00000000000 0.00000000000 0.24772043151
0.03724040700 -0.02745836245 0.24619389751 10.31181499331 0.00000000000 0.00000000000 0.00000000000 0.00000000000 0.00000000000 0.00000000000 0.24772040053
0.03724147900 -0.02746428482 0.24619320574 10.31206425885 0.00000000000 0.00000000000 0.00000000000 0.00000000000 0.00000000000 0.00000000000 0.24772036956
0.03724255065 -0.02747020724 0.24619251384 10.31231387847 0.00000000000 0.00000000000 0.00000000000 0.00000000000 0.00000000000 0.00000000000 0.24772033860
0.03724362195 -0.02747612971 0.24619182180 10.31256342425 0.00000000000 0.00000000000 0.00000000000 0.00000000000 0.00000000000 0.00000000000 0.24772030765
0.03724469290 -0.02748205222 0.24619112961 10.31281276845 0.00000000000 0.00000000000 0.00000000000 0.00000000000 0.00000000000 0.00000000000 0.24772027671
0.03724576350 -0.02748797478 0.24619043729 10.31306248038 0.00000000000 0.00000000000 0.00000000000 0.00000000000 0.00000000000 0.00000000000 0.24772024578
0.03724683376 -0.02749389738 0.24618974483 10.31331175454 0.00000000000 0.00000000000 0.00000000000 0.00000000000 0.00000000000 0.00000000000 0.24772021486
0.03724790366 -0.02749982003 0.24618905222 10.31356146706 0.00000000000 0.00000000000 0.00000000000 0.00000000000 0.00000000000 0.00000000000 0.24772018395
0.03724897322 -0.02750574273 0.24618835948 10.31381117371 0.00000000000 0.00000000000 0.00000000000 0.00000000000 0.00000000000 0.00000000000 0.24772015305
0.03725004242 -0.02751166548 0.24618766660 10.31406110711 0.00000000000 0.00000000000 0.00000000000 0.00000000000 0.00000000000 0.00000000000 0.24772012216
0.03725111128 -0.02751758827 0.24618697358 10.31431072966 0.00000000000 0.00000000000 0.00000000000 0.00000000000 0.00000000000 0.00000000000 0.24772009128
0.03725217979 -0.02752351111 0.24618628042 10.31456028672 0.00000000000 0.00000000000 0.00000000000 0.00000000000 0.00000000000 0.00000000000 0.24772006041
0.03725324795 -0.02752943399 0.24618558712 10.31481024187 0.00000000000 0.00000000000 0.00000000000 0.00000000000 0.00000000000 0.00000000000 0.24772002955
0.03725431576 -0.02753535692 0.24618489368 10.31506009965 0.00000000000 0.00000000000 0.00000000000 0.00000000000 0.00000000000 0.00000000000 0.24771999870
0.03725538323 -0.02754127990 0.24618420010 10.31530963348 0.00000000000 0.00000000000 0.00000000000 0.00000000000 0.00000000000 0.00000000000 0.24771996786
0.03725645034 -0.02754720292 0.24618350639 10.31555988365 0.00000000000 0.00000000000 0.00000000000 0.00000000000 0.00000000000 0.00000000000 0.24771993704
0.03725751710 -0.02755312599 0.24618281253 10.31580928474 0.00000000000 0.00000000000 0.00000000000 0.00000000000 0.00000000000 0.00000000000 0.24771990622
0.03725858352 -0.02755904910 0.24618211853 10.31605911964 0.00000000000 0.00000000000 0.00000000000 0.00000000000 0.00000000000 0.00000000000 0.24771987541
0.03725964959 -0.02756497227 0.24618142439 10.31630909158 0.00000000000 0.00000000000 0.00000000000 0.00000000000 0.00000000000 0.00000000000 0.24771984461
0.03726071530 -0.02757089547 0.24618073012 10.31655936221 0.00000000000 0.00000000000 0.00000000000 0.00000000000 0.00000000000 0.00000000000 0.24771981382
0.03726178067 -0.02757681873 0.24618003570 10.31680889331 0.00000000000 0.00000000000 0.00000000000 0.00000000000 0.00000000000 0.00000000000 0.24771978304
0.03726284569 -0.02758274203 0.24617934115 10.31705888379 0.00000000000 0.00000000000 0.00000000000 0.00000000000 0.00000000000 0.00000000000 0.24771975227
0.03726391037 -0.02758866537 0.24617864645 10.31730899084 0.00000000000 0.00000000000 0.00000000000 0.00000000000 0.00000000000 0.00000000000 0.24771972151
0.03726497469 -0.02759458877 0.24617795162 10.31755881881 0.00000000000 0.00000000000 0.00000000000 0.00000000000 0.00000000000 0.00000000000 0.24771969076
0.03726603866 -0.02760051220 0.24617725665 10.31780881333 0.00000000000 0.00000000000 0.00000000000 0.00000000000 0.00000000000 0.00000000000 0.24771966003
0.03726710228 -0.02760643569 0.24617656153 10.31805878613 0.00000000000 0.00000000000 0.00000000000 0.00000000000 0.00000000000 0.00000000000 0.24771962930
0.03726816556 -0.02761235922 0.24617586628 10.31830894438 0.00000000000 0.00000000000 0.00000000000 0.00000000000 0.00000000000 0.00000000000 0.24771959858
0.03726922849 -0.02761828280 0.24617517089 10.31855915718 0.00000000000 0.00000000000 0.00000000000 0.00000000000 0.00000000000 0.00000000000 0.24771956787
0.03727029106 -0.02762420642 0.24617447536 10.31880918439 0.00000000000 0.00000000000 0.00000000000 0.00000000000 0.00000000000 0.00000000000 0.24771953717
0.03727135329 -0.02763013009 0.24617377969 10.31905946758 0.00000000000 0.00000000000 0.00000000000 0.00000000000 0.00000000000 0.00000000000 0.24771950649
0.03727241517 -0.02763605380 0.24617308388 10.31930969867 0.00000000000 0.00000000000 0.00000000000 0.00000000000 0.00000000000 0.00000000000 0.24771947581
0.03727347670 -0.02764197756 0.24617238793 10.31955991594 0.00000000000 0.00000000000 0.00000000000 0.00000000000 0.00000000000 0.00000000000 0.24771944514
0.03727453788 -0.02764790137 0.24617169184 10.31981050606 0.00000000000 0.00000000000 0.00000000000 0.00000000000 0.00000000000 0.00000000000 0.24771941448
0.03727559871 -0.02765382522 0.24617099561 10.32006040707 0.00000000000 0.00000000000 0.00000000000 0.00000000000 0.00000000000 0.00000000000 0.24771938383
0.03727665919 -0.02765974912 0.24617029924 10.32031087727 0.00000000000 0.00000000000 0.00000000000 0.00000000000 0.00000000000 0.00000000000 0.24771935320
0.03727771933 -0.02766567306 0.24616960273 10.32056082590 0.00000000000 0.00000000000 0.00000000000 0.00000000000 0.00000000000 0.00000000000 0.24771932257
0.03727877911 -0.02767159705 0.24616890608 10.32081110369 0.00000000000 0.00000000000 0.00000000000 0.00000000000 0.00000000000 0.00000000000 0.24771929195
0.03727983854 -0.02767752109 0.24616820929 10.32106157271 0.00000000000 0.00000000000 0.00000000000 0.00000000000 0.00000000000 0.00000000000 0.24771926134
0.03728089763 -0.02768344517 0.24616751237 10.32131194772 0.00000000000 0.00000000000 0.00000000000 0.00000000000 0.00000000000 0.00000000000 0.24771923075
0.03728195637 -0.02768936929 0.24616681530 10.32156272034 0.00000000000 0.00000000000 0.00000000000 0.00000000000 0.00000000000 0.00000000000 0.24771920016
0.03728301475 -0.02769529347 0.24616611810 10.32181294734 0.00000000000 0.00000000000 0.00000000000 0.00000000000 0.00000000000 0.00000000000 0.24771916958
0.03728407279 -0.02770121770 0.24616542075 10.81986900737 0.00000000000 0.00000000000 0.00000000000 0.00000000000 0.00000000000 0.00000000000 0.24771913902
0.03728513631 -0.02770717486 0.24616471939 15.85598339805 0.00000000000 0.00000000000 0.00000000000 0.00000000000 0.00000000000 0.00000000000 0.24771910829
0.03728622911 -0.02771329940 0.24616399818 17.82316570607 0.00000000000 0.00000000000 0.00000000000 0.00000000000 0.00000000000 0.00000000000 0.24771907671
0.03728736624 -0.02771967619 0.24616324713 9.34194015026 0.00000000000 0.00000000000 0.00000000000 0.00000000000 0.00000000000 0.00000000000 0.24771904385
0.03728852441 -0.02772617311 0.24616248177 4.38574726242 0.00000000000 0.00000000000 0.00000000000 0.00000000000 0.00000000000 0.00000000000 0.24771901039
0.03728967907 -0.02773265106 0.24616171848 4.42116327245 0.00000000000 0.00000000000 0.00000000000 0.00000000000 0.00000000000 0.00000000000 0.24771897703
0.03729082568 -0.02773908433 0.24616096029 4.46644471033 0.00000000000 0.00000000000 0.00000000000 0.00000000000 0.00000000000 0.00000000000 0.24771894391
0.03729196370 -0.02774547001 0.24616020754 4.50799870399 0.00000000000 0.00000000000 0.00000000000 0.00000000000 0.00000000000 0.00000000000 0.24771891103
0.03729309279 -0.02775180607 0.24615946048 4.55668658191 0.00000000000 0.00000000000 0.00000000000 0.00000000000 0.00000000000 0.00000000000 0.24771887841
0.03729421267 -0.02775809105 0.24615871927 4.60532254502 0.00000000000 0.00000000000 0.00000000000 0.00000000000 0.00000000000 0.00000000000 0.24771884606
0.03729532329 -0.02776432462 0.24615798398 4.65675772130 0.00000000000 0.00000000000 0.00000000000 0.00000000000 0.00000000000 0.00000000000 0.24771881398
0.03729642464 -0.02777050674 0.24615725460 4.71097290119 0.00000000000 0.00000000000 0.00000000000 0.00000000000 0.00000000000 0.00000000000 0.24771878216
0.03729751674 -0.02777663754 0.24615653112 4.76754302959 0.00000000000 0.00000000000 0.00000000000 0.00000000000 0.00000000000 0.00000000000 0.24771875061
0.03729859961 -0.02778271718 0.24615581352 4.82742419378 0.00000000000 0.00000000000 0.00000000000 0.00000000000 0.00000000000 0.00000000000 0.24771871933
0.03729967330 -0.02778874584 0.24615510180 4.88981144130 0.00000000000 0.00000000000 0.00000000000 0.00000000000 0.00000000000 0.00000000000 0.24771868831
0.03730073784 -0.02779472375 0.24615439593 4.95589181166 0.00000000000 0.00000000000 0.00000000000 0.00000000000 0.00000000000 0.00000000000 0.24771865756
0.03730179328 -0.02780065127 0.24615369586 5.02408268733 0.00000000000 0.00000000000 0.00000000000 0.00000000000 0.00000000000 0.00000000000 0.24771862707
0.03730283971 -0.02780652881 0.24615300156 5.09612370342 0.00000000000 0.00000000000 0.00000000000 0.00000000000 0.00000000000 0.00000000000 0.24771859684
0.03730387722 -0.02781235694 0.24615231295 5.16965334627 0.00000000000 0.00000000000 0.00000000000 0.00000000000 0.00000000000 0.00000000000 0.24771856686
0.03730490593 -0.02781813629 0.24615162998 5.24706135183 0.00000000000 0.00000000000 0.00000000000 0.00000000000 0.00000000000 0.00000000000 0.24771853715
0.03730592594 -0.02782386748 0.24615095256 5.32499425677 0.00000000000 0.00000000000 0.00000000000 0.00000000000 0.00000000000 0.00000000000 0.24771850768
0.03730693738 -0.02782955117 0.24615028063 5.38266474776 0.00000000000 0.00000000000 0.00000000000 0.00000000000 0.00000000000 0.00000000000 0.24771847846
0.03730794036 -0.02783518813 0.24614961409 5.43733132932 0.00000000000 0.00000000000 0.00000000000 0.00000000000 0.00000000000 0.00000000000 0.24771844949
0.03730893505 -0.02784077911 0.24614895287 5.42398581951 0.00000000000 0.00000000000 0.00000000000 0.00000000000 0.00000000000 0.00000000000 0.24771842075
0.03730992157 -0.02784632494 0.24614829686 5.40560002960 0.00000000000 0.00000000000 0.00000000000 0.00000000000 0.00000000000 0.00000000000 0.24771839225
0.03731090009 -0.02785182645 0.24614764597 5.37672304351 0.00000000000 0.00000000000 0.00000000000 0.00000000000 0.00000000000 0.00000000000 0.24771836398
0.03731187076 -0.02785728446 0.24614700011 5.32401946182 0.00000000000 0.00000000000 0.00000000000 0.00000000000 0.00000000000 0.00000000000 0.24771833594
0.03731282333 -0.02786264137 0.24614636610 4.97039395926 0.00000000000 0.00000000000 0.00000000000 0.00000000000 0.00000000000 0.00000000000 0.24771830842
0.03731370851 -0.02786761980 0.24614577679 5.99655162404 0.00000000000 0.00000000000 0.00000000000 0.00000000000 0.00000000000 0.00000000000 0.24771828286
0.03731449536 -0.02787204571 0.24614525278 7.08615174754 0.00000000000 0.00000000000 0.00000000000 0.00000000000 0.00000000000 0.00000000000 0.24771826013
0.03731525830 -0.02787633770 0.24614474454 4.90031831121 0.00000000000 0.00000000000 0.00000000000 0.00000000000 0.00000000000 0.00000000000 0.24771823806
0.03731608632 -0.02788099630 0.24614419281 5.32454581064 0.00000000000 0.00000000000 0.00000000000 0.00000000000 0.00000000000 0.00000000000 0.24771821412
0.03731702729 -0.02788629097 0.24614356565 4.71086572540 0.00000000000 0.00000000000 0.00000000000 0.00000000000 0.00000000000 0.00000000000 0.24771818693
0.03731811910 -0.02789243512 0.24614283776 3.71903332493 0.00000000000 0.00000000000 0.00000000000 0.00000000000 0.00000000000 0.00000000000 0.24771815541
0.03731939963 -0.02789964216 0.24614198383 2.75775970560 0.00000000000 0.00000000000 0.00000000000 0.00000000000 0.00000000000 0.00000000000 0.24771811851
