VARIABLES=
"CoordinateX"
"CoordinateY"
"CoordinateZ"
"Kappa1"
"Kappa2"
"dy"
"dz"
"d2x"
"d2y"
"d2z"
"R"
ZONE T="Konrollpunkte"
I=101, J=1, K=1
0.03634388583 -0.02993830626 0.24593184684 0.00000000000 0.00000000000 0.00000000000 0.00000000000 0.00000000000 0.00000000000 0.00000000000 0.00000000000
0.03633686943 -0.02992878681 0.24593325619 0.00000000000 0.00000000000 0.00000000000 0.00000000000 0.00000000000 0.00000000000 0.00000000000 0.00000000000
0.03632993565 -0.02991913587 0.24593467821 0.00000000000 0.00000000000 0.00000000000 0.00000000000 0.00000000000 0.00000000000 0.00000000000 0.00000000000
0.03632307561 -0.02990935431 0.24593611309 0.00000000000 0.00000000000 0.00000000000 0.00000000000 0.00000000000 0.00000000000 0.00000000000 0.00000000000
0.03631628075 -0.02989944173 0.24593756118 0.00000000000 0.00000000000 0.00000000000 0.00000000000 0.00000000000 0.00000000000 0.00000000000 0.00000000000
0.03630954387 -0.02988939264 0.24593902337 0.00000000000 0.00000000000 0.00000000000 0.00000000000 0.00000000000 0.00000000000 0.00000000000 0.00000000000
0.03630285799 -0.02987920075 0.24594050068 0.00000000000 0.00000000000 0.00000000000 0.00000000000 0.00000000000 0.00000000000 0.00000000000 0.00000000000
0.03629621779 -0.02986886548 0.24594199333 0.00000000000 0.00000000000 0.00000000000 0.00000000000 0.00000000000 0.00000000000 0.00000000000 0.00000000000
0.03628962376 -0.02985840377 0.24594349924 0.00000000000 0.00000000000 0.00000000000 0.00000000000 0.00000000000 0.00000000000 0.00000000000 0.00000000000
0.03628307783 -0.02984783519 0.24594501595 0.00000000000 0.00000000000 0.00000000000 0.00000000000 0.00000000000 0.00000000000 0.00000000000 0.00000000000
0.03627658093 -0.02983717538 0.24594654152 0.00000000000 0.00000000000 0.00000000000 0.00000000000 0.00000000000 0.00000000000 0.00000000000 0.00000000000
0.03627012972 -0.02982642952 0.24594807541 0.00000000000 0.00000000000 0.00000000000 0.00000000000 0.00000000000 0.00000000000 0.00000000000 0.00000000000
0.03626371998 -0.02981560047 0.24594961743 0.00000000000 0.00000000000 0.00000000000 0.00000000000 0.00000000000 0.00000000000 0.00000000000 0.00000000000
0.03625734755 -0.02980469102 0.24595116737 0.00000000000 0.00000000000 0.00000000000 0.00000000000 0.00000000000 0.00000000000 0.00000000000 0.00000000000
0.03625100837 -0.02979370386 0.24595272504 0.00000000000 0.00000000000 0.00000000000 0.00000000000 0.00000000000 0.00000000000 0.00000000000 0.00000000000
0.03624469841 -0.02978264159 0.24595429027 0.00000000000 0.00000000000 0.00000000000 0.00000000000 0.00000000000 0.00000000000 0.00000000000 0.00000000000
0.03623977986 -0.02977060345 0.24595592339 0.00000000000 0.00000000000 0.00000000000 0.00000000000 0.00000000000 0.00000000000 0.00000000000 0.00000000000
0.03623487059 -0.02975858954 0.24595755266 0.00000000000 0.00000000000 0.00000000000 0.00000000000 0.00000000000 0.00000000000 0.00000000000 0.00000000000
0.03622997286 -0.02974660540 0.24595917731 0.00000000000 0.00000000000 0.00000000000 0.00000000000 0.00000000000 0.00000000000 0.00000000000 0.00000000000
0.03622508896 -0.02973465667 0.24596079660 0.00000000000 0.00000000000 0.00000000000 0.00000000000 0.00000000000 0.00000000000 0.00000000000 0.00000000000
0.03622021717 -0.02972273919 0.24596241108 0.00000000000 0.00000000000 0.00000000000 0.00000000000 0.00000000000 0.00000000000 0.00000000000 0.00000000000
0.03621535684 -0.02971085143 0.24596402098 0.00000000000 0.00000000000 0.00000000000 0.00000000000 0.00000000000 0.00000000000 0.00000000000 0.00000000000
0.03621050738 -0.02969899194 0.24596562649 0.00000000000 0.00000000000 0.00000000000 0.00000000000 0.00000000000 0.00000000000 0.00000000000 0.00000000000
0.03620566816 -0.02968715930 0.24596722781 0.00000000000 0.00000000000 0.00000000000 0.00000000000 0.00000000000 0.00000000000 0.00000000000 0.00000000000
0.03620083860 -0.02967535206 0.24596882515 0.00000000000 0.00000000000 0.00000000000 0.00000000000 0.00000000000 0.00000000000 0.00000000000 0.00000000000
0.03619601808 -0.02966356877 0.24597041869 0.00000000000 0.00000000000 0.00000000000 0.00000000000 0.00000000000 0.00000000000 0.00000000000 0.00000000000
0.03619120600 -0.02965180800 0.24597200864 0.00000000000 0.00000000000 0.00000000000 0.00000000000 0.00000000000 0.00000000000 0.00000000000 0.00000000000
0.03618640174 -0.02964006830 0.24597359521 0.00000000000 0.00000000000 0.00000000000 0.00000000000 0.00000000000 0.00000000000 0.00000000000 0.00000000000
0.03618160472 -0.02962834824 0.24597517858 0.00000000000 0.00000000000 0.00000000000 0.00000000000 0.00000000000 0.00000000000 0.00000000000 0.00000000000
0.03617681431 -0.02961664637 0.24597675895 0.00000000000 0.00000000000 0.00000000000 0.00000000000 0.00000000000 0.00000000000 0.00000000000 0.00000000000
0.03617202991 -0.02960496125 0.24597833652 0.00000000000 0.00000000000 0.00000000000 0.00000000000 0.00000000000 0.00000000000 0.00000000000 0.00000000000
0.03616725092 -0.02959329144 0.24597991150 0.00000000000 0.00000000000 0.00000000000 0.00000000000 0.00000000000 0.00000000000 0.00000000000 0.00000000000
0.03616247674 -0.02958163553 0.24598148407 0.00000000000 0.00000000000 0.00000000000 0.00000000000 0.00000000000 0.00000000000 0.00000000000 0.00000000000
0.03615770680 -0.02956999215 0.24598305442 0.00000000000 0.00000000000 0.00000000000 0.00000000000 0.00000000000 0.00000000000 0.00000000000 0.00000000000
0.03615294055 -0.02955836001 0.24598462272 0.00000000000 0.00000000000 0.00000000000 0.00000000000 0.00000000000 0.00000000000 0.00000000000 0.00000000000
0.03614817747 -0.02954673786 0.24598618915 0.00000000000 0.00000000000 0.00000000000 0.00000000000 0.00000000000 0.00000000000 0.00000000000 0.00000000000
0.03614341703 -0.02953512447 0.24598775388 0.00000000000 0.00000000000 0.00000000000 0.00000000000 0.00000000000 0.00000000000 0.00000000000 0.00000000000
0.03613865872 -0.02952351862 0.24598931707 0.00000000000 0.00000000000 0.00000000000 0.00000000000 0.00000000000 0.00000000000 0.00000000000 0.00000000000
0.03613390202 -0.02951191908 0.24599087888 0.00000000000 0.00000000000 0.00000000000 0.00000000000 0.00000000000 0.00000000000 0.00000000000 0.00000000000
0.03612914642 -0.02950032463 0.24599243949 0.00000000000 0.00000000000 0.00000000000 0.00000000000 0.00000000000 0.00000000000 0.00000000000 0.00000000000
0.03612439139 -0.02948873404 0.24599399906 0.00000000000 0.00000000000 0.00000000000 0.00000000000 0.00000000000 0.00000000000 0.00000000000 0.00000000000
0.03611963642 -0.02947714609 0.24599555776 0.00000000000 0.00000000000 0.00000000000 0.00000000000 0.00000000000 0.00000000000 0.00000000000 0.00000000000
0.03611488100 -0.02946555954 0.24599711575 0.00000000000 0.00000000000 0.00000000000 0.00000000000 0.00000000000 0.00000000000 0.00000000000 0.00000000000
0.03611012460 -0.02945397319 0.24599867319 0.00000000000 0.00000000000 0.00000000000 0.00000000000 0.00000000000 0.00000000000 0.00000000000 0.00000000000
0.03610536671 -0.02944238580 0.24600023026 0.00000000000 0.00000000000 0.00000000000 0.00000000000 0.00000000000 0.00000000000 0.00000000000 0.00000000000
0.03610060681 -0.02943079614 0.24600178711 0.00000000000 0.00000000000 0.00000000000 0.00000000000 0.00000000000 0.00000000000 0.00000000000 0.00000000000
0.03609584439 -0.02941920300 0.24600334392 0.00000000000 0.00000000000 0.00000000000 0.00000000000 0.00000000000 0.00000000000 0.00000000000 0.00000000000
0.03609107894 -0.02940760515 0.24600490084 0.00000000000 0.00000000000 0.00000000000 0.00000000000 0.00000000000 0.00000000000 0.00000000000 0.00000000000
0.03608630993 -0.02939600138 0.24600645803 0.00000000000 0.00000000000 0.00000000000 0.00000000000 0.00000000000 0.00000000000 0.00000000000 0.00000000000
0.03608153689 -0.02938439053 0.24600801566 0.00000000000 0.00000000000 0.00000000000 0.00000000000 0.00000000000 0.00000000000 0.00000000000 0.00000000000
0.03607675945 -0.02937277178 0.24600957384 0.00000000000 0.00000000000 0.00000000000 0.00000000000 0.00000000000 0.00000000000 0.00000000000 0.00000000000
0.03607197767 -0.02936114520 0.24601113254 0.00000000000 0.00000000000 0.00000000000 0.00000000000 0.00000000000 0.00000000000 0.00000000000 0.00000000000
0.03606719170 -0.02934951118 0.24601269172 0.00000000000 0.00000000000 0.00000000000 0.00000000000 0.00000000000 0.00000000000 0.00000000000 0.00000000000
0.03606240174 -0.02933787018 0.24601425132 0.00000000000 0.00000000000 0.00000000000 0.00000000000 0.00000000000 0.00000000000 0.00000000000 0.00000000000
0.03605760798 -0.02932622262 0.24601581128 0.00000000000 0.00000000000 0.00000000000 0.00000000000 0.00000000000 0.00000000000 0.00000000000 0.00000000000
0.03605281059 -0.02931456897 0.24601737152 0.00000000000 0.00000000000 0.00000000000 0.00000000000 0.00000000000 0.00000000000 0.00000000000 0.00000000000
0.03604800978 -0.02930290966 0.24601893201 0.00000000000 0.00000000000 0.00000000000 0.00000000000 0.00000000000 0.00000000000 0.00000000000 0.00000000000
0.03604320572 -0.02929124513 0.24602049266 0.00000000000 0.00000000000 0.00000000000 0.00000000000 0.00000000000 0.00000000000 0.00000000000 0.00000000000
0.03603839862 -0.02927957583 0.24602205344 0.00000000000 0.00000000000 0.00000000000 0.00000000000 0.00000000000 0.00000000000 0.00000000000 0.00000000000
0.03603358865 -0.02926790221 0.24602361426 0.00000000000 0.00000000000 0.00000000000 0.00000000000 0.00000000000 0.00000000000 0.00000000000 0.00000000000
0.03602877599 -0.02925622470 0.24602517508 0.00000000000 0.00000000000 0.00000000000 0.00000000000 0.00000000000 0.00000000000 0.00000000000 0.00000000000
0.03602396085 -0.02924454374 0.24602673583 0.00000000000 0.00000000000 0.00000000000 0.00000000000 0.00000000000 0.00000000000 0.00000000000 0.00000000000
0.03601914340 -0.02923285978 0.24602829646 0.00000000000 0.00000000000 0.00000000000 0.00000000000 0.00000000000 0.00000000000 0.00000000000 0.00000000000
0.03601432383 -0.02922117326 0.24602985691 0.00000000000 0.00000000000 0.00000000000 0.00000000000 0.00000000000 0.00000000000 0.00000000000 0.00000000000
0.03600950233 -0.02920948462 0.24603141711 0.00000000000 0.00000000000 0.00000000000 0.00000000000 0.00000000000 0.00000000000 0.00000000000 0.00000000000
0.03600467908 -0.02919779430 0.24603297700 0.00000000000 0.00000000000 0.00000000000 0.00000000000 0.00000000000 0.00000000000 0.00000000000 0.00000000000
0.03599985430 -0.02918610283 0.24603453653 0.00000000000 0.00000000000 0.00000000000 0.00000000000 0.00000000000 0.00000000000 0.00000000000 0.00000000000
0.03599502821 -0.02917441073 0.24603609560 0.00000000000 0.00000000000 0.00000000000 0.00000000000 0.00000000000 0.00000000000 0.00000000000 0.00000000000
0.03599020092 -0.02916271826 0.24603765420 0.00000000000 0.00000000000 0.00000000000 0.00000000000 0.00000000000 0.00000000000 0.00000000000 0.00000000000
0.03598537255 -0.02915102574 0.24603921228 0.00000000000 0.00000000000 0.00000000000 0.00000000000 0.00000000000 0.00000000000 0.00000000000 0.00000000000
0.03598054324 -0.02913933350 0.24604076980 0.00000000000 0.00000000000 0.00000000000 0.00000000000 0.00000000000 0.00000000000 0.00000000000 0.00000000000
0.03597571314 -0.02912764192 0.24604232670 0.00000000000 0.00000000000 0.00000000000 0.00000000000 0.00000000000 0.00000000000 0.00000000000 0.00000000000
0.03597088239 -0.02911595133 0.24604388293 0.00000000000 0.00000000000 0.00000000000 0.00000000000 0.00000000000 0.00000000000 0.00000000000 0.00000000000
0.03596605113 -0.02910426211 0.24604543846 0.00000000000 0.00000000000 0.00000000000 0.00000000000 0.00000000000 0.00000000000 0.00000000000 0.00000000000
0.03596121952 -0.02909257461 0.24604699324 0.00000000000 0.00000000000 0.00000000000 0.00000000000 0.00000000000 0.00000000000 0.00000000000 0.00000000000
0.03595638770 -0.02908088919 0.24604854721 0.00000000000 0.00000000000 0.00000000000 0.00000000000 0.00000000000 0.00000000000 0.00000000000 0.00000000000
0.03595155581 -0.02906920621 0.24605010033 0.00000000000 0.00000000000 0.00000000000 0.00000000000 0.00000000000 0.00000000000 0.00000000000 0.00000000000
0.03594672400 -0.02905752602 0.24605165256 0.00000000000 0.00000000000 0.00000000000 0.00000000000 0.00000000000 0.00000000000 0.00000000000 0.00000000000
0.03594189242 -0.02904584898 0.24605320384 0.00000000000 0.00000000000 0.00000000000 0.00000000000 0.00000000000 0.00000000000 0.00000000000 0.00000000000
0.03593706121 -0.02903417544 0.24605475413 0.00000000000 0.00000000000 0.00000000000 0.00000000000 0.00000000000 0.00000000000 0.00000000000 0.00000000000
0.03593223051 -0.02902250575 0.24605630338 0.00000000000 0.00000000000 0.00000000000 0.00000000000 0.00000000000 0.00000000000 0.00000000000 0.00000000000
0.03592740048 -0.02901084026 0.24605785155 0.00000000000 0.00000000000 0.00000000000 0.00000000000 0.00000000000 0.00000000000 0.00000000000 0.00000000000
0.03592257125 -0.02899917933 0.24605939859 0.00000000000 0.00000000000 0.00000000000 0.00000000000 0.00000000000 0.00000000000 0.00000000000 0.00000000000
0.03591774298 -0.02898752333 0.24606094446 0.00000000000 0.00000000000 0.00000000000 0.00000000000 0.00000000000 0.00000000000 0.00000000000 0.00000000000
0.03591291587 -0.02897587272 0.24606248909 0.00000000000 0.00000000000 0.00000000000 0.00000000000 0.00000000000 0.00000000000 0.00000000000 0.00000000000
0.03590809020 -0.02896422819 0.24606403239 0.00000000000 0.00000000000 0.00000000000 0.00000000000 0.00000000000 0.00000000000 0.00000000000 0.00000000000
0.03590326627 -0.02895259048 0.24606557426 0.00000000000 0.00000000000 0.00000000000 0.00000000000 0.00000000000 0.00000000000 0.00000000000 0.00000000000
0.03589844441 -0.02894096036 0.24606711461 0.00000000000 0.00000000000 0.00000000000 0.00000000000 0.00000000000 0.00000000000 0.00000000000 0.00000000000
0.03589362495 -0.02892933860 0.24606865333 0.00000000000 0.00000000000 0.00000000000 0.00000000000 0.00000000000 0.00000000000 0.00000000000 0.00000000000
0.03588880818 -0.02891772593 0.24607019033 0.00000000000 0.00000000000 0.00000000000 0.00000000000 0.00000000000 0.00000000000 0.00000000000 0.00000000000
0.03588399443 -0.02890612312 0.24607172550 0.00000000000 0.00000000000 0.00000000000 0.00000000000 0.00000000000 0.00000000000 0.00000000000 0.00000000000
0.03587918400 -0.02889453090 0.24607325876 0.00000000000 0.00000000000 0.00000000000 0.00000000000 0.00000000000 0.00000000000 0.00000000000 0.00000000000
0.03587437719 -0.02888295000 0.24607479000 0.00000000000 0.00000000000 0.00000000000 0.00000000000 0.00000000000 0.00000000000 0.00000000000 0.00000000000
0.03586957432 -0.02887138113 0.24607631913 0.00000000000 0.00000000000 0.00000000000 0.00000000000 0.00000000000 0.00000000000 0.00000000000 0.00000000000
0.03586477567 -0.02885982501 0.24607784607 0.00000000000 0.00000000000 0.00000000000 0.00000000000 0.00000000000 0.00000000000 0.00000000000 0.00000000000
0.03585998154 -0.02884828233 0.24607937072 0.00000000000 0.00000000000 0.00000000000 0.00000000000 0.00000000000 0.00000000000 0.00000000000 0.00000000000
0.03585519223 -0.02883675379 0.24608089298 0.00000000000 0.00000000000 0.00000000000 0.00000000000 0.00000000000 0.00000000000 0.00000000000 0.00000000000
0.03585040806 -0.02882524018 0.24608241277 0.00000000000 0.00000000000 0.00000000000 0.00000000000 0.00000000000 0.00000000000 0.00000000000 0.00000000000
0.03584563041 -0.02881374480 0.24608392964 0.00000000000 0.00000000000 0.00000000000 0.00000000000 0.00000000000 0.00000000000 0.00000000000 0.00000000000
0.03584085658 -0.02880226116 0.24608544445 0.00000000000 0.00000000000 0.00000000000 0.00000000000 0.00000000000 0.00000000000 0.00000000000 0.00000000000
0.03583608429 -0.02879078372 0.24608695794 0.00000000000 0.00000000000 0.00000000000 0.00000000000 0.00000000000 0.00000000000 0.00000000000 0.00000000000
ZONE T="NURB"
I=201, J=1, K=1
0.03634388583 -0.02993830626 0.24593184684 453.03817699022 0.00000000000 0.00000000000 0.00000000000 0.00000000000 0.00000000000 0.00000000000 0.24774740255
0.03633899768 -0.02993164499 0.24593283222 615.10724890427 0.00000000000 0.00000000000 0.00000000000 0.00000000000 0.00000000000 0.00000000000 0.24774757584
0.03633487320 -0.02992596849 0.24593367037 783.23702347653 0.00000000000 0.00000000000 0.00000000000 0.00000000000 0.00000000000 0.00000000000 0.24774772211
0.03633135723 -0.02992107718 0.24593439114 885.60556985705 0.00000000000 0.00000000000 0.00000000000 0.00000000000 0.00000000000 0.00000000000 0.24774784683
0.03632829459 -0.02991677143 0.24593502440 838.06488790354 0.00000000000 0.00000000000 0.00000000000 0.00000000000 0.00000000000 0.00000000000 0.24774795547
0.03632549025 -0.02991278905 0.24593560902 1175.07926332950 0.00000000000 0.00000000000 0.00000000000 0.00000000000 0.00000000000 0.00000000000 0.24774805495
0.03632260966 -0.02990864891 0.24593621547 962.89832304158 0.00000000000 0.00000000000 0.00000000000 0.00000000000 0.00000000000 0.00000000000 0.24774815712
0.03631940512 -0.02990399116 0.24593689635 796.36365496381 0.00000000000 0.00000000000 0.00000000000 0.00000000000 0.00000000000 0.00000000000 0.24774827078
0.03631601614 -0.02989901419 0.24593762254 843.73218038971 0.00000000000 0.00000000000 0.00000000000 0.00000000000 0.00000000000 0.00000000000 0.24774839097
0.03631261557 -0.02989396515 0.24593835781 827.28932497470 0.00000000000 0.00000000000 0.00000000000 0.00000000000 0.00000000000 0.00000000000 0.24774851159
0.03630923088 -0.02988888379 0.24593909633 809.79831292323 0.00000000000 0.00000000000 0.00000000000 0.00000000000 0.00000000000 0.00000000000 0.24774863163
0.03630586114 -0.02988376947 0.24593983821 786.83267892944 0.00000000000 0.00000000000 0.00000000000 0.00000000000 0.00000000000 0.00000000000 0.24774875115
0.03630250557 -0.02987862196 0.24594058351 762.24849019004 0.00000000000 0.00000000000 0.00000000000 0.00000000000 0.00000000000 0.00000000000 0.24774887017
0.03629916355 -0.02987344165 0.24594133221 724.98517334507 0.00000000000 0.00000000000 0.00000000000 0.00000000000 0.00000000000 0.00000000000 0.24774898870
0.03629583498 -0.02986823040 0.24594208406 689.02277057996 0.00000000000 0.00000000000 0.00000000000 0.00000000000 0.00000000000 0.00000000000 0.24774910676
0.03629251989 -0.02986299040 0.24594283882 654.15566510114 0.00000000000 0.00000000000 0.00000000000 0.00000000000 0.00000000000 0.00000000000 0.24774922434
0.03628921842 -0.02985772404 0.24594359617 621.08683042014 0.00000000000 0.00000000000 0.00000000000 0.00000000000 0.00000000000 0.00000000000 0.24774934144
0.03628593074 -0.02985243364 0.24594435584 592.62337636609 0.00000000000 0.00000000000 0.00000000000 0.00000000000 0.00000000000 0.00000000000 0.24774945805
0.03628265688 -0.02984712119 0.24594511757 565.82729546473 0.00000000000 0.00000000000 0.00000000000 0.00000000000 0.00000000000 0.00000000000 0.24774957416
0.03627939678 -0.02984178828 0.24594588117 544.80296385595 0.00000000000 0.00000000000 0.00000000000 0.00000000000 0.00000000000 0.00000000000 0.24774968979
0.03627614999 -0.02983643565 0.24594664657 524.21549287674 0.00000000000 0.00000000000 0.00000000000 0.00000000000 0.00000000000 0.00000000000 0.24774980495
0.03627291600 -0.02983106383 0.24594741373 505.09316730272 0.00000000000 0.00000000000 0.00000000000 0.00000000000 0.00000000000 0.00000000000 0.24774991965
0.03626969423 -0.02982567314 0.24594818261 486.15439789791 0.00000000000 0.00000000000 0.00000000000 0.00000000000 0.00000000000 0.00000000000 0.24775003392
0.03626648408 -0.02982026388 0.24594895322 467.74812100931 0.00000000000 0.00000000000 0.00000000000 0.00000000000 0.00000000000 0.00000000000 0.24775014778
0.03626328497 -0.02981483634 0.24594972552 449.52337185020 0.00000000000 0.00000000000 0.00000000000 0.00000000000 0.00000000000 0.00000000000 0.24775026125
0.03626009632 -0.02980939078 0.24595049951 431.81510548423 0.00000000000 0.00000000000 0.00000000000 0.00000000000 0.00000000000 0.00000000000 0.24775037434
0.03625691754 -0.02980392749 0.24595127517 414.28503864199 0.00000000000 0.00000000000 0.00000000000 0.00000000000 0.00000000000 0.00000000000 0.24775048709
0.03625374809 -0.02979844672 0.24595205250 397.25521371449 0.00000000000 0.00000000000 0.00000000000 0.00000000000 0.00000000000 0.00000000000 0.24775059950
0.03625058746 -0.02979294869 0.24595283147 1053.34007482213 0.00000000000 0.00000000000 0.00000000000 0.00000000000 0.00000000000 0.00000000000 0.24775071161
0.03624747630 -0.02978740639 0.24595361392 5949.74195307637 0.00000000000 0.00000000000 0.00000000000 0.00000000000 0.00000000000 0.00000000000 0.24775082195
0.03624456535 -0.02978172003 0.24595440652 9322.90893960644 0.00000000000 0.00000000000 0.00000000000 0.00000000000 0.00000000000 0.00000000000 0.24775092519
0.03624194177 -0.02977583445 0.24595521284 4237.76650581466 0.00000000000 0.00000000000 0.00000000000 0.00000000000 0.00000000000 0.00000000000 0.24775101824
0.03623947107 -0.02976984799 0.24595602577 4.80936768596 0.00000000000 0.00000000000 0.00000000000 0.00000000000 0.00000000000 0.00000000000 0.24775110587
0.03623702238 -0.02976385543 0.24595683850 4.85037714915 0.00000000000 0.00000000000 0.00000000000 0.00000000000 0.00000000000 0.00000000000 0.24775119272
0.03623457688 -0.02975787107 0.24595764998 4.89347575689 0.00000000000 0.00000000000 0.00000000000 0.00000000000 0.00000000000 0.00000000000 0.24775127946
0.03623213482 -0.02975189551 0.24595846012 4.93554750730 0.00000000000 0.00000000000 0.00000000000 0.00000000000 0.00000000000 0.00000000000 0.24775136608
0.03622969646 -0.02974592938 0.24595926885 4.98023201518 0.00000000000 0.00000000000 0.00000000000 0.00000000000 0.00000000000 0.00000000000 0.24775145256
0.03622726193 -0.02973997302 0.24596007610 5.02450146665 0.00000000000 0.00000000000 0.00000000000 0.00000000000 0.00000000000 0.00000000000 0.24775153891
0.03622483106 -0.02973402601 0.24596088195 5.06771134457 0.00000000000 0.00000000000 0.00000000000 0.00000000000 0.00000000000 0.00000000000 0.24775162513
0.03622240364 -0.02972808784 0.24596168647 5.11206139666 0.00000000000 0.00000000000 0.00000000000 0.00000000000 0.00000000000 0.00000000000 0.24775171123
0.03621997955 -0.02972215823 0.24596248968 5.15628697557 0.00000000000 0.00000000000 0.00000000000 0.00000000000 0.00000000000 0.00000000000 0.24775179721
0.03621755869 -0.02971623696 0.24596329162 5.20111891715 0.00000000000 0.00000000000 0.00000000000 0.00000000000 0.00000000000 0.00000000000 0.24775188307
0.03621514098 -0.02971032379 0.24596409233 5.24581594525 0.00000000000 0.00000000000 0.00000000000 0.00000000000 0.00000000000 0.00000000000 0.24775196882
0.03621272632 -0.02970441849 0.24596489183 5.29105476144 0.00000000000 0.00000000000 0.00000000000 0.00000000000 0.00000000000 0.00000000000 0.24775205447
0.03621031460 -0.02969852084 0.24596569016 5.33610876563 0.00000000000 0.00000000000 0.00000000000 0.00000000000 0.00000000000 0.00000000000 0.24775214001
0.03620790575 -0.02969263062 0.24596648735 5.38166844422 0.00000000000 0.00000000000 0.00000000000 0.00000000000 0.00000000000 0.00000000000 0.24775222544
0.03620549966 -0.02968674761 0.24596728343 5.42699189383 0.00000000000 0.00000000000 0.00000000000 0.00000000000 0.00000000000 0.00000000000 0.24775231078
0.03620309623 -0.02968087156 0.24596807842 5.47278750704 0.00000000000 0.00000000000 0.00000000000 0.00000000000 0.00000000000 0.00000000000 0.24775239603
0.03620069539 -0.02967500228 0.24596887237 5.51829354369 0.00000000000 0.00000000000 0.00000000000 0.00000000000 0.00000000000 0.00000000000 0.24775248118
0.03619829703 -0.02966913952 0.24596966529 5.56423896529 0.00000000000 0.00000000000 0.00000000000 0.00000000000 0.00000000000 0.00000000000 0.24775256625
0.03619590106 -0.02966328307 0.24597045723 5.60984205385 0.00000000000 0.00000000000 0.00000000000 0.00000000000 0.00000000000 0.00000000000 0.24775265123
0.03619350739 -0.02965743270 0.24597124821 5.65585134833 0.00000000000 0.00000000000 0.00000000000 0.00000000000 0.00000000000 0.00000000000 0.24775273613
0.03619111592 -0.02965158820 0.24597203826 5.70146474906 0.00000000000 0.00000000000 0.00000000000 0.00000000000 0.00000000000 0.00000000000 0.24775282095
0.03618872657 -0.02964574933 0.24597282742 5.74745315874 0.00000000000 0.00000000000 0.00000000000 0.00000000000 0.00000000000 0.00000000000 0.24775290570
0.03618633923 -0.02963991588 0.24597361571 5.79299234424 0.00000000000 0.00000000000 0.00000000000 0.00000000000 0.00000000000 0.00000000000 0.24775299037
0.03618395381 -0.02963408762 0.24597440317 5.83887569799 0.00000000000 0.00000000000 0.00000000000 0.00000000000 0.00000000000 0.00000000000 0.24775307498
0.03618157023 -0.02962826433 0.24597518982 5.88425564995 0.00000000000 0.00000000000 0.00000000000 0.00000000000 0.00000000000 0.00000000000 0.24775315952
0.03617918839 -0.02962244580 0.24597597570 5.92995093094 0.00000000000 0.00000000000 0.00000000000 0.00000000000 0.00000000000 0.00000000000 0.24775324400
0.03617680820 -0.02961663179 0.24597676083 5.97508930208 0.00000000000 0.00000000000 0.00000000000 0.00000000000 0.00000000000 0.00000000000 0.24775332843
0.03617442956 -0.02961082210 0.24597754524 6.02051238491 0.00000000000 0.00000000000 0.00000000000 0.00000000000 0.00000000000 0.00000000000 0.24775341279
0.03617205239 -0.02960501649 0.24597832898 6.06533548684 0.00000000000 0.00000000000 0.00000000000 0.00000000000 0.00000000000 0.00000000000 0.24775349711
0.03616967658 -0.02959921474 0.24597911206 6.11039242654 0.00000000000 0.00000000000 0.00000000000 0.00000000000 0.00000000000 0.00000000000 0.24775358137
0.03616730205 -0.02959341665 0.24597989452 6.15482958698 0.00000000000 0.00000000000 0.00000000000 0.00000000000 0.00000000000 0.00000000000 0.24775366559
0.03616492872 -0.02958762199 0.24598067638 6.19942802498 0.00000000000 0.00000000000 0.00000000000 0.00000000000 0.00000000000 0.00000000000 0.24775374977
0.03616255648 -0.02958183056 0.24598145767 6.24341016801 0.00000000000 0.00000000000 0.00000000000 0.00000000000 0.00000000000 0.00000000000 0.24775383391
0.03616018526 -0.02957604214 0.24598223843 6.28746851300 0.00000000000 0.00000000000 0.00000000000 0.00000000000 0.00000000000 0.00000000000 0.24775391801
0.03615781498 -0.02957025655 0.24598301868 6.33091211607 0.00000000000 0.00000000000 0.00000000000 0.00000000000 0.00000000000 0.00000000000 0.24775400208
0.03615544553 -0.02956447357 0.24598379844 6.37436464660 0.00000000000 0.00000000000 0.00000000000 0.00000000000 0.00000000000 0.00000000000 0.24775408612
0.03615307686 -0.02955869301 0.24598457775 6.41718054186 0.00000000000 0.00000000000 0.00000000000 0.00000000000 0.00000000000 0.00000000000 0.24775417014
0.03615070886 -0.02955291467 0.24598535662 6.45997178256 0.00000000000 0.00000000000 0.00000000000 0.00000000000 0.00000000000 0.00000000000 0.24775425413
0.03614834146 -0.02954713834 0.24598613510 6.50207550353 0.00000000000 0.00000000000 0.00000000000 0.00000000000 0.00000000000 0.00000000000 0.24775433809
0.03614597456 -0.02954136384 0.24598691320 6.54413323186 0.00000000000 0.00000000000 0.00000000000 0.00000000000 0.00000000000 0.00000000000 0.24775442204
0.03614360810 -0.02953559094 0.24598769095 6.58545984963 0.00000000000 0.00000000000 0.00000000000 0.00000000000 0.00000000000 0.00000000000 0.24775450598
0.03614124196 -0.02952981944 0.24598846839 6.62670466809 0.00000000000 0.00000000000 0.00000000000 0.00000000000 0.00000000000 0.00000000000 0.24775458990
0.03613887608 -0.02952404913 0.24598924554 6.66719061045 0.00000000000 0.00000000000 0.00000000000 0.00000000000 0.00000000000 0.00000000000 0.24775467382
0.03613651036 -0.02951827981 0.24599002242 6.70754468308 0.00000000000 0.00000000000 0.00000000000 0.00000000000 0.00000000000 0.00000000000 0.24775475772
0.03613414472 -0.02951251127 0.24599079908 6.74712220255 0.00000000000 0.00000000000 0.00000000000 0.00000000000 0.00000000000 0.00000000000 0.24775484163
0.03613177907 -0.02950674330 0.24599157552 6.78652249955 0.00000000000 0.00000000000 0.00000000000 0.00000000000 0.00000000000 0.00000000000 0.24775492554
0.03612941332 -0.02950097570 0.24599235179 6.82512300752 0.00000000000 0.00000000000 0.00000000000 0.00000000000 0.00000000000 0.00000000000 0.24775500945
0.03612704739 -0.02949520827 0.24599312790 6.86350855074 0.00000000000 0.00000000000 0.00000000000 0.00000000000 0.00000000000 0.00000000000 0.24775509336
0.03612468119 -0.02948944079 0.24599390390 6.90106916308 0.00000000000 0.00000000000 0.00000000000 0.00000000000 0.00000000000 0.00000000000 0.24775517729
0.03612231464 -0.02948367307 0.24599467979 6.93837915372 0.00000000000 0.00000000000 0.00000000000 0.00000000000 0.00000000000 0.00000000000 0.24775526122
0.03611994765 -0.02947790489 0.24599545562 6.97483958522 0.00000000000 0.00000000000 0.00000000000 0.00000000000 0.00000000000 0.00000000000 0.24775534518
0.03611758013 -0.02947213606 0.24599623141 7.01101494373 0.00000000000 0.00000000000 0.00000000000 0.00000000000 0.00000000000 0.00000000000 0.24775542915
0.03611521200 -0.02946636637 0.24599700719 7.04631717553 0.00000000000 0.00000000000 0.00000000000 0.00000000000 0.00000000000 0.00000000000 0.24775551314
0.03611284317 -0.02946059560 0.24599778298 7.08130192809 0.00000000000 0.00000000000 0.00000000000 0.00000000000 0.00000000000 0.00000000000 0.24775559716
0.03611047355 -0.02945482356 0.24599855882 7.11539040660 0.00000000000 0.00000000000 0.00000000000 0.00000000000 0.00000000000 0.00000000000 0.24775568121
0.03610810306 -0.02944905003 0.24599933472 7.14913220130 0.00000000000 0.00000000000 0.00000000000 0.00000000000 0.00000000000 0.00000000000 0.24775576529
0.03610573161 -0.02944327482 0.24600011073 7.18195577118 0.00000000000 0.00000000000 0.00000000000 0.00000000000 0.00000000000 0.00000000000 0.24775584940
0.03610335911 -0.02943749771 0.24600088686 7.21440437975 0.00000000000 0.00000000000 0.00000000000 0.00000000000 0.00000000000 0.00000000000 0.24775593355
0.03610098548 -0.02943171849 0.24600166315 7.24591263983 0.00000000000 0.00000000000 0.00000000000 0.00000000000 0.00000000000 0.00000000000 0.24775601773
0.03609861063 -0.02942593696 0.24600243961 7.27702038806 0.00000000000 0.00000000000 0.00000000000 0.00000000000 0.00000000000 0.00000000000 0.24775610197
0.03609623447 -0.02942015290 0.24600321629 7.30716696246 0.00000000000 0.00000000000 0.00000000000 0.00000000000 0.00000000000 0.00000000000 0.24775618624
0.03609385691 -0.02941436612 0.24600399321 7.33689012856 0.00000000000 0.00000000000 0.00000000000 0.00000000000 0.00000000000 0.00000000000 0.24775627057
0.03609147787 -0.02940857639 0.24600477039 7.36563754194 0.00000000000 0.00000000000 0.00000000000 0.00000000000 0.00000000000 0.00000000000 0.24775635495
0.03608909726 -0.02940278352 0.24600554786 7.39391532966 0.00000000000 0.00000000000 0.00000000000 0.00000000000 0.00000000000 0.00000000000 0.24775643939
0.03608671499 -0.02939698730 0.24600632566 7.42122670166 0.00000000000 0.00000000000 0.00000000000 0.00000000000 0.00000000000 0.00000000000 0.24775652388
0.03608433098 -0.02939118752 0.24600710380 7.44069083512 0.00000000000 0.00000000000 0.00000000000 0.00000000000 0.00000000000 0.00000000000 0.24775660844
0.03608194515 -0.02938538403 0.24600788232 7.45788325888 0.00000000000 0.00000000000 0.00000000000 0.00000000000 0.00000000000 0.00000000000 0.24775669306
0.03607955746 -0.02937957668 0.24600866122 7.44775490917 0.00000000000 0.00000000000 0.00000000000 0.00000000000 0.00000000000 0.00000000000 0.24775677775
0.03607716788 -0.02937376541 0.24600944052 7.43201765092 0.00000000000 0.00000000000 0.00000000000 0.00000000000 0.00000000000 0.00000000000 0.24775686250
0.03607477639 -0.02936795022 0.24601022021 7.41048696295 0.00000000000 0.00000000000 0.00000000000 0.00000000000 0.00000000000 0.00000000000 0.24775694733
0.03607238302 -0.02936213114 0.24601100030 7.38813333593 0.00000000000 0.00000000000 0.00000000000 0.00000000000 0.00000000000 0.00000000000 0.24775703222
0.03606998781 -0.02935630824 0.24601178076 7.36619768475 0.00000000000 0.00000000000 0.00000000000 0.00000000000 0.00000000000 0.00000000000 0.24775711717
0.03606759078 -0.02935048164 0.24601256160 7.34496335234 0.00000000000 0.00000000000 0.00000000000 0.00000000000 0.00000000000 0.00000000000 0.24775720219
0.03606519201 -0.02934465146 0.24601334278 7.32393772080 0.00000000000 0.00000000000 0.00000000000 0.00000000000 0.00000000000 0.00000000000 0.24775728727
0.03606279155 -0.02933881788 0.24601412429 7.30374236022 0.00000000000 0.00000000000 0.00000000000 0.00000000000 0.00000000000 0.00000000000 0.24775737241
0.03606038949 -0.02933298106 0.24601490610 7.28364361395 0.00000000000 0.00000000000 0.00000000000 0.00000000000 0.00000000000 0.00000000000 0.24775745761
0.03605798589 -0.02932714121 0.24601568818 7.26443606476 0.00000000000 0.00000000000 0.00000000000 0.00000000000 0.00000000000 0.00000000000 0.24775754286
0.03605558085 -0.02932129852 0.24601647051 7.24528461908 0.00000000000 0.00000000000 0.00000000000 0.00000000000 0.00000000000 0.00000000000 0.24775762816
0.03605317446 -0.02931545321 0.24601725307 7.22703176665 0.00000000000 0.00000000000 0.00000000000 0.00000000000 0.00000000000 0.00000000000 0.24775771351
0.03605076679 -0.02930960548 0.24601803581 7.20881744775 0.00000000000 0.00000000000 0.00000000000 0.00000000000 0.00000000000 0.00000000000 0.24775779891
0.03604835793 -0.02930375554 0.24601881872 7.19150002609 0.00000000000 0.00000000000 0.00000000000 0.00000000000 0.00000000000 0.00000000000 0.24775788435
0.03604594798 -0.02929790360 0.24601960177 7.17420613877 0.00000000000 0.00000000000 0.00000000000 0.00000000000 0.00000000000 0.00000000000 0.24775796982
0.03604353702 -0.02929204988 0.24602038492 7.15780819168 0.00000000000 0.00000000000 0.00000000000 0.00000000000 0.00000000000 0.00000000000 0.24775805534
0.03604112513 -0.02928619459 0.24602116815 7.14141965183 0.00000000000 0.00000000000 0.00000000000 0.00000000000 0.00000000000 0.00000000000 0.24775814088
0.03603871241 -0.02928033793 0.24602195143 7.12592690482 0.00000000000 0.00000000000 0.00000000000 0.00000000000 0.00000000000 0.00000000000 0.24775822646
0.03603629895 -0.02927448013 0.24602273474 7.11042928501 0.00000000000 0.00000000000 0.00000000000 0.00000000000 0.00000000000 0.00000000000 0.24775831206
0.03603388483 -0.02926862139 0.24602351803 7.09582714162 0.00000000000 0.00000000000 0.00000000000 0.00000000000 0.00000000000 0.00000000000 0.24775839768
0.03603147013 -0.02926276192 0.24602430129 7.08120869811 0.00000000000 0.00000000000 0.00000000000 0.00000000000 0.00000000000 0.00000000000 0.24775848333
0.03602905496 -0.02925690195 0.24602508449 7.06748483812 0.00000000000 0.00000000000 0.00000000000 0.00000000000 0.00000000000 0.00000000000 0.24775856899
0.03602663939 -0.02925104167 0.24602586759 7.05373302203 0.00000000000 0.00000000000 0.00000000000 0.00000000000 0.00000000000 0.00000000000 0.24775865467
0.03602422352 -0.02924518131 0.24602665057 7.04087557909 0.00000000000 0.00000000000 0.00000000000 0.00000000000 0.00000000000 0.00000000000 0.24775874035
0.03602180743 -0.02923932107 0.24602743340 7.02797974830 0.00000000000 0.00000000000 0.00000000000 0.00000000000 0.00000000000 0.00000000000 0.24775882605
0.03601939121 -0.02923346118 0.24602821606 7.01597656148 0.00000000000 0.00000000000 0.00000000000 0.00000000000 0.00000000000 0.00000000000 0.24775891175
0.03601697496 -0.02922760183 0.24602899851 7.00392651839 0.00000000000 0.00000000000 0.00000000000 0.00000000000 0.00000000000 0.00000000000 0.24775899745
0.03601455875 -0.02922174325 0.24602978072 6.99276620037 0.00000000000 0.00000000000 0.00000000000 0.00000000000 0.00000000000 0.00000000000 0.24775908315
0.03601214267 -0.02921588563 0.24603056268 6.98154793311 0.00000000000 0.00000000000 0.00000000000 0.00000000000 0.00000000000 0.00000000000 0.24775916884
0.03600972682 -0.02921002921 0.24603134434 6.97122030515 0.00000000000 0.00000000000 0.00000000000 0.00000000000 0.00000000000 0.00000000000 0.24775925453
0.03600731127 -0.02920417417 0.24603212568 6.96081694257 0.00000000000 0.00000000000 0.00000000000 0.00000000000 0.00000000000 0.00000000000 0.24775934020
0.03600489613 -0.02919832076 0.24603290668 6.95133031445 0.00000000000 0.00000000000 0.00000000000 0.00000000000 0.00000000000 0.00000000000 0.24775942586
0.03600248149 -0.02919246917 0.24603368730 6.94445788187 0.00000000000 0.00000000000 0.00000000000 0.00000000000 0.00000000000 0.00000000000 0.24775951151
0.03600006742 -0.02918661964 0.24603446751 6.93877560489 0.00000000000 0.00000000000 0.00000000000 0.00000000000 0.00000000000 0.00000000000 0.24775959713
0.03599765403 -0.02918077237 0.24603524729 6.94274887870 0.00000000000 0.00000000000 0.00000000000 0.00000000000 0.00000000000 0.00000000000 0.24775968273
0.03599524139 -0.02917492757 0.24603602661 6.94846899511 0.00000000000 0.00000000000 0.00000000000 0.00000000000 0.00000000000 0.00000000000 0.24775976830
0.03599282959 -0.02916908543 0.24603680544 6.95554704318 0.00000000000 0.00000000000 0.00000000000 0.00000000000 0.00000000000 0.00000000000 0.24775985384
0.03599041870 -0.02916324613 0.24603758376 6.96362160113 0.00000000000 0.00000000000 0.00000000000 0.00000000000 0.00000000000 0.00000000000 0.24775993935
0.03598800881 -0.02915740989 0.24603836154 6.97059297816 0.00000000000 0.00000000000 0.00000000000 0.00000000000 0.00000000000 0.00000000000 0.24776002483
0.03598560000 -0.02915157691 0.24603913876 6.97836811651 0.00000000000 0.00000000000 0.00000000000 0.00000000000 0.00000000000 0.00000000000 0.24776011027
0.03598319236 -0.02914574739 0.24603991539 6.98502021349 0.00000000000 0.00000000000 0.00000000000 0.00000000000 0.00000000000 0.00000000000 0.24776019566
0.03598078597 -0.02913992155 0.24604069139 6.99248247962 0.00000000000 0.00000000000 0.00000000000 0.00000000000 0.00000000000 0.00000000000 0.24776028101
0.03597838093 -0.02913409959 0.24604146674 6.99881858151 0.00000000000 0.00000000000 0.00000000000 0.00000000000 0.00000000000 0.00000000000 0.24776036631
0.03597597732 -0.02912828173 0.24604224142 7.00595336952 0.00000000000 0.00000000000 0.00000000000 0.00000000000 0.00000000000 0.00000000000 0.24776045157
0.03597357522 -0.02912246818 0.24604301540 7.01197709506 0.00000000000 0.00000000000 0.00000000000 0.00000000000 0.00000000000 0.00000000000 0.24776053676
0.03597117473 -0.02911665916 0.24604378864 7.01877262049 0.00000000000 0.00000000000 0.00000000000 0.00000000000 0.00000000000 0.00000000000 0.24776062191
0.03596877593 -0.02911085487 0.24604456112 7.02448873925 0.00000000000 0.00000000000 0.00000000000 0.00000000000 0.00000000000 0.00000000000 0.24776070699
0.03596637891 -0.02910505552 0.24604533281 7.03093820883 0.00000000000 0.00000000000 0.00000000000 0.00000000000 0.00000000000 0.00000000000 0.24776079201
0.03596398376 -0.02909926132 0.24604610369 7.03634990172 0.00000000000 0.00000000000 0.00000000000 0.00000000000 0.00000000000 0.00000000000 0.24776087696
0.03596159056 -0.02909347248 0.24604687373 7.04244817768 0.00000000000 0.00000000000 0.00000000000 0.00000000000 0.00000000000 0.00000000000 0.24776096184
0.03595919940 -0.02908768920 0.24604764290 7.04755741644 0.00000000000 0.00000000000 0.00000000000 0.00000000000 0.00000000000 0.00000000000 0.24776104665
0.03595681036 -0.02908191169 0.24604841117 7.05329698518 0.00000000000 0.00000000000 0.00000000000 0.00000000000 0.00000000000 0.00000000000 0.24776113139
0.03595442352 -0.02907614014 0.24604917852 7.05810815772 0.00000000000 0.00000000000 0.00000000000 0.00000000000 0.00000000000 0.00000000000 0.24776121604
0.03595203897 -0.02907037475 0.24604994492 7.06348549000 0.00000000000 0.00000000000 0.00000000000 0.00000000000 0.00000000000 0.00000000000 0.24776130062
0.03594965679 -0.02906461573 0.24605071035 7.06800068865 0.00000000000 0.00000000000 0.00000000000 0.00000000000 0.00000000000 0.00000000000 0.24776138511
0.03594727706 -0.02905886325 0.24605147478 7.07300873535 0.00000000000 0.00000000000 0.00000000000 0.00000000000 0.00000000000 0.00000000000 0.24776146952
0.03594489986 -0.02905311753 0.24605223819 7.07723181307 0.00000000000 0.00000000000 0.00000000000 0.00000000000 0.00000000000 0.00000000000 0.24776155383
0.03594252527 -0.02904737875 0.24605300055 7.08186646151 0.00000000000 0.00000000000 0.00000000000 0.00000000000 0.00000000000 0.00000000000 0.24776163806
0.03594015337 -0.02904164709 0.24605376184 7.08580049390 0.00000000000 0.00000000000 0.00000000000 0.00000000000 0.00000000000 0.00000000000 0.24776172218
0.03593778424 -0.02903592275 0.24605452202 7.09006092176 0.00000000000 0.00000000000 0.00000000000 0.00000000000 0.00000000000 0.00000000000 0.24776180621
0.03593541795 -0.02903020590 0.24605528109 7.09366158756 0.00000000000 0.00000000000 0.00000000000 0.00000000000 0.00000000000 0.00000000000 0.24776189014
0.03593305460 -0.02902449677 0.24605603900 7.09761761333 0.00000000000 0.00000000000 0.00000000000 0.00000000000 0.00000000000 0.00000000000 0.24776197396
0.03593069427 -0.02901879556 0.24605679574 7.10105477243 0.00000000000 0.00000000000 0.00000000000 0.00000000000 0.00000000000 0.00000000000 0.24776205768
0.03592833703 -0.02901310245 0.24605755128 7.10446996729 0.00000000000 0.00000000000 0.00000000000 0.00000000000 0.00000000000 0.00000000000 0.24776214129
0.03592598296 -0.02900741759 0.24605830560 7.10772094087 0.00000000000 0.00000000000 0.00000000000 0.00000000000 0.00000000000 0.00000000000 0.24776222478
0.03592363207 -0.02900174106 0.24605905869 7.11054883357 0.00000000000 0.00000000000 0.00000000000 0.00000000000 0.00000000000 0.00000000000 0.24776230817
0.03592128435 -0.02899607278 0.24605981056 7.11808755072 0.00000000000 0.00000000000 0.00000000000 0.00000000000 0.00000000000 0.00000000000 0.24776239144
0.03591893897 -0.02899041076 0.24606056148 7.11516021301 0.00000000000 0.00000000000 0.00000000000 0.00000000000 0.00000000000 0.00000000000 0.24776247462
0.03591659443 -0.02898475140 0.24606131192 7.11492253685 0.00000000000 0.00000000000 0.00000000000 0.00000000000 0.00000000000 0.00000000000 0.24776255778
0.03591424903 -0.02897909058 0.24606206243 7.11467652309 0.00000000000 0.00000000000 0.00000000000 0.00000000000 0.00000000000 0.00000000000 0.24776264097
0.03591190088 -0.02897342373 0.24606281362 7.11525435445 0.00000000000 0.00000000000 0.00000000000 0.00000000000 0.00000000000 0.00000000000 0.24776272425
0.03590954789 -0.02896774582 0.24606356615 7.12106702525 0.00000000000 0.00000000000 0.00000000000 0.00000000000 0.00000000000 0.00000000000 0.24776280771
0.03590718779 -0.02896205138 0.24606432074 7.11119994693 0.00000000000 0.00000000000 0.00000000000 0.00000000000 0.00000000000 0.00000000000 0.24776289142
0.03590481933 -0.02895633737 0.24606507781 7.11523945880 0.00000000000 0.00000000000 0.00000000000 0.00000000000 0.00000000000 0.00000000000 0.24776297542
0.03590244266 -0.02895060421 0.24606583728 7.11752685600 0.00000000000 0.00000000000 0.00000000000 0.00000000000 0.00000000000 0.00000000000 0.24776305972
0.03590005824 -0.02894485298 0.24606659902 7.11729126447 0.00000000000 0.00000000000 0.00000000000 0.00000000000 0.00000000000 0.00000000000 0.24776314429
0.03589766678 -0.02893908541 0.24606736280 7.11707353641 0.00000000000 0.00000000000 0.00000000000 0.00000000000 0.00000000000 0.00000000000 0.24776322911
0.03589526918 -0.02893330369 0.24606812832 7.11098416699 0.00000000000 0.00000000000 0.00000000000 0.00000000000 0.00000000000 0.00000000000 0.24776331415
0.03589286661 -0.02892751060 0.24606889522 7.11494054677 0.00000000000 0.00000000000 0.00000000000 0.00000000000 0.00000000000 0.00000000000 0.24776339937
0.03589045983 -0.02892170800 0.24606966325 7.11493225722 0.00000000000 0.00000000000 0.00000000000 0.00000000000 0.00000000000 0.00000000000 0.24776348473
0.03588804890 -0.02891589607 0.24607043239 7.11516269762 0.00000000000 0.00000000000 0.00000000000 0.00000000000 0.00000000000 0.00000000000 0.24776357024
0.03588563381 -0.02891007475 0.24607120263 7.11520566833 0.00000000000 0.00000000000 0.00000000000 0.00000000000 0.00000000000 0.00000000000 0.24776365590
0.03588321448 -0.02890424387 0.24607197401 7.11542973673 0.00000000000 0.00000000000 0.00000000000 0.00000000000 0.00000000000 0.00000000000 0.24776374171
0.03588079078 -0.02889840310 0.24607274657 7.11567120466 0.00000000000 0.00000000000 0.00000000000 0.00000000000 0.00000000000 0.00000000000 0.24776382768
0.03587836245 -0.02889255183 0.24607352038 7.11570034290 0.00000000000 0.00000000000 0.00000000000 0.00000000000 0.00000000000 0.00000000000 0.24776391381
0.03587592914 -0.02888668922 0.24607429556 7.11641618488 0.00000000000 0.00000000000 0.00000000000 0.00000000000 0.00000000000 0.00000000000 0.24776400011
0.03587349036 -0.02888081407 0.24607507227 7.11591227179 0.00000000000 0.00000000000 0.00000000000 0.00000000000 0.00000000000 0.00000000000 0.24776408661
0.03587104555 -0.02887492510 0.24607585067 7.11720886512 0.00000000000 0.00000000000 0.00000000000 0.00000000000 0.00000000000 0.00000000000 0.24776417333
0.03586859413 -0.02886902087 0.24607663096 7.11662421141 0.00000000000 0.00000000000 0.00000000000 0.00000000000 0.00000000000 0.00000000000 0.24776426027
0.03586613558 -0.02886310011 0.24607741329 7.11821497077 0.00000000000 0.00000000000 0.00000000000 0.00000000000 0.00000000000 0.00000000000 0.24776434747
0.03586366945 -0.02885716179 0.24607819781 7.11770419861 0.00000000000 0.00000000000 0.00000000000 0.00000000000 0.00000000000 0.00000000000 0.24776443494
0.03586119549 -0.02885120529 0.24607898459 7.11912951521 0.00000000000 0.00000000000 0.00000000000 0.00000000000 0.00000000000 0.00000000000 0.24776452269
0.03585871364 -0.02884523049 0.24607977366 7.11899081541 0.00000000000 0.00000000000 0.00000000000 0.00000000000 0.00000000000 0.00000000000 0.24776461072
0.03585622403 -0.02883923769 0.24608056496 7.12022386893 0.00000000000 0.00000000000 0.00000000000 0.00000000000 0.00000000000 0.00000000000 0.24776469902
0.03585373255 -0.02883324107 0.24608135663 6.61715400010 0.00000000000 0.00000000000 0.00000000000 0.00000000000 0.00000000000 0.00000000000 0.24776478739
0.03585133578 -0.02882747301 0.24608211800 7.22937532011 0.00000000000 0.00000000000 0.00000000000 0.00000000000 0.00000000000 0.00000000000 0.24776487241
0.03584918080 -0.02882228743 0.24608280237 9.26651329994 0.00000000000 0.00000000000 0.00000000000 0.00000000000 0.00000000000 0.00000000000 0.24776494884
0.03584715227 -0.02881740669 0.24608344640 7.16406275935 0.00000000000 0.00000000000 0.00000000000 0.00000000000 0.00000000000 0.00000000000 0.24776502077
0.03584497838 -0.02881217676 0.24608413639 6.55167141854 0.00000000000 0.00000000000 0.00000000000 0.00000000000 0.00000000000 0.00000000000 0.24776509785
0.03584248882 -0.02880618795 0.24608492639 5.75037318310 0.00000000000 0.00000000000 0.00000000000 0.00000000000 0.00000000000 0.00000000000 0.24776518613
0.03583956390 -0.02879915256 0.24608585430 4.41501583626 0.00000000000 0.00000000000 0.00000000000 0.00000000000 0.00000000000 0.00000000000 0.24776528989
0.03583608429 -0.02879078372 0.24608695794 3.16105013501 0.00000000000 0.00000000000 0.00000000000 0.00000000000 0.00000000000 0.00000000000 0.24776541344
