VARIABLES=
"CoordinateX"
"CoordinateY"
"CoordinateZ"
"Kappa1"
"Kappa2"
"dy"
"dz"
"d2x"
"d2y"
"d2z"
"R"
ZONE T="Konrollpunkte"
I=101, J=1, K=1
0.01618046287 0.00390888340 0.23673356124 0.00000000000 0.00000000000 0.00000000000 0.00000000000 0.00000000000 0.00000000000 0.00000000000 0.00000000000
0.01617747826 0.00390655835 0.23673342232 0.00000000000 0.00000000000 0.00000000000 0.00000000000 0.00000000000 0.00000000000 0.00000000000 0.00000000000
0.01617295185 0.00390313449 0.23673320991 0.00000000000 0.00000000000 0.00000000000 0.00000000000 0.00000000000 0.00000000000 0.00000000000 0.00000000000
0.01616682133 0.00389869949 0.23673291880 0.00000000000 0.00000000000 0.00000000000 0.00000000000 0.00000000000 0.00000000000 0.00000000000 0.00000000000
0.01616217669 0.00389543898 0.23673269657 0.00000000000 0.00000000000 0.00000000000 0.00000000000 0.00000000000 0.00000000000 0.00000000000 0.00000000000
0.01615748626 0.00389224487 0.23673247047 0.00000000000 0.00000000000 0.00000000000 0.00000000000 0.00000000000 0.00000000000 0.00000000000 0.00000000000
0.01615275098 0.00388911781 0.23673224056 0.00000000000 0.00000000000 0.00000000000 0.00000000000 0.00000000000 0.00000000000 0.00000000000 0.00000000000
0.01614797180 0.00388605843 0.23673200690 0.00000000000 0.00000000000 0.00000000000 0.00000000000 0.00000000000 0.00000000000 0.00000000000 0.00000000000
0.01614314969 0.00388306735 0.23673176952 0.00000000000 0.00000000000 0.00000000000 0.00000000000 0.00000000000 0.00000000000 0.00000000000 0.00000000000
0.01613828562 0.00388014516 0.23673152849 0.00000000000 0.00000000000 0.00000000000 0.00000000000 0.00000000000 0.00000000000 0.00000000000 0.00000000000
0.01613338057 0.00387729247 0.23673128384 0.00000000000 0.00000000000 0.00000000000 0.00000000000 0.00000000000 0.00000000000 0.00000000000 0.00000000000
0.01612843553 0.00387450985 0.23673103564 0.00000000000 0.00000000000 0.00000000000 0.00000000000 0.00000000000 0.00000000000 0.00000000000 0.00000000000
0.01612345150 0.00387179786 0.23673078394 0.00000000000 0.00000000000 0.00000000000 0.00000000000 0.00000000000 0.00000000000 0.00000000000 0.00000000000
0.01611842949 0.00386915704 0.23673052879 0.00000000000 0.00000000000 0.00000000000 0.00000000000 0.00000000000 0.00000000000 0.00000000000 0.00000000000
0.01611337050 0.00386658794 0.23673027023 0.00000000000 0.00000000000 0.00000000000 0.00000000000 0.00000000000 0.00000000000 0.00000000000 0.00000000000
0.01610827556 0.00386409107 0.23673000834 0.00000000000 0.00000000000 0.00000000000 0.00000000000 0.00000000000 0.00000000000 0.00000000000 0.00000000000
0.01610314569 0.00386166694 0.23672974316 0.00000000000 0.00000000000 0.00000000000 0.00000000000 0.00000000000 0.00000000000 0.00000000000 0.00000000000
0.01609798194 0.00385931603 0.23672947474 0.00000000000 0.00000000000 0.00000000000 0.00000000000 0.00000000000 0.00000000000 0.00000000000 0.00000000000
0.01609278533 0.00385703882 0.23672920315 0.00000000000 0.00000000000 0.00000000000 0.00000000000 0.00000000000 0.00000000000 0.00000000000 0.00000000000
0.01608755693 0.00385483578 0.23672892845 0.00000000000 0.00000000000 0.00000000000 0.00000000000 0.00000000000 0.00000000000 0.00000000000 0.00000000000
0.01608229779 0.00385270734 0.23672865068 0.00000000000 0.00000000000 0.00000000000 0.00000000000 0.00000000000 0.00000000000 0.00000000000 0.00000000000
0.01607700896 0.00385065394 0.23672836991 0.00000000000 0.00000000000 0.00000000000 0.00000000000 0.00000000000 0.00000000000 0.00000000000 0.00000000000
0.01607169151 0.00384867600 0.23672808619 0.00000000000 0.00000000000 0.00000000000 0.00000000000 0.00000000000 0.00000000000 0.00000000000 0.00000000000
0.01606634653 0.00384677390 0.23672779959 0.00000000000 0.00000000000 0.00000000000 0.00000000000 0.00000000000 0.00000000000 0.00000000000 0.00000000000
0.01606097507 0.00384494805 0.23672751017 0.00000000000 0.00000000000 0.00000000000 0.00000000000 0.00000000000 0.00000000000 0.00000000000 0.00000000000
0.01605557824 0.00384319880 0.23672721797 0.00000000000 0.00000000000 0.00000000000 0.00000000000 0.00000000000 0.00000000000 0.00000000000 0.00000000000
0.01605015712 0.00384152651 0.23672692308 0.00000000000 0.00000000000 0.00000000000 0.00000000000 0.00000000000 0.00000000000 0.00000000000 0.00000000000
0.01604471279 0.00383993152 0.23672662554 0.00000000000 0.00000000000 0.00000000000 0.00000000000 0.00000000000 0.00000000000 0.00000000000 0.00000000000
0.01603924637 0.00383841415 0.23672632541 0.00000000000 0.00000000000 0.00000000000 0.00000000000 0.00000000000 0.00000000000 0.00000000000 0.00000000000
0.01603375895 0.00383697471 0.23672602277 0.00000000000 0.00000000000 0.00000000000 0.00000000000 0.00000000000 0.00000000000 0.00000000000 0.00000000000
0.01602825165 0.00383561349 0.23672571767 0.00000000000 0.00000000000 0.00000000000 0.00000000000 0.00000000000 0.00000000000 0.00000000000 0.00000000000
0.01602272556 0.00383433077 0.23672541018 0.00000000000 0.00000000000 0.00000000000 0.00000000000 0.00000000000 0.00000000000 0.00000000000 0.00000000000
0.01601718182 0.00383312680 0.23672510035 0.00000000000 0.00000000000 0.00000000000 0.00000000000 0.00000000000 0.00000000000 0.00000000000 0.00000000000
0.01601162152 0.00383200183 0.23672478826 0.00000000000 0.00000000000 0.00000000000 0.00000000000 0.00000000000 0.00000000000 0.00000000000 0.00000000000
0.01600604581 0.00383095609 0.23672447396 0.00000000000 0.00000000000 0.00000000000 0.00000000000 0.00000000000 0.00000000000 0.00000000000 0.00000000000
0.01600045580 0.00382998978 0.23672415753 0.00000000000 0.00000000000 0.00000000000 0.00000000000 0.00000000000 0.00000000000 0.00000000000 0.00000000000
0.01599485262 0.00382910311 0.23672383902 0.00000000000 0.00000000000 0.00000000000 0.00000000000 0.00000000000 0.00000000000 0.00000000000 0.00000000000
0.01598923741 0.00382829626 0.23672351850 0.00000000000 0.00000000000 0.00000000000 0.00000000000 0.00000000000 0.00000000000 0.00000000000 0.00000000000
0.01598361128 0.00382756938 0.23672319603 0.00000000000 0.00000000000 0.00000000000 0.00000000000 0.00000000000 0.00000000000 0.00000000000 0.00000000000
0.01597797539 0.00382692263 0.23672287169 0.00000000000 0.00000000000 0.00000000000 0.00000000000 0.00000000000 0.00000000000 0.00000000000 0.00000000000
0.01597233087 0.00382635613 0.23672254554 0.00000000000 0.00000000000 0.00000000000 0.00000000000 0.00000000000 0.00000000000 0.00000000000 0.00000000000
0.01596667885 0.00382587001 0.23672221764 0.00000000000 0.00000000000 0.00000000000 0.00000000000 0.00000000000 0.00000000000 0.00000000000 0.00000000000
0.01596102049 0.00382546436 0.23672188806 0.00000000000 0.00000000000 0.00000000000 0.00000000000 0.00000000000 0.00000000000 0.00000000000 0.00000000000
0.01595535691 0.00382513926 0.23672155688 0.00000000000 0.00000000000 0.00000000000 0.00000000000 0.00000000000 0.00000000000 0.00000000000 0.00000000000
0.01594968926 0.00382489478 0.23672122414 0.00000000000 0.00000000000 0.00000000000 0.00000000000 0.00000000000 0.00000000000 0.00000000000 0.00000000000
0.01594401869 0.00382473097 0.23672088993 0.00000000000 0.00000000000 0.00000000000 0.00000000000 0.00000000000 0.00000000000 0.00000000000 0.00000000000
0.01593834634 0.00382464786 0.23672055431 0.00000000000 0.00000000000 0.00000000000 0.00000000000 0.00000000000 0.00000000000 0.00000000000 0.00000000000
0.01593267336 0.00382464548 0.23672021735 0.00000000000 0.00000000000 0.00000000000 0.00000000000 0.00000000000 0.00000000000 0.00000000000 0.00000000000
0.01592700089 0.00382472382 0.23671987911 0.00000000000 0.00000000000 0.00000000000 0.00000000000 0.00000000000 0.00000000000 0.00000000000 0.00000000000
0.01592133007 0.00382488286 0.23671953967 0.00000000000 0.00000000000 0.00000000000 0.00000000000 0.00000000000 0.00000000000 0.00000000000 0.00000000000
0.01591566205 0.00382512259 0.23671919909 0.00000000000 0.00000000000 0.00000000000 0.00000000000 0.00000000000 0.00000000000 0.00000000000 0.00000000000
0.01590999798 0.00382544294 0.23671885744 0.00000000000 0.00000000000 0.00000000000 0.00000000000 0.00000000000 0.00000000000 0.00000000000 0.00000000000
0.01590433899 0.00382584385 0.23671851479 0.00000000000 0.00000000000 0.00000000000 0.00000000000 0.00000000000 0.00000000000 0.00000000000 0.00000000000
0.01589868623 0.00382632526 0.23671817121 0.00000000000 0.00000000000 0.00000000000 0.00000000000 0.00000000000 0.00000000000 0.00000000000 0.00000000000
0.01589304084 0.00382688705 0.23671782677 0.00000000000 0.00000000000 0.00000000000 0.00000000000 0.00000000000 0.00000000000 0.00000000000 0.00000000000
0.01588740396 0.00382752911 0.23671748153 0.00000000000 0.00000000000 0.00000000000 0.00000000000 0.00000000000 0.00000000000 0.00000000000 0.00000000000
0.01588177673 0.00382825132 0.23671713557 0.00000000000 0.00000000000 0.00000000000 0.00000000000 0.00000000000 0.00000000000 0.00000000000 0.00000000000
0.01587616029 0.00382905354 0.23671678895 0.00000000000 0.00000000000 0.00000000000 0.00000000000 0.00000000000 0.00000000000 0.00000000000 0.00000000000
0.01587055575 0.00382993560 0.23671644175 0.00000000000 0.00000000000 0.00000000000 0.00000000000 0.00000000000 0.00000000000 0.00000000000 0.00000000000
0.01586496427 0.00383089732 0.23671609403 0.00000000000 0.00000000000 0.00000000000 0.00000000000 0.00000000000 0.00000000000 0.00000000000 0.00000000000
0.01585938696 0.00383193851 0.23671574586 0.00000000000 0.00000000000 0.00000000000 0.00000000000 0.00000000000 0.00000000000 0.00000000000 0.00000000000
0.01585382496 0.00383305896 0.23671539731 0.00000000000 0.00000000000 0.00000000000 0.00000000000 0.00000000000 0.00000000000 0.00000000000 0.00000000000
0.01584827938 0.00383425844 0.23671504845 0.00000000000 0.00000000000 0.00000000000 0.00000000000 0.00000000000 0.00000000000 0.00000000000 0.00000000000
0.01584275134 0.00383553673 0.23671469935 0.00000000000 0.00000000000 0.00000000000 0.00000000000 0.00000000000 0.00000000000 0.00000000000 0.00000000000
0.01583724197 0.00383689354 0.23671435008 0.00000000000 0.00000000000 0.00000000000 0.00000000000 0.00000000000 0.00000000000 0.00000000000 0.00000000000
0.01583175237 0.00383832863 0.23671400071 0.00000000000 0.00000000000 0.00000000000 0.00000000000 0.00000000000 0.00000000000 0.00000000000 0.00000000000
0.01582628364 0.00383984169 0.23671365130 0.00000000000 0.00000000000 0.00000000000 0.00000000000 0.00000000000 0.00000000000 0.00000000000 0.00000000000
0.01582083691 0.00384143241 0.23671330193 0.00000000000 0.00000000000 0.00000000000 0.00000000000 0.00000000000 0.00000000000 0.00000000000 0.00000000000
0.01581541325 0.00384310049 0.23671295266 0.00000000000 0.00000000000 0.00000000000 0.00000000000 0.00000000000 0.00000000000 0.00000000000 0.00000000000
0.01581001378 0.00384484559 0.23671260357 0.00000000000 0.00000000000 0.00000000000 0.00000000000 0.00000000000 0.00000000000 0.00000000000 0.00000000000
0.01580463957 0.00384666734 0.23671225472 0.00000000000 0.00000000000 0.00000000000 0.00000000000 0.00000000000 0.00000000000 0.00000000000 0.00000000000
0.01579929172 0.00384856539 0.23671190618 0.00000000000 0.00000000000 0.00000000000 0.00000000000 0.00000000000 0.00000000000 0.00000000000 0.00000000000
0.01579397130 0.00385053936 0.23671155802 0.00000000000 0.00000000000 0.00000000000 0.00000000000 0.00000000000 0.00000000000 0.00000000000 0.00000000000
0.01578867939 0.00385258884 0.23671121031 0.00000000000 0.00000000000 0.00000000000 0.00000000000 0.00000000000 0.00000000000 0.00000000000 0.00000000000
0.01578341705 0.00385471343 0.23671086312 0.00000000000 0.00000000000 0.00000000000 0.00000000000 0.00000000000 0.00000000000 0.00000000000 0.00000000000
0.01577818535 0.00385691269 0.23671051651 0.00000000000 0.00000000000 0.00000000000 0.00000000000 0.00000000000 0.00000000000 0.00000000000 0.00000000000
0.01577298535 0.00385918618 0.23671017055 0.00000000000 0.00000000000 0.00000000000 0.00000000000 0.00000000000 0.00000000000 0.00000000000 0.00000000000
0.01576781808 0.00386153344 0.23670982531 0.00000000000 0.00000000000 0.00000000000 0.00000000000 0.00000000000 0.00000000000 0.00000000000 0.00000000000
0.01576268461 0.00386395401 0.23670948085 0.00000000000 0.00000000000 0.00000000000 0.00000000000 0.00000000000 0.00000000000 0.00000000000 0.00000000000
0.01575758596 0.00386644739 0.23670913726 0.00000000000 0.00000000000 0.00000000000 0.00000000000 0.00000000000 0.00000000000 0.00000000000 0.00000000000
0.01575252316 0.00386901308 0.23670879458 0.00000000000 0.00000000000 0.00000000000 0.00000000000 0.00000000000 0.00000000000 0.00000000000 0.00000000000
0.01574749724 0.00387165056 0.23670845289 0.00000000000 0.00000000000 0.00000000000 0.00000000000 0.00000000000 0.00000000000 0.00000000000 0.00000000000
0.01574250921 0.00387435930 0.23670811226 0.00000000000 0.00000000000 0.00000000000 0.00000000000 0.00000000000 0.00000000000 0.00000000000 0.00000000000
0.01573756007 0.00387713876 0.23670777275 0.00000000000 0.00000000000 0.00000000000 0.00000000000 0.00000000000 0.00000000000 0.00000000000 0.00000000000
0.01573265083 0.00387998838 0.23670743442 0.00000000000 0.00000000000 0.00000000000 0.00000000000 0.00000000000 0.00000000000 0.00000000000 0.00000000000
0.01572778248 0.00388290757 0.23670709735 0.00000000000 0.00000000000 0.00000000000 0.00000000000 0.00000000000 0.00000000000 0.00000000000 0.00000000000
0.01572295599 0.00388589576 0.23670676160 0.00000000000 0.00000000000 0.00000000000 0.00000000000 0.00000000000 0.00000000000 0.00000000000 0.00000000000
0.01571817235 0.00388895234 0.23670642723 0.00000000000 0.00000000000 0.00000000000 0.00000000000 0.00000000000 0.00000000000 0.00000000000 0.00000000000
0.01571343253 0.00389207669 0.23670609431 0.00000000000 0.00000000000 0.00000000000 0.00000000000 0.00000000000 0.00000000000 0.00000000000 0.00000000000
0.01570873747 0.00389526818 0.23670576290 0.00000000000 0.00000000000 0.00000000000 0.00000000000 0.00000000000 0.00000000000 0.00000000000 0.00000000000
0.01570408812 0.00389852617 0.23670543307 0.00000000000 0.00000000000 0.00000000000 0.00000000000 0.00000000000 0.00000000000 0.00000000000 0.00000000000
0.01569948543 0.00390185001 0.23670510488 0.00000000000 0.00000000000 0.00000000000 0.00000000000 0.00000000000 0.00000000000 0.00000000000 0.00000000000
0.01569493032 0.00390523902 0.23670477840 0.00000000000 0.00000000000 0.00000000000 0.00000000000 0.00000000000 0.00000000000 0.00000000000 0.00000000000
0.01569042372 0.00390869252 0.23670445368 0.00000000000 0.00000000000 0.00000000000 0.00000000000 0.00000000000 0.00000000000 0.00000000000 0.00000000000
0.01568596653 0.00391220982 0.23670413080 0.00000000000 0.00000000000 0.00000000000 0.00000000000 0.00000000000 0.00000000000 0.00000000000 0.00000000000
0.01568155966 0.00391579019 0.23670380980 0.00000000000 0.00000000000 0.00000000000 0.00000000000 0.00000000000 0.00000000000 0.00000000000 0.00000000000
0.01567720398 0.00391943293 0.23670349076 0.00000000000 0.00000000000 0.00000000000 0.00000000000 0.00000000000 0.00000000000 0.00000000000 0.00000000000
0.01567290039 0.00392313730 0.23670317374 0.00000000000 0.00000000000 0.00000000000 0.00000000000 0.00000000000 0.00000000000 0.00000000000 0.00000000000
0.01566723287 0.00392815763 0.23670275380 0.00000000000 0.00000000000 0.00000000000 0.00000000000 0.00000000000 0.00000000000 0.00000000000 0.00000000000
0.01566306296 0.00393201305 0.23670244208 0.00000000000 0.00000000000 0.00000000000 0.00000000000 0.00000000000 0.00000000000 0.00000000000 0.00000000000
0.01566032002 0.00393462238 0.23670223577 0.00000000000 0.00000000000 0.00000000000 0.00000000000 0.00000000000 0.00000000000 0.00000000000 0.00000000000
ZONE T="NURB"
I=201, J=1, K=1
0.01618046287 0.00390888340 0.23673356124 2504.44310349005 0.00000000000 0.00000000000 0.00000000000 0.00000000000 0.00000000000 0.00000000000 0.23676583028
0.01617821851 0.00390714780 0.23673345656 2504.15436267027 0.00000000000 0.00000000000 0.00000000000 0.00000000000 0.00000000000 0.00000000000 0.23676569697
0.01617596190 0.00390542821 0.23673335088 2503.99201238347 0.00000000000 0.00000000000 0.00000000000 0.00000000000 0.00000000000 0.00000000000 0.23676556293
0.01617369315 0.00390372471 0.23673324420 2503.95611266558 0.00000000000 0.00000000000 0.00000000000 0.00000000000 0.00000000000 0.00000000000 0.23676542817
0.01617141237 0.00390203739 0.23673313653 2504.04666519874 0.00000000000 0.00000000000 0.00000000000 0.00000000000 0.00000000000 0.00000000000 0.23676529270
0.01616911968 0.00390036634 0.23673302787 2503.96500958495 0.00000000000 0.00000000000 0.00000000000 0.00000000000 0.00000000000 0.00000000000 0.23676515652
0.01616681519 0.00389871163 0.23673291823 2503.99482879729 0.00000000000 0.00000000000 0.00000000000 0.00000000000 0.00000000000 0.00000000000 0.23676501964
0.01616449902 0.00389707335 0.23673280762 2503.90072329873 0.00000000000 0.00000000000 0.00000000000 0.00000000000 0.00000000000 0.00000000000 0.23676488207
0.01616217128 0.00389545158 0.23673269603 2503.93745341894 0.00000000000 0.00000000000 0.00000000000 0.00000000000 0.00000000000 0.00000000000 0.23676474381
0.01615983208 0.00389384641 0.23673258348 2503.84551053976 0.00000000000 0.00000000000 0.00000000000 0.00000000000 0.00000000000 0.00000000000 0.23676460487
0.01615748156 0.00389225791 0.23673246997 2503.87899430798 0.00000000000 0.00000000000 0.00000000000 0.00000000000 0.00000000000 0.00000000000 0.23676446526
0.01615511982 0.00389068616 0.23673235551 2503.78711471340 0.00000000000 0.00000000000 0.00000000000 0.00000000000 0.00000000000 0.00000000000 0.23676432498
0.01615274699 0.00388913125 0.23673224010 2503.82061582901 0.00000000000 0.00000000000 0.00000000000 0.00000000000 0.00000000000 0.00000000000 0.23676418404
0.01615036318 0.00388759326 0.23673212375 2503.72717567164 0.00000000000 0.00000000000 0.00000000000 0.00000000000 0.00000000000 0.00000000000 0.23676404245
0.01614796852 0.00388607225 0.23673200647 2503.75906637843 0.00000000000 0.00000000000 0.00000000000 0.00000000000 0.00000000000 0.00000000000 0.23676390021
0.01614556312 0.00388456832 0.23673188826 2503.66452359149 0.00000000000 0.00000000000 0.00000000000 0.00000000000 0.00000000000 0.00000000000 0.23676375734
0.01614314711 0.00388308152 0.23673176913 2503.69526566154 0.00000000000 0.00000000000 0.00000000000 0.00000000000 0.00000000000 0.00000000000 0.23676361384
0.01614072061 0.00388161195 0.23673164909 2503.59952435467 0.00000000000 0.00000000000 0.00000000000 0.00000000000 0.00000000000 0.00000000000 0.23676346971
0.01613828375 0.00388015967 0.23673152813 2503.62902215042 0.00000000000 0.00000000000 0.00000000000 0.00000000000 0.00000000000 0.00000000000 0.23676332497
0.01613583663 0.00387872476 0.23673140628 2503.53213505564 0.00000000000 0.00000000000 0.00000000000 0.00000000000 0.00000000000 0.00000000000 0.23676317962
0.01613337940 0.00387730729 0.23673128353 2503.56044287406 0.00000000000 0.00000000000 0.00000000000 0.00000000000 0.00000000000 0.00000000000 0.23676303367
0.01613091216 0.00387590733 0.23673115989 2503.46242325652 0.00000000000 0.00000000000 0.00000000000 0.00000000000 0.00000000000 0.00000000000 0.23676288712
0.01612843506 0.00387452495 0.23673103536 2503.48955651613 0.00000000000 0.00000000000 0.00000000000 0.00000000000 0.00000000000 0.00000000000 0.23676273999
0.01612594820 0.00387316023 0.23673090996 2503.39042937371 0.00000000000 0.00000000000 0.00000000000 0.00000000000 0.00000000000 0.00000000000 0.23676259228
0.01612345172 0.00387181322 0.23673078370 2503.41641454757 0.00000000000 0.00000000000 0.00000000000 0.00000000000 0.00000000000 0.00000000000 0.23676244400
0.01612094574 0.00387048400 0.23673065657 2503.31620292040 0.00000000000 0.00000000000 0.00000000000 0.00000000000 0.00000000000 0.00000000000 0.23676229515
0.01611843039 0.00386917264 0.23673052858 2503.34106427899 0.00000000000 0.00000000000 0.00000000000 0.00000000000 0.00000000000 0.00000000000 0.23676214575
0.01611590579 0.00386787921 0.23673039974 2503.23979211415 0.00000000000 0.00000000000 0.00000000000 0.00000000000 0.00000000000 0.00000000000 0.23676199579
0.01611337208 0.00386660376 0.23673027006 2503.26355487723 0.00000000000 0.00000000000 0.00000000000 0.00000000000 0.00000000000 0.00000000000 0.23676184530
0.01611082938 0.00386534636 0.23673013955 2503.16124737925 0.00000000000 0.00000000000 0.00000000000 0.00000000000 0.00000000000 0.00000000000 0.23676169427
0.01610827781 0.00386410708 0.23673000821 2503.18393872284 0.00000000000 0.00000000000 0.00000000000 0.00000000000 0.00000000000 0.00000000000 0.23676154272
0.01610571752 0.00386288598 0.23672987604 2503.08062070819 0.00000000000 0.00000000000 0.00000000000 0.00000000000 0.00000000000 0.00000000000 0.23676139064
0.01610314861 0.00386168312 0.23672974306 2503.10226687209 0.00000000000 0.00000000000 0.00000000000 0.00000000000 0.00000000000 0.00000000000 0.23676123806
0.01610057124 0.00386049856 0.23672960928 2502.99796478111 0.00000000000 0.00000000000 0.00000000000 0.00000000000 0.00000000000 0.00000000000 0.23676108497
0.01609798552 0.00385933236 0.23672947469 2503.01859338745 0.00000000000 0.00000000000 0.00000000000 0.00000000000 0.00000000000 0.00000000000 0.23676093139
0.01609539159 0.00385818458 0.23672933930 2502.91333319103 0.00000000000 0.00000000000 0.00000000000 0.00000000000 0.00000000000 0.00000000000 0.23676077732
0.01609278957 0.00385705528 0.23672920313 2502.93297205003 0.00000000000 0.00000000000 0.00000000000 0.00000000000 0.00000000000 0.00000000000 0.23676062277
0.01609017960 0.00385594452 0.23672906619 2502.82678164311 0.00000000000 0.00000000000 0.00000000000 0.00000000000 0.00000000000 0.00000000000 0.23676046774
0.01608756181 0.00385485234 0.23672892846 2502.84545983694 0.00000000000 0.00000000000 0.00000000000 0.00000000000 0.00000000000 0.00000000000 0.23676031225
0.01608493633 0.00385377882 0.23672878998 2502.73836642293 0.00000000000 0.00000000000 0.00000000000 0.00000000000 0.00000000000 0.00000000000 0.23676015631
0.01608230330 0.00385272399 0.23672865073 2502.75611267460 0.00000000000 0.00000000000 0.00000000000 0.00000000000 0.00000000000 0.00000000000 0.23675999992
0.01607966284 0.00385168793 0.23672851074 2502.64814454287 0.00000000000 0.00000000000 0.00000000000 0.00000000000 0.00000000000 0.00000000000 0.23675984308
0.01607701509 0.00385067066 0.23672837000 2502.66498873526 0.00000000000 0.00000000000 0.00000000000 0.00000000000 0.00000000000 0.00000000000 0.23675968581
0.01607436019 0.00384967226 0.23672822852 2502.55617486318 0.00000000000 0.00000000000 0.00000000000 0.00000000000 0.00000000000 0.00000000000 0.23675952812
0.01607169826 0.00384869277 0.23672808632 2502.57214730477 0.00000000000 0.00000000000 0.00000000000 0.00000000000 0.00000000000 0.00000000000 0.23675937001
0.01606902945 0.00384773223 0.23672794339 2502.46251649321 0.00000000000 0.00000000000 0.00000000000 0.00000000000 0.00000000000 0.00000000000 0.23675921149
0.01606635388 0.00384679070 0.23672779975 2502.47764744804 0.00000000000 0.00000000000 0.00000000000 0.00000000000 0.00000000000 0.00000000000 0.23675905257
0.01606367169 0.00384586823 0.23672765541 2502.36722989266 0.00000000000 0.00000000000 0.00000000000 0.00000000000 0.00000000000 0.00000000000 0.23675889326
0.01606098302 0.00384496486 0.23672751036 2502.38155084108 0.00000000000 0.00000000000 0.00000000000 0.00000000000 0.00000000000 0.00000000000 0.23675873356
0.01605828800 0.00384408063 0.23672736463 2502.27037631695 0.00000000000 0.00000000000 0.00000000000 0.00000000000 0.00000000000 0.00000000000 0.23675857348
0.01605558676 0.00384321560 0.23672721821 2502.28391863823 0.00000000000 0.00000000000 0.00000000000 0.00000000000 0.00000000000 0.00000000000 0.23675841304
0.01605287946 0.00384236981 0.23672707111 2502.17201802647 0.00000000000 0.00000000000 0.00000000000 0.00000000000 0.00000000000 0.00000000000 0.23675825223
0.01605016621 0.00384154329 0.23672692334 2502.18481400562 0.00000000000 0.00000000000 0.00000000000 0.00000000000 0.00000000000 0.00000000000 0.23675809108
0.01604744716 0.00384073609 0.23672677492 2502.07221794851 0.00000000000 0.00000000000 0.00000000000 0.00000000000 0.00000000000 0.00000000000 0.23675792957
0.01604472244 0.00383994826 0.23672662584 2502.08429980683 0.00000000000 0.00000000000 0.00000000000 0.00000000000 0.00000000000 0.00000000000 0.23675776773
0.01604199220 0.00383917983 0.23672647611 2501.97104000028 0.00000000000 0.00000000000 0.00000000000 0.00000000000 0.00000000000 0.00000000000 0.23675760557
0.01603925656 0.00383843084 0.23672632575 2501.98244054170 0.00000000000 0.00000000000 0.00000000000 0.00000000000 0.00000000000 0.00000000000 0.23675744308
0.01603651567 0.00383770132 0.23672617475 2501.86854868443 0.00000000000 0.00000000000 0.00000000000 0.00000000000 0.00000000000 0.00000000000 0.23675728028
0.01603376967 0.00383699132 0.23672602314 2501.87930110866 0.00000000000 0.00000000000 0.00000000000 0.00000000000 0.00000000000 0.00000000000 0.23675711718
0.01603101870 0.00383630088 0.23672587091 2501.76480926724 0.00000000000 0.00000000000 0.00000000000 0.00000000000 0.00000000000 0.00000000000 0.23675695378
0.01602826288 0.00383563002 0.23672571807 2501.77494705145 0.00000000000 0.00000000000 0.00000000000 0.00000000000 0.00000000000 0.00000000000 0.23675679009
0.01602550237 0.00383497878 0.23672556464 2501.65988782220 0.00000000000 0.00000000000 0.00000000000 0.00000000000 0.00000000000 0.00000000000 0.23675662613
0.01602273730 0.00383434719 0.23672541061 2501.66944500970 0.00000000000 0.00000000000 0.00000000000 0.00000000000 0.00000000000 0.00000000000 0.23675646189
0.01601996781 0.00383373529 0.23672525600 2501.55385098266 0.00000000000 0.00000000000 0.00000000000 0.00000000000 0.00000000000 0.00000000000 0.23675629739
0.01601719404 0.00383314311 0.23672510081 2501.56286141471 0.00000000000 0.00000000000 0.00000000000 0.00000000000 0.00000000000 0.00000000000 0.23675613264
0.01601441613 0.00383257067 0.23672494506 2501.44676585152 0.00000000000 0.00000000000 0.00000000000 0.00000000000 0.00000000000 0.00000000000 0.23675596764
0.01601163422 0.00383201801 0.23672478875 2501.45526404524 0.00000000000 0.00000000000 0.00000000000 0.00000000000 0.00000000000 0.00000000000 0.23675580240
0.01600884845 0.00383148515 0.23672463189 2501.33870010649 0.00000000000 0.00000000000 0.00000000000 0.00000000000 0.00000000000 0.00000000000 0.23675563694
0.01600605896 0.00383097213 0.23672447448 2501.34672073970 0.00000000000 0.00000000000 0.00000000000 0.00000000000 0.00000000000 0.00000000000 0.23675547125
0.01600326590 0.00383047896 0.23672431654 2501.22972235549 0.00000000000 0.00000000000 0.00000000000 0.00000000000 0.00000000000 0.00000000000 0.23675530535
0.01600046939 0.00383000567 0.23672415808 2501.23730067648 0.00000000000 0.00000000000 0.00000000000 0.00000000000 0.00000000000 0.00000000000 0.23675513925
0.01599766959 0.00382955229 0.23672399909 2501.11990143152 0.00000000000 0.00000000000 0.00000000000 0.00000000000 0.00000000000 0.00000000000 0.23675497295
0.01599486664 0.00382911884 0.23672383959 2501.12707236346 0.00000000000 0.00000000000 0.00000000000 0.00000000000 0.00000000000 0.00000000000 0.23675480646
0.01599206067 0.00382870534 0.23672367959 2501.00930624232 0.00000000000 0.00000000000 0.00000000000 0.00000000000 0.00000000000 0.00000000000 0.23675463980
0.01598925183 0.00382831181 0.23672351910 2501.01610521070 0.00000000000 0.00000000000 0.00000000000 0.00000000000 0.00000000000 0.00000000000 0.23675447296
0.01598644026 0.00382793827 0.23672335812 2500.89800668450 0.00000000000 0.00000000000 0.00000000000 0.00000000000 0.00000000000 0.00000000000 0.23675430596
0.01598362611 0.00382758474 0.23672319666 2500.90446932907 0.00000000000 0.00000000000 0.00000000000 0.00000000000 0.00000000000 0.00000000000 0.23675413881
0.01598080950 0.00382725125 0.23672303474 2500.78607271573 0.00000000000 0.00000000000 0.00000000000 0.00000000000 0.00000000000 0.00000000000 0.23675397151
0.01597799059 0.00382693780 0.23672287235 2500.79223469623 0.00000000000 0.00000000000 0.00000000000 0.00000000000 0.00000000000 0.00000000000 0.23675380408
0.01597516952 0.00382664441 0.23672270951 2500.67357474452 0.00000000000 0.00000000000 0.00000000000 0.00000000000 0.00000000000 0.00000000000 0.23675363652
0.01597234643 0.00382637110 0.23672254622 2500.67947224666 0.00000000000 0.00000000000 0.00000000000 0.00000000000 0.00000000000 0.00000000000 0.23675346883
0.01596952146 0.00382611788 0.23672238250 2500.56058347364 0.00000000000 0.00000000000 0.00000000000 0.00000000000 0.00000000000 0.00000000000 0.23675330104
0.01596669476 0.00382588476 0.23672221835 2500.56625216394 0.00000000000 0.00000000000 0.00000000000 0.00000000000 0.00000000000 0.00000000000 0.23675313314
0.01596386646 0.00382567176 0.23672205378 2500.44716952843 0.00000000000 0.00000000000 0.00000000000 0.00000000000 0.00000000000 0.00000000000 0.23675296515
0.01596103672 0.00382547889 0.23672188879 2500.45264577049 0.00000000000 0.00000000000 0.00000000000 0.00000000000 0.00000000000 0.00000000000 0.23675279707
0.01595820567 0.00382530615 0.23672172341 2500.33340434021 0.00000000000 0.00000000000 0.00000000000 0.00000000000 0.00000000000 0.00000000000 0.23675262892
0.01595537345 0.00382515356 0.23672155763 2500.33872435380 0.00000000000 0.00000000000 0.00000000000 0.00000000000 0.00000000000 0.00000000000 0.23675246069
0.01595254021 0.00382502112 0.23672139146 2500.21935918714 0.00000000000 0.00000000000 0.00000000000 0.00000000000 0.00000000000 0.00000000000 0.23675229241
0.01594970610 0.00382490885 0.23672122491 2500.22455943133 0.00000000000 0.00000000000 0.00000000000 0.00000000000 0.00000000000 0.00000000000 0.23675212407
0.01594687124 0.00382481674 0.23672105800 2500.10510528384 0.00000000000 0.00000000000 0.00000000000 0.00000000000 0.00000000000 0.00000000000 0.23675195569
0.01594403580 0.00382474480 0.23672089072 2500.11022169818 0.00000000000 0.00000000000 0.00000000000 0.00000000000 0.00000000000 0.00000000000 0.23675178727
0.01594119991 0.00382469304 0.23672072310 2499.99071427659 0.00000000000 0.00000000000 0.00000000000 0.00000000000 0.00000000000 0.00000000000 0.23675161883
0.01593836371 0.00382466145 0.23672055512 2499.99578393275 0.00000000000 0.00000000000 0.00000000000 0.00000000000 0.00000000000 0.00000000000 0.23675145037
0.01593552735 0.00382465004 0.23672038681 2499.87625786838 0.00000000000 0.00000000000 0.00000000000 0.00000000000 0.00000000000 0.00000000000 0.23675128190
0.01593269097 0.00382465882 0.23672021818 2499.88131653571 0.00000000000 0.00000000000 0.00000000000 0.00000000000 0.00000000000 0.00000000000 0.23675111343
0.01592985471 0.00382468777 0.23672004922 2499.76180740132 0.00000000000 0.00000000000 0.00000000000 0.00000000000 0.00000000000 0.00000000000 0.23675094496
0.01592701872 0.00382473690 0.23671987996 2499.76689202310 0.00000000000 0.00000000000 0.00000000000 0.00000000000 0.00000000000 0.00000000000 0.23675077651
0.01592418313 0.00382480621 0.23671971039 2499.64743491032 0.00000000000 0.00000000000 0.00000000000 0.00000000000 0.00000000000 0.00000000000 0.23675060809
0.01592134810 0.00382489569 0.23671954053 2499.65258169514 0.00000000000 0.00000000000 0.00000000000 0.00000000000 0.00000000000 0.00000000000 0.23675043970
0.01591851377 0.00382500534 0.23671937039 2499.53321153292 0.00000000000 0.00000000000 0.00000000000 0.00000000000 0.00000000000 0.00000000000 0.23675027135
0.01591568027 0.00382513516 0.23671919997 2499.53845676152 0.00000000000 0.00000000000 0.00000000000 0.00000000000 0.00000000000 0.00000000000 0.23675010305
0.01591284776 0.00382528513 0.23671902928 2499.41920877560 0.00000000000 0.00000000000 0.00000000000 0.00000000000 0.00000000000 0.00000000000 0.23674993481
0.01591001637 0.00382545525 0.23671885834 2499.42458887238 0.00000000000 0.00000000000 0.00000000000 0.00000000000 0.00000000000 0.00000000000 0.23674976663
0.01590718625 0.00382564551 0.23671868714 2499.30549822496 0.00000000000 0.00000000000 0.00000000000 0.00000000000 0.00000000000 0.00000000000 0.23674959853
0.01590435753 0.00382585590 0.23671851570 2499.31104954043 0.00000000000 0.00000000000 0.00000000000 0.00000000000 0.00000000000 0.00000000000 0.23674943051
0.01590153037 0.00382608642 0.23671834403 2499.19215084271 0.00000000000 0.00000000000 0.00000000000 0.00000000000 0.00000000000 0.00000000000 0.23674926259
0.01589870491 0.00382633704 0.23671817213 2499.19790921022 0.00000000000 0.00000000000 0.00000000000 0.00000000000 0.00000000000 0.00000000000 0.23674909477
0.01589588128 0.00382660777 0.23671800002 2499.07923770307 0.00000000000 0.00000000000 0.00000000000 0.00000000000 0.00000000000 0.00000000000 0.23674892705
0.01589305964 0.00382689857 0.23671782770 2499.08523957988 0.00000000000 0.00000000000 0.00000000000 0.00000000000 0.00000000000 0.00000000000 0.23674875945
0.01589024011 0.00382720945 0.23671765518 2498.96682939009 0.00000000000 0.00000000000 0.00000000000 0.00000000000 0.00000000000 0.00000000000 0.23674859198
0.01588742286 0.00382754038 0.23671748247 2498.97311001980 0.00000000000 0.00000000000 0.00000000000 0.00000000000 0.00000000000 0.00000000000 0.23674842465
0.01588460801 0.00382789134 0.23671730958 2498.85499617397 0.00000000000 0.00000000000 0.00000000000 0.00000000000 0.00000000000 0.00000000000 0.23674825746
0.01588179571 0.00382826233 0.23671713652 2498.86159195147 0.00000000000 0.00000000000 0.00000000000 0.00000000000 0.00000000000 0.00000000000 0.23674809041
0.01587898610 0.00382865332 0.23671696329 2498.74380849620 0.00000000000 0.00000000000 0.00000000000 0.00000000000 0.00000000000 0.00000000000 0.23674792353
0.01587617932 0.00382906429 0.23671678991 2498.75075457022 0.00000000000 0.00000000000 0.00000000000 0.00000000000 0.00000000000 0.00000000000 0.23674775682
0.01587337552 0.00382949522 0.23671661638 2498.63333604917 0.00000000000 0.00000000000 0.00000000000 0.00000000000 0.00000000000 0.00000000000 0.23674759028
0.01587057484 0.00382994609 0.23671644271 2498.64066802134 0.00000000000 0.00000000000 0.00000000000 0.00000000000 0.00000000000 0.00000000000 0.23674742393
0.01586777741 0.00383041688 0.23671626892 2498.52364811028 0.00000000000 0.00000000000 0.00000000000 0.00000000000 0.00000000000 0.00000000000 0.23674725777
0.01586498338 0.00383090756 0.23671609500 2498.53140074424 0.00000000000 0.00000000000 0.00000000000 0.00000000000 0.00000000000 0.00000000000 0.23674709182
0.01586219290 0.00383141811 0.23671592097 2498.41481335185 0.00000000000 0.00000000000 0.00000000000 0.00000000000 0.00000000000 0.00000000000 0.23674692607
0.01585940609 0.00383194850 0.23671574683 2498.42302202976 0.00000000000 0.00000000000 0.00000000000 0.00000000000 0.00000000000 0.00000000000 0.23674676054
0.01585662310 0.00383249871 0.23671557260 2498.30690061846 0.00000000000 0.00000000000 0.00000000000 0.00000000000 0.00000000000 0.00000000000 0.23674659524
0.01585384408 0.00383306871 0.23671539829 2498.31559980258 0.00000000000 0.00000000000 0.00000000000 0.00000000000 0.00000000000 0.00000000000 0.23674643018
0.01585106916 0.00383365847 0.23671522389 2498.19997771368 0.00000000000 0.00000000000 0.00000000000 0.00000000000 0.00000000000 0.00000000000 0.23674626536
0.01584829848 0.00383426796 0.23671504943 2498.20920184641 0.00000000000 0.00000000000 0.00000000000 0.00000000000 0.00000000000 0.00000000000 0.23674610079
0.01584553218 0.00383489715 0.23671487491 2498.09411186493 0.00000000000 0.00000000000 0.00000000000 0.00000000000 0.00000000000 0.00000000000 0.23674593648
0.01584277041 0.00383554601 0.23671470033 2498.10389482041 0.00000000000 0.00000000000 0.00000000000 0.00000000000 0.00000000000 0.00000000000 0.23674577244
0.01584001329 0.00383621450 0.23671452571 2497.98936977270 0.00000000000 0.00000000000 0.00000000000 0.00000000000 0.00000000000 0.00000000000 0.23674560867
0.01583726098 0.00383690260 0.23671435106 2497.99974572779 0.00000000000 0.00000000000 0.00000000000 0.00000000000 0.00000000000 0.00000000000 0.23674544519
0.01583451360 0.00383761027 0.23671417638 2497.88581805148 0.00000000000 0.00000000000 0.00000000000 0.00000000000 0.00000000000 0.00000000000 0.23674528201
0.01583177130 0.00383833747 0.23671400169 2497.89682036010 0.00000000000 0.00000000000 0.00000000000 0.00000000000 0.00000000000 0.00000000000 0.23674511912
0.01582903422 0.00383908416 0.23671382698 2497.78352207265 0.00000000000 0.00000000000 0.00000000000 0.00000000000 0.00000000000 0.00000000000 0.23674495655
0.01582630250 0.00383985031 0.23671365228 2497.79518398906 0.00000000000 0.00000000000 0.00000000000 0.00000000000 0.00000000000 0.00000000000 0.23674479429
0.01582357626 0.00384063589 0.23671347758 2497.68254621166 0.00000000000 0.00000000000 0.00000000000 0.00000000000 0.00000000000 0.00000000000 0.23674463236
0.01582085566 0.00384144084 0.23671330291 2497.69490001283 0.00000000000 0.00000000000 0.00000000000 0.00000000000 0.00000000000 0.00000000000 0.23674447077
0.01581814082 0.00384226513 0.23671312825 2497.58295476912 0.00000000000 0.00000000000 0.00000000000 0.00000000000 0.00000000000 0.00000000000 0.23674430952
0.01581543188 0.00384310872 0.23671295364 2497.59603328288 0.00000000000 0.00000000000 0.00000000000 0.00000000000 0.00000000000 0.00000000000 0.23674414861
0.01581272899 0.00384397157 0.23671277906 2497.48481139553 0.00000000000 0.00000000000 0.00000000000 0.00000000000 0.00000000000 0.00000000000 0.23674398807
0.01581003228 0.00384485363 0.23671260454 2497.49864688108 0.00000000000 0.00000000000 0.00000000000 0.00000000000 0.00000000000 0.00000000000 0.23674382790
0.01580734188 0.00384575486 0.23671243008 2497.38817841183 0.00000000000 0.00000000000 0.00000000000 0.00000000000 0.00000000000 0.00000000000 0.23674366809
0.01580465792 0.00384667522 0.23671225568 2497.40280192515 0.00000000000 0.00000000000 0.00000000000 0.00000000000 0.00000000000 0.00000000000 0.23674350868
0.01580198056 0.00384761464 0.23671208137 2497.29311684803 0.00000000000 0.00000000000 0.00000000000 0.00000000000 0.00000000000 0.00000000000 0.23674334965
0.01579930991 0.00384857310 0.23671190714 2497.30855924613 0.00000000000 0.00000000000 0.00000000000 0.00000000000 0.00000000000 0.00000000000 0.23674319102
0.01579664612 0.00384955054 0.23671173300 2497.19968809295 0.00000000000 0.00000000000 0.00000000000 0.00000000000 0.00000000000 0.00000000000 0.23674303280
0.01579398931 0.00385054692 0.23671155897 2497.21598116252 0.00000000000 0.00000000000 0.00000000000 0.00000000000 0.00000000000 0.00000000000 0.23674287499
0.01579133963 0.00385156217 0.23671138505 2497.10795178064 0.00000000000 0.00000000000 0.00000000000 0.00000000000 0.00000000000 0.00000000000 0.23674271761
0.01578869721 0.00385259626 0.23671121125 2497.12512453016 0.00000000000 0.00000000000 0.00000000000 0.00000000000 0.00000000000 0.00000000000 0.23674256066
0.01578606218 0.00385364912 0.23671103758 2497.01796631001 0.00000000000 0.00000000000 0.00000000000 0.00000000000 0.00000000000 0.00000000000 0.23674240415
0.01578343467 0.00385472072 0.23671086404 2497.03604889613 0.00000000000 0.00000000000 0.00000000000 0.00000000000 0.00000000000 0.00000000000 0.23674224808
0.01578081482 0.00385581098 0.23671069065 2496.92979051389 0.00000000000 0.00000000000 0.00000000000 0.00000000000 0.00000000000 0.00000000000 0.23674209247
0.01577820276 0.00385691986 0.23671051742 2496.94881274293 0.00000000000 0.00000000000 0.00000000000 0.00000000000 0.00000000000 0.00000000000 0.23674193732
0.01577559862 0.00385804730 0.23671034435 2496.84347981216 0.00000000000 0.00000000000 0.00000000000 0.00000000000 0.00000000000 0.00000000000 0.23674178265
0.01577300253 0.00385919325 0.23671017145 2496.86346844247 0.00000000000 0.00000000000 0.00000000000 0.00000000000 0.00000000000 0.00000000000 0.23674162845
0.01577041462 0.00386035764 0.23670999873 2496.75909079296 0.00000000000 0.00000000000 0.00000000000 0.00000000000 0.00000000000 0.00000000000 0.23674147473
0.01576783502 0.00386154043 0.23670982619 2496.78007678661 0.00000000000 0.00000000000 0.00000000000 0.00000000000 0.00000000000 0.00000000000 0.23674132151
0.01576526387 0.00386274154 0.23670965386 2496.67667836659 0.00000000000 0.00000000000 0.00000000000 0.00000000000 0.00000000000 0.00000000000 0.23674116879
0.01576270130 0.00386396092 0.23670948173 2496.69868679603 0.00000000000 0.00000000000 0.00000000000 0.00000000000 0.00000000000 0.00000000000 0.23674101659
0.01576014743 0.00386519850 0.23670930981 2496.59629465099 0.00000000000 0.00000000000 0.00000000000 0.00000000000 0.00000000000 0.00000000000 0.23674086489
0.01575760239 0.00386645424 0.23670913812 2496.61935318941 0.00000000000 0.00000000000 0.00000000000 0.00000000000 0.00000000000 0.00000000000 0.23674071373
0.01575506631 0.00386772805 0.23670896665 2496.51799296333 0.00000000000 0.00000000000 0.00000000000 0.00000000000 0.00000000000 0.00000000000 0.23674056309
0.01575253931 0.00386901988 0.23670879542 2496.54212833698 0.00000000000 0.00000000000 0.00000000000 0.00000000000 0.00000000000 0.00000000000 0.23674041300
0.01575002154 0.00387032967 0.23670862444 2496.44182430832 0.00000000000 0.00000000000 0.00000000000 0.00000000000 0.00000000000 0.00000000000 0.23674026345
0.01574751311 0.00387165734 0.23670845372 2496.46706216485 0.00000000000 0.00000000000 0.00000000000 0.00000000000 0.00000000000 0.00000000000 0.23674011446
0.01574501415 0.00387300283 0.23670828326 2496.36783772458 0.00000000000 0.00000000000 0.00000000000 0.00000000000 0.00000000000 0.00000000000 0.23673996603
0.01574252478 0.00387436607 0.23670811307 2496.39420211942 0.00000000000 0.00000000000 0.00000000000 0.00000000000 0.00000000000 0.00000000000 0.23673981816
0.01574004514 0.00387574699 0.23670794316 2496.29608210671 0.00000000000 0.00000000000 0.00000000000 0.00000000000 0.00000000000 0.00000000000 0.23673967088
0.01573757534 0.00387714553 0.23670777354 2496.32359867349 0.00000000000 0.00000000000 0.00000000000 0.00000000000 0.00000000000 0.00000000000 0.23673952418
0.01573511552 0.00387856161 0.23670760421 2496.22660448694 0.00000000000 0.00000000000 0.00000000000 0.00000000000 0.00000000000 0.00000000000 0.23673937808
0.01573266579 0.00387999517 0.23670743519 2496.25529579458 0.00000000000 0.00000000000 0.00000000000 0.00000000000 0.00000000000 0.00000000000 0.23673923257
0.01573022628 0.00388144612 0.23670726649 2496.15945043696 0.00000000000 0.00000000000 0.00000000000 0.00000000000 0.00000000000 0.00000000000 0.23673908767
0.01572779711 0.00388291440 0.23670709810 2496.18934098890 0.00000000000 0.00000000000 0.00000000000 0.00000000000 0.00000000000 0.00000000000 0.23673894339
0.01572537842 0.00388439994 0.23670693005 2496.09466437729 0.00000000000 0.00000000000 0.00000000000 0.00000000000 0.00000000000 0.00000000000 0.23673879973
0.01572297030 0.00388590265 0.23670676233 2496.12577423965 0.00000000000 0.00000000000 0.00000000000 0.00000000000 0.00000000000 0.00000000000 0.23673865669
0.01572057290 0.00388742246 0.23670659496 2496.03228889392 0.00000000000 0.00000000000 0.00000000000 0.00000000000 0.00000000000 0.00000000000 0.23673851429
0.01571818633 0.00388895930 0.23670642794 2496.06464197281 0.00000000000 0.00000000000 0.00000000000 0.00000000000 0.00000000000 0.00000000000 0.23673837254
0.01571581071 0.00389051309 0.23670626128 2495.97236610448 0.00000000000 0.00000000000 0.00000000000 0.00000000000 0.00000000000 0.00000000000 0.23673823143
0.01571344616 0.00389208374 0.23670609500 2496.00598148108 0.00000000000 0.00000000000 0.00000000000 0.00000000000 0.00000000000 0.00000000000 0.23673809099
0.01571109280 0.00389367119 0.23670592909 2495.91493439841 0.00000000000 0.00000000000 0.00000000000 0.00000000000 0.00000000000 0.00000000000 0.23673795120
0.01570875075 0.00389527535 0.23670576357 2495.94983251716 0.00000000000 0.00000000000 0.00000000000 0.00000000000 0.00000000000 0.00000000000 0.23673781209
0.01570642013 0.00389689614 0.23670559844 2495.86003394938 0.00000000000 0.00000000000 0.00000000000 0.00000000000 0.00000000000 0.00000000000 0.23673767366
0.01570410105 0.00389853348 0.23670543371 2495.89623555855 0.00000000000 0.00000000000 0.00000000000 0.00000000000 0.00000000000 0.00000000000 0.23673753592
0.01570179364 0.00390018728 0.23670526940 2495.80769949304 0.00000000000 0.00000000000 0.00000000000 0.00000000000 0.00000000000 0.00000000000 0.23673739886
0.01569949801 0.00390185747 0.23670510550 2495.84521912252 0.00000000000 0.00000000000 0.00000000000 0.00000000000 0.00000000000 0.00000000000 0.23673726251
0.01569721427 0.00390354395 0.23670494203 2495.75797086548 0.00000000000 0.00000000000 0.00000000000 0.00000000000 0.00000000000 0.00000000000 0.23673712686
0.01569494254 0.00390524665 0.23670477899 2495.79683541258 0.00000000000 0.00000000000 0.00000000000 0.00000000000 0.00000000000 0.00000000000 0.23673699193
0.01569268293 0.00390696548 0.23670461639 2495.71086027205 0.00000000000 0.00000000000 0.00000000000 0.00000000000 0.00000000000 0.00000000000 0.23673685772
0.01569043557 0.00390870035 0.23670445425 2495.75105526553 0.00000000000 0.00000000000 0.00000000000 0.00000000000 0.00000000000 0.00000000000 0.23673672423
0.01568820056 0.00391045117 0.23670429256 2495.66648492570 0.00000000000 0.00000000000 0.00000000000 0.00000000000 0.00000000000 0.00000000000 0.23673659148
0.01568597801 0.00391221785 0.23670413134 2495.70814357748 0.00000000000 0.00000000000 0.00000000000 0.00000000000 0.00000000000 0.00000000000 0.23673645947
0.01568376804 0.00391400032 0.23670397059 2495.62455264206 0.00000000000 0.00000000000 0.00000000000 0.00000000000 0.00000000000 0.00000000000 0.23673632820
0.01568157076 0.00391579846 0.23670381032 2495.66724864366 0.00000000000 0.00000000000 0.00000000000 0.00000000000 0.00000000000 0.00000000000 0.23673619769
0.01567938628 0.00391761221 0.23670365054 2495.58629288553 0.00000000000 0.00000000000 0.00000000000 0.00000000000 0.00000000000 0.00000000000 0.23673606794
0.01567721472 0.00391944146 0.23670349125 2495.63168825089 0.00000000000 0.00000000000 0.00000000000 0.00000000000 0.00000000000 0.00000000000 0.23673593895
0.01567505617 0.00392128612 0.23670333247 2495.54262681529 0.00000000000 0.00000000000 0.00000000000 0.00000000000 0.00000000000 0.00000000000 0.23673581074
0.01567291075 0.00392314610 0.23670317420 2495.57462211116 0.00000000000 0.00000000000 0.00000000000 0.00000000000 0.00000000000 0.00000000000 0.23673568331
0.01567077857 0.00392502131 0.23670301645 2495.52051018345 0.00000000000 0.00000000000 0.00000000000 0.00000000000 0.00000000000 0.00000000000 0.23673555666
0.01566865974 0.00392691165 0.23670285922 2495.60703856438 0.00000000000 0.00000000000 0.00000000000 0.00000000000 0.00000000000 0.00000000000 0.23673543081
0.01566655436 0.00392881703 0.23670270253 2495.47453361689 0.00000000000 0.00000000000 0.00000000000 0.00000000000 0.00000000000 0.00000000000 0.23673530575
0.01566446254 0.00393073734 0.23670254639 2495.46770240373 0.00000000000 0.00000000000 0.00000000000 0.00000000000 0.00000000000 0.00000000000 0.23673518151
0.01566238439 0.00393267249 0.23670239080 2495.58670855227 0.00000000000 0.00000000000 0.00000000000 0.00000000000 0.00000000000 0.00000000000 0.23673505808
0.01566032002 0.00393462238 0.23670223577 2495.83148848258 0.00000000000 0.00000000000 0.00000000000 0.00000000000 0.00000000000 0.00000000000 0.23673493547
