VARIABLES=
"CoordinateX"
"CoordinateY"
"CoordinateZ"
"Kappa1"
"Kappa2"
"dy"
"dz"
"d2x"
"d2y"
"d2z"
"R"
ZONE T="Konrollpunkte"
I=101, J=1, K=1
0.00776861043 0.01908295855 0.23549812466 0.00000000000 0.00000000000 0.00000000000 0.00000000000 0.00000000000 0.00000000000 0.00000000000 0.00000000000
0.00788212609 0.01915464738 0.23549886899 0.00000000000 0.00000000000 0.00000000000 0.00000000000 0.00000000000 0.00000000000 0.00000000000 0.00000000000
0.00805876245 0.01925577683 0.23550083658 0.00000000000 0.00000000000 0.00000000000 0.00000000000 0.00000000000 0.00000000000 0.00000000000 0.00000000000
0.00830174562 0.01938181817 0.23550454926 0.00000000000 0.00000000000 0.00000000000 0.00000000000 0.00000000000 0.00000000000 0.00000000000 0.00000000000
0.00848710546 0.01947131317 0.23550794847 0.00000000000 0.00000000000 0.00000000000 0.00000000000 0.00000000000 0.00000000000 0.00000000000 0.00000000000
0.00867467505 0.01955516229 0.23551203696 0.00000000000 0.00000000000 0.00000000000 0.00000000000 0.00000000000 0.00000000000 0.00000000000 0.00000000000
0.00886429668 0.01963348962 0.23551667717 0.00000000000 0.00000000000 0.00000000000 0.00000000000 0.00000000000 0.00000000000 0.00000000000 0.00000000000
0.00905593952 0.01970636409 0.23552186700 0.00000000000 0.00000000000 0.00000000000 0.00000000000 0.00000000000 0.00000000000 0.00000000000 0.00000000000
0.00924952160 0.01977380741 0.23552760485 0.00000000000 0.00000000000 0.00000000000 0.00000000000 0.00000000000 0.00000000000 0.00000000000 0.00000000000
0.00944490473 0.01983582702 0.23553388660 0.00000000000 0.00000000000 0.00000000000 0.00000000000 0.00000000000 0.00000000000 0.00000000000 0.00000000000
0.00964193250 0.01989241338 0.23554070811 0.00000000000 0.00000000000 0.00000000000 0.00000000000 0.00000000000 0.00000000000 0.00000000000 0.00000000000
0.00984044621 0.01994355903 0.23554806455 0.00000000000 0.00000000000 0.00000000000 0.00000000000 0.00000000000 0.00000000000 0.00000000000 0.00000000000
0.01004028780 0.01998925454 0.23555595094 0.00000000000 0.00000000000 0.00000000000 0.00000000000 0.00000000000 0.00000000000 0.00000000000 0.00000000000
0.01024130124 0.02002949038 0.23556436203 0.00000000000 0.00000000000 0.00000000000 0.00000000000 0.00000000000 0.00000000000 0.00000000000 0.00000000000
0.01044333248 0.02006425495 0.23557329250 0.00000000000 0.00000000000 0.00000000000 0.00000000000 0.00000000000 0.00000000000 0.00000000000 0.00000000000
0.01064622940 0.02009353816 0.23558273662 0.00000000000 0.00000000000 0.00000000000 0.00000000000 0.00000000000 0.00000000000 0.00000000000 0.00000000000
0.01084984207 0.02011733711 0.23559268781 0.00000000000 0.00000000000 0.00000000000 0.00000000000 0.00000000000 0.00000000000 0.00000000000 0.00000000000
0.01105402234 0.02013565694 0.23560313852 0.00000000000 0.00000000000 0.00000000000 0.00000000000 0.00000000000 0.00000000000 0.00000000000 0.00000000000
0.01125862107 0.02014852212 0.23561409303 0.00000000000 0.00000000000 0.00000000000 0.00000000000 0.00000000000 0.00000000000 0.00000000000 0.00000000000
0.01146348619 0.02015597400 0.23562562894 0.00000000000 0.00000000000 0.00000000000 0.00000000000 0.00000000000 0.00000000000 0.00000000000 0.00000000000
0.01166847968 0.02015805669 0.23563763169 0.00000000000 0.00000000000 0.00000000000 0.00000000000 0.00000000000 0.00000000000 0.00000000000 0.00000000000
0.01187346016 0.02015481863 0.23565008879 0.00000000000 0.00000000000 0.00000000000 0.00000000000 0.00000000000 0.00000000000 0.00000000000 0.00000000000
0.01207828974 0.02014631080 0.23566298741 0.00000000000 0.00000000000 0.00000000000 0.00000000000 0.00000000000 0.00000000000 0.00000000000 0.00000000000
0.01228283371 0.02013258397 0.23567631456 0.00000000000 0.00000000000 0.00000000000 0.00000000000 0.00000000000 0.00000000000 0.00000000000 0.00000000000
0.01248696111 0.02011369292 0.23569005680 0.00000000000 0.00000000000 0.00000000000 0.00000000000 0.00000000000 0.00000000000 0.00000000000 0.00000000000
0.01269054313 0.02008968765 0.23570420088 0.00000000000 0.00000000000 0.00000000000 0.00000000000 0.00000000000 0.00000000000 0.00000000000 0.00000000000
0.01289345625 0.02006062605 0.23571873292 0.00000000000 0.00000000000 0.00000000000 0.00000000000 0.00000000000 0.00000000000 0.00000000000 0.00000000000
0.01309558270 0.02002656709 0.23573363894 0.00000000000 0.00000000000 0.00000000000 0.00000000000 0.00000000000 0.00000000000 0.00000000000 0.00000000000
0.01329681144 0.01998758030 0.23574890422 0.00000000000 0.00000000000 0.00000000000 0.00000000000 0.00000000000 0.00000000000 0.00000000000 0.00000000000
0.01349704341 0.01994376952 0.23576451157 0.00000000000 0.00000000000 0.00000000000 0.00000000000 0.00000000000 0.00000000000 0.00000000000 0.00000000000
0.01369619049 0.01989526008 0.23578044240 0.00000000000 0.00000000000 0.00000000000 0.00000000000 0.00000000000 0.00000000000 0.00000000000 0.00000000000
0.01389417233 0.01984218629 0.23579667766 0.00000000000 0.00000000000 0.00000000000 0.00000000000 0.00000000000 0.00000000000 0.00000000000 0.00000000000
0.01409091521 0.01978468799 0.23581320736 0.00000000000 0.00000000000 0.00000000000 0.00000000000 0.00000000000 0.00000000000 0.00000000000 0.00000000000
0.01428635224 0.01972290436 0.23583003170 0.00000000000 0.00000000000 0.00000000000 0.00000000000 0.00000000000 0.00000000000 0.00000000000 0.00000000000
0.01448042682 0.01965697231 0.23584710382 0.00000000000 0.00000000000 0.00000000000 0.00000000000 0.00000000000 0.00000000000 0.00000000000 0.00000000000
0.01467308761 0.01958702622 0.23586440594 0.00000000000 0.00000000000 0.00000000000 0.00000000000 0.00000000000 0.00000000000 0.00000000000 0.00000000000
0.01486428977 0.01951319705 0.23588192093 0.00000000000 0.00000000000 0.00000000000 0.00000000000 0.00000000000 0.00000000000 0.00000000000 0.00000000000
0.01505399438 0.01943561259 0.23589963224 0.00000000000 0.00000000000 0.00000000000 0.00000000000 0.00000000000 0.00000000000 0.00000000000 0.00000000000
0.01524216760 0.01935439628 0.23591752395 0.00000000000 0.00000000000 0.00000000000 0.00000000000 0.00000000000 0.00000000000 0.00000000000 0.00000000000
0.01542878058 0.01926966786 0.23593558077 0.00000000000 0.00000000000 0.00000000000 0.00000000000 0.00000000000 0.00000000000 0.00000000000 0.00000000000
0.01561380978 0.01918154432 0.23595378796 0.00000000000 0.00000000000 0.00000000000 0.00000000000 0.00000000000 0.00000000000 0.00000000000 0.00000000000
0.01579723657 0.01909013972 0.23597213130 0.00000000000 0.00000000000 0.00000000000 0.00000000000 0.00000000000 0.00000000000 0.00000000000 0.00000000000
0.01597904700 0.01899556655 0.23599059708 0.00000000000 0.00000000000 0.00000000000 0.00000000000 0.00000000000 0.00000000000 0.00000000000 0.00000000000
0.01615923175 0.01889793581 0.23600917198 0.00000000000 0.00000000000 0.00000000000 0.00000000000 0.00000000000 0.00000000000 0.00000000000 0.00000000000
0.01633778530 0.01879735627 0.23602784320 0.00000000000 0.00000000000 0.00000000000 0.00000000000 0.00000000000 0.00000000000 0.00000000000 0.00000000000
0.01651470602 0.01869393431 0.23604659839 0.00000000000 0.00000000000 0.00000000000 0.00000000000 0.00000000000 0.00000000000 0.00000000000 0.00000000000
0.01668999578 0.01858777397 0.23606542571 0.00000000000 0.00000000000 0.00000000000 0.00000000000 0.00000000000 0.00000000000 0.00000000000 0.00000000000
0.01686365982 0.01847897592 0.23608431097 0.00000000000 0.00000000000 0.00000000000 0.00000000000 0.00000000000 0.00000000000 0.00000000000 0.00000000000
0.01703570846 0.01836763863 0.23610320874 0.00000000000 0.00000000000 0.00000000000 0.00000000000 0.00000000000 0.00000000000 0.00000000000 0.00000000000
0.01720614964 0.01825385658 0.23612214655 0.00000000000 0.00000000000 0.00000000000 0.00000000000 0.00000000000 0.00000000000 0.00000000000 0.00000000000
0.01737499660 0.01813772249 0.23614111453 0.00000000000 0.00000000000 0.00000000000 0.00000000000 0.00000000000 0.00000000000 0.00000000000 0.00000000000
0.01754226151 0.01801932212 0.23616010336 0.00000000000 0.00000000000 0.00000000000 0.00000000000 0.00000000000 0.00000000000 0.00000000000 0.00000000000
0.01770795545 0.01789873483 0.23617910425 0.00000000000 0.00000000000 0.00000000000 0.00000000000 0.00000000000 0.00000000000 0.00000000000 0.00000000000
0.01787209005 0.01777603556 0.23619810890 0.00000000000 0.00000000000 0.00000000000 0.00000000000 0.00000000000 0.00000000000 0.00000000000 0.00000000000
0.01803467529 0.01765129153 0.23621710957 0.00000000000 0.00000000000 0.00000000000 0.00000000000 0.00000000000 0.00000000000 0.00000000000 0.00000000000
0.01819572254 0.01752456803 0.23623609885 0.00000000000 0.00000000000 0.00000000000 0.00000000000 0.00000000000 0.00000000000 0.00000000000 0.00000000000
0.01835524496 0.01739592902 0.23625506960 0.00000000000 0.00000000000 0.00000000000 0.00000000000 0.00000000000 0.00000000000 0.00000000000 0.00000000000
0.01851325716 0.01726543716 0.23627401499 0.00000000000 0.00000000000 0.00000000000 0.00000000000 0.00000000000 0.00000000000 0.00000000000 0.00000000000
0.01866977514 0.01713315357 0.23629292845 0.00000000000 0.00000000000 0.00000000000 0.00000000000 0.00000000000 0.00000000000 0.00000000000 0.00000000000
0.01882481651 0.01699913837 0.23631180369 0.00000000000 0.00000000000 0.00000000000 0.00000000000 0.00000000000 0.00000000000 0.00000000000 0.00000000000
0.01897839957 0.01686344967 0.23633063471 0.00000000000 0.00000000000 0.00000000000 0.00000000000 0.00000000000 0.00000000000 0.00000000000 0.00000000000
0.01913054472 0.01672614524 0.23634941575 0.00000000000 0.00000000000 0.00000000000 0.00000000000 0.00000000000 0.00000000000 0.00000000000 0.00000000000
0.01928127119 0.01658727969 0.23636814130 0.00000000000 0.00000000000 0.00000000000 0.00000000000 0.00000000000 0.00000000000 0.00000000000 0.00000000000
0.01943059775 0.01644690559 0.23638680607 0.00000000000 0.00000000000 0.00000000000 0.00000000000 0.00000000000 0.00000000000 0.00000000000 0.00000000000
0.01957854199 0.01630507220 0.23640540502 0.00000000000 0.00000000000 0.00000000000 0.00000000000 0.00000000000 0.00000000000 0.00000000000 0.00000000000
0.01972511992 0.01616182215 0.23642389401 0.00000000000 0.00000000000 0.00000000000 0.00000000000 0.00000000000 0.00000000000 0.00000000000 0.00000000000
0.01987034450 0.01601719461 0.23644225960 0.00000000000 0.00000000000 0.00000000000 0.00000000000 0.00000000000 0.00000000000 0.00000000000 0.00000000000
0.02001422596 0.01587122738 0.23646054671 0.00000000000 0.00000000000 0.00000000000 0.00000000000 0.00000000000 0.00000000000 0.00000000000 0.00000000000
0.02015677789 0.01572395682 0.23647875125 0.00000000000 0.00000000000 0.00000000000 0.00000000000 0.00000000000 0.00000000000 0.00000000000 0.00000000000
0.02029801449 0.01557541850 0.23649686927 0.00000000000 0.00000000000 0.00000000000 0.00000000000 0.00000000000 0.00000000000 0.00000000000 0.00000000000
0.02043795080 0.01542564735 0.23651489702 0.00000000000 0.00000000000 0.00000000000 0.00000000000 0.00000000000 0.00000000000 0.00000000000 0.00000000000
0.02057660233 0.01527467746 0.23653283088 0.00000000000 0.00000000000 0.00000000000 0.00000000000 0.00000000000 0.00000000000 0.00000000000 0.00000000000
0.02071398513 0.01512254245 0.23655066734 0.00000000000 0.00000000000 0.00000000000 0.00000000000 0.00000000000 0.00000000000 0.00000000000 0.00000000000
0.02085011522 0.01496927553 0.23656840302 0.00000000000 0.00000000000 0.00000000000 0.00000000000 0.00000000000 0.00000000000 0.00000000000 0.00000000000
0.02098500819 0.01481490969 0.23658603458 0.00000000000 0.00000000000 0.00000000000 0.00000000000 0.00000000000 0.00000000000 0.00000000000 0.00000000000
0.02111867943 0.01465947774 0.23660355876 0.00000000000 0.00000000000 0.00000000000 0.00000000000 0.00000000000 0.00000000000 0.00000000000 0.00000000000
0.02125114286 0.01450301050 0.23662097240 0.00000000000 0.00000000000 0.00000000000 0.00000000000 0.00000000000 0.00000000000 0.00000000000 0.00000000000
0.02138241137 0.01434553647 0.23663827249 0.00000000000 0.00000000000 0.00000000000 0.00000000000 0.00000000000 0.00000000000 0.00000000000 0.00000000000
0.02151249843 0.01418708262 0.23665545621 0.00000000000 0.00000000000 0.00000000000 0.00000000000 0.00000000000 0.00000000000 0.00000000000 0.00000000000
0.02164141782 0.01402767408 0.23667252094 0.00000000000 0.00000000000 0.00000000000 0.00000000000 0.00000000000 0.00000000000 0.00000000000 0.00000000000
0.02176918380 0.01386733496 0.23668946419 0.00000000000 0.00000000000 0.00000000000 0.00000000000 0.00000000000 0.00000000000 0.00000000000 0.00000000000
0.02189581119 0.01370608903 0.23670628357 0.00000000000 0.00000000000 0.00000000000 0.00000000000 0.00000000000 0.00000000000 0.00000000000 0.00000000000
0.02202131498 0.01354395966 0.23672297681 0.00000000000 0.00000000000 0.00000000000 0.00000000000 0.00000000000 0.00000000000 0.00000000000 0.00000000000
0.02214571036 0.01338097002 0.23673954167 0.00000000000 0.00000000000 0.00000000000 0.00000000000 0.00000000000 0.00000000000 0.00000000000 0.00000000000
0.02226901258 0.01321714309 0.23675597603 0.00000000000 0.00000000000 0.00000000000 0.00000000000 0.00000000000 0.00000000000 0.00000000000 0.00000000000
0.02239123683 0.01305250176 0.23677227780 0.00000000000 0.00000000000 0.00000000000 0.00000000000 0.00000000000 0.00000000000 0.00000000000 0.00000000000
0.02251240091 0.01288706904 0.23678840124 0.00000000000 0.00000000000 0.00000000000 0.00000000000 0.00000000000 0.00000000000 0.00000000000 0.00000000000
0.02263252117 0.01272086726 0.23680431223 0.00000000000 0.00000000000 0.00000000000 0.00000000000 0.00000000000 0.00000000000 0.00000000000 0.00000000000
0.02275160658 0.01255391748 0.23682008572 0.00000000000 0.00000000000 0.00000000000 0.00000000000 0.00000000000 0.00000000000 0.00000000000 0.00000000000
0.02286967025 0.01238623944 0.23683571987 0.00000000000 0.00000000000 0.00000000000 0.00000000000 0.00000000000 0.00000000000 0.00000000000 0.00000000000
0.02298672488 0.01221785121 0.23685121296 0.00000000000 0.00000000000 0.00000000000 0.00000000000 0.00000000000 0.00000000000 0.00000000000 0.00000000000
0.02310278284 0.01204876964 0.23686656334 0.00000000000 0.00000000000 0.00000000000 0.00000000000 0.00000000000 0.00000000000 0.00000000000 0.00000000000
0.02321785682 0.01187901125 0.23688176946 0.00000000000 0.00000000000 0.00000000000 0.00000000000 0.00000000000 0.00000000000 0.00000000000 0.00000000000
0.02333195950 0.01170859302 0.23689682978 0.00000000000 0.00000000000 0.00000000000 0.00000000000 0.00000000000 0.00000000000 0.00000000000 0.00000000000
0.02344510257 0.01153753235 0.23691174273 0.00000000000 0.00000000000 0.00000000000 0.00000000000 0.00000000000 0.00000000000 0.00000000000 0.00000000000
0.02355729418 0.01136585367 0.23692650623 0.00000000000 0.00000000000 0.00000000000 0.00000000000 0.00000000000 0.00000000000 0.00000000000 0.00000000000
0.02366852199 0.01119361351 0.23694111558 0.00000000000 0.00000000000 0.00000000000 0.00000000000 0.00000000000 0.00000000000 0.00000000000 0.00000000000
0.02377871091 0.01102096192 0.23695555828 0.00000000000 0.00000000000 0.00000000000 0.00000000000 0.00000000000 0.00000000000 0.00000000000 0.00000000000
0.02392375905 0.01079104032 0.23697449789 0.00000000000 0.00000000000 0.00000000000 0.00000000000 0.00000000000 0.00000000000 0.00000000000 0.00000000000
0.02403064488 0.01061893627 0.23698843081 0.00000000000 0.00000000000 0.00000000000 0.00000000000 0.00000000000 0.00000000000 0.00000000000 0.00000000000
0.02410047831 0.01050512097 0.23699752678 0.00000000000 0.00000000000 0.00000000000 0.00000000000 0.00000000000 0.00000000000 0.00000000000 0.00000000000
ZONE T="NURB"
I=201, J=1, K=1
0.00776861043 0.01908295855 0.23549812466 217.86169705840 0.00000000000 0.00000000000 0.00000000000 0.00000000000 0.00000000000 0.00000000000 0.23627002777
0.00785513679 0.01913632175 0.23549879145 196.11579096465 0.00000000000 0.00000000000 0.00000000000 0.00000000000 0.00000000000 0.00000000000 0.23627500838
0.00794303839 0.01918814868 0.23549965372 175.03985334329 0.00000000000 0.00000000000 0.00000000000 0.00000000000 0.00000000000 0.00000000000 0.23628007100
0.00803215639 0.01923857489 0.23550069181 154.62634574676 0.00000000000 0.00000000000 0.00000000000 0.00000000000 0.00000000000 0.00000000000 0.23628520607
0.00812233194 0.01928773592 0.23550188608 135.47544149046 0.00000000000 0.00000000000 0.00000000000 0.00000000000 0.00000000000 0.00000000000 0.23629040417
0.00821340904 0.01933572311 0.23550322175 137.46528926204 0.00000000000 0.00000000000 0.00000000000 0.00000000000 0.00000000000 0.00000000000 0.23629565727
0.00830524207 0.01938246638 0.23550470197 140.24865089127 0.00000000000 0.00000000000 0.00000000000 0.00000000000 0.00000000000 0.00000000000 0.23630096202
0.00839770475 0.01942787087 0.23550633446 142.01412464239 0.00000000000 0.00000000000 0.00000000000 0.00000000000 0.00000000000 0.00000000000 0.23630631760
0.00849073208 0.01947188541 0.23550812890 143.91302843037 0.00000000000 0.00000000000 0.00000000000 0.00000000000 0.00000000000 0.00000000000 0.23631172865
0.00858428106 0.01951448045 0.23551009035 142.04752228864 0.00000000000 0.00000000000 0.00000000000 0.00000000000 0.00000000000 0.00000000000 0.23631719701
0.00867833810 0.01955566881 0.23551220585 140.13184803209 0.00000000000 0.00000000000 0.00000000000 0.00000000000 0.00000000000 0.00000000000 0.23632271006
0.00877289759 0.01959547071 0.23551446150 139.49915718277 0.00000000000 0.00000000000 0.00000000000 0.00000000000 0.00000000000 0.00000000000 0.23632825487
0.00886795891 0.01963389860 0.23551685459 138.76570560594 0.00000000000 0.00000000000 0.00000000000 0.00000000000 0.00000000000 0.00000000000 0.23633382908
0.00896352074 0.01967096180 0.23551938494 138.27337732939 0.00000000000 0.00000000000 0.00000000000 0.00000000000 0.00000000000 0.00000000000 0.23633943264
0.00905957541 0.01970666462 0.23552205238 137.73495213844 0.00000000000 0.00000000000 0.00000000000 0.00000000000 0.00000000000 0.00000000000 0.23634506508
0.00915611234 0.01974100989 0.23552485667 137.11681315481 0.00000000000 0.00000000000 0.00000000000 0.00000000000 0.00000000000 0.00000000000 0.23635072579
0.00925311566 0.01977399893 0.23552779735 136.50607643299 0.00000000000 0.00000000000 0.00000000000 0.00000000000 0.00000000000 0.00000000000 0.23635641383
0.00935056786 0.01980563235 0.23553087392 136.02816618998 0.00000000000 0.00000000000 0.00000000000 0.00000000000 0.00000000000 0.00000000000 0.23636212819
0.00944844976 0.01983590929 0.23553408584 135.57075807731 0.00000000000 0.00000000000 0.00000000000 0.00000000000 0.00000000000 0.00000000000 0.23636786772
0.00954674178 0.01986482861 0.23553743260 135.10531838723 0.00000000000 0.00000000000 0.00000000000 0.00000000000 0.00000000000 0.00000000000 0.23637363130
0.00964542410 0.01989238935 0.23554091360 134.66501432684 0.00000000000 0.00000000000 0.00000000000 0.00000000000 0.00000000000 0.00000000000 0.23637941775
0.00974447690 0.01991859052 0.23554452824 134.27269212355 0.00000000000 0.00000000000 0.00000000000 0.00000000000 0.00000000000 0.00000000000 0.23638522591
0.00984388040 0.01994343098 0.23554827588 133.90620415185 0.00000000000 0.00000000000 0.00000000000 0.00000000000 0.00000000000 0.00000000000 0.23639105463
0.00994361490 0.01996690957 0.23555215590 133.57188661203 0.00000000000 0.00000000000 0.00000000000 0.00000000000 0.00000000000 0.00000000000 0.23639690274
0.01004366085 0.01998902509 0.23555616765 133.26380528350 0.00000000000 0.00000000000 0.00000000000 0.00000000000 0.00000000000 0.00000000000 0.23640276911
0.01014399883 0.02000977633 0.23556031047 133.00827579382 0.00000000000 0.00000000000 0.00000000000 0.00000000000 0.00000000000 0.00000000000 0.23640865259
0.01024460959 0.02002916188 0.23556458370 132.77739215431 0.00000000000 0.00000000000 0.00000000000 0.00000000000 0.00000000000 0.00000000000 0.23641455205
0.01034547398 0.02004718035 0.23556898667 132.55847260997 0.00000000000 0.00000000000 0.00000000000 0.00000000000 0.00000000000 0.00000000000 0.23642046637
0.01044657300 0.02006383046 0.23557351866 132.36133675744 0.00000000000 0.00000000000 0.00000000000 0.00000000000 0.00000000000 0.00000000000 0.23642639444
0.01054788777 0.02007911113 0.23557817896 132.10976026090 0.00000000000 0.00000000000 0.00000000000 0.00000000000 0.00000000000 0.00000000000 0.23643233515
0.01064939957 0.02009302187 0.23558296675 131.87823966206 0.00000000000 0.00000000000 0.00000000000 0.00000000000 0.00000000000 0.00000000000 0.23643828740
0.01075108979 0.02010556250 0.23558788119 131.57955080588 0.00000000000 0.00000000000 0.00000000000 0.00000000000 0.00000000000 0.00000000000 0.23644425010
0.01085293992 0.02011673351 0.23559292137 131.29652430624 0.00000000000 0.00000000000 0.00000000000 0.00000000000 0.00000000000 0.00000000000 0.23645022217
0.01095493147 0.02012653598 0.23559808660 130.82635307780 0.00000000000 0.00000000000 0.00000000000 0.00000000000 0.00000000000 0.00000000000 0.23645620284
0.01105704585 0.02013497260 0.23560337721 130.37528302760 0.00000000000 0.00000000000 0.00000000000 0.00000000000 0.00000000000 0.00000000000 0.23646219248
0.01115926438 0.02014204679 0.23560879538 129.83322366332 0.00000000000 0.00000000000 0.00000000000 0.00000000000 0.00000000000 0.00000000000 0.23646819344
0.01126156810 0.02014776338 0.23561434942 129.31505037400 0.00000000000 0.00000000000 0.00000000000 0.00000000000 0.00000000000 0.00000000000 0.23647421428
0.01136393831 0.02015212761 0.23562004466 128.56883896721 0.00000000000 0.00000000000 0.00000000000 0.00000000000 0.00000000000 0.00000000000 0.23648026068
0.01146635749 0.02015514492 0.23562587047 127.85788960009 0.00000000000 0.00000000000 0.00000000000 0.00000000000 0.00000000000 0.00000000000 0.23648632244
0.01156880826 0.02015682090 0.23563181483 127.22581976466 0.00000000000 0.00000000000 0.00000000000 0.00000000000 0.00000000000 0.00000000000 0.23649238802
0.01167127298 0.02015716153 0.23563787424 126.61586251916 0.00000000000 0.00000000000 0.00000000000 0.00000000000 0.00000000000 0.00000000000 0.23649845441
0.01177373401 0.02015617291 0.23564404713 125.99803087109 0.00000000000 0.00000000000 0.00000000000 0.00000000000 0.00000000000 0.00000000000 0.23650452057
0.01187617401 0.02015386136 0.23565033189 125.40286557204 0.00000000000 0.00000000000 0.00000000000 0.00000000000 0.00000000000 0.00000000000 0.23651058548
0.01197857575 0.02015023326 0.23565672691 124.83091573120 0.00000000000 0.00000000000 0.00000000000 0.00000000000 0.00000000000 0.00000000000 0.23651664812
0.01208092230 0.02014529495 0.23566323057 124.27989541753 0.00000000000 0.00000000000 0.00000000000 0.00000000000 0.00000000000 0.00000000000 0.23652270748
0.01218319689 0.02013905288 0.23566984124 123.70097199658 0.00000000000 0.00000000000 0.00000000000 0.00000000000 0.00000000000 0.00000000000 0.23652876257
0.01228538305 0.02013151382 0.23567655724 123.14506319849 0.00000000000 0.00000000000 0.00000000000 0.00000000000 0.00000000000 0.00000000000 0.23653481241
0.01238746446 0.02012268453 0.23568337689 122.66412882891 0.00000000000 0.00000000000 0.00000000000 0.00000000000 0.00000000000 0.00000000000 0.23654085604
0.01248942502 0.02011257135 0.23569029855 122.20189944386 0.00000000000 0.00000000000 0.00000000000 0.00000000000 0.00000000000 0.00000000000 0.23654689251
0.01259124880 0.02010118069 0.23569732054 121.66230993575 0.00000000000 0.00000000000 0.00000000000 0.00000000000 0.00000000000 0.00000000000 0.23655292087
0.01269292034 0.02008851965 0.23570444114 121.14200817655 0.00000000000 0.00000000000 0.00000000000 0.00000000000 0.00000000000 0.00000000000 0.23655894021
0.01279442442 0.02007459546 0.23571165862 120.62049922092 0.00000000000 0.00000000000 0.00000000000 0.00000000000 0.00000000000 0.00000000000 0.23656494963
0.01289574632 0.02005941548 0.23571897125 120.11355485786 0.00000000000 0.00000000000 0.00000000000 0.00000000000 0.00000000000 0.00000000000 0.23657094825
0.01299687156 0.02004298726 0.23572637727 119.49097540865 0.00000000000 0.00000000000 0.00000000000 0.00000000000 0.00000000000 0.00000000000 0.23657693522
0.01309778623 0.02002531929 0.23573387487 118.87502023510 0.00000000000 0.00000000000 0.00000000000 0.00000000000 0.00000000000 0.00000000000 0.23658290972
0.01319847682 0.02000642098 0.23574146215 117.85990186557 0.00000000000 0.00000000000 0.00000000000 0.00000000000 0.00000000000 0.00000000000 0.23658887095
0.01329893075 0.01998630463 0.23574913701 116.85435942234 0.00000000000 0.00000000000 0.00000000000 0.00000000000 0.00000000000 0.00000000000 0.23659481815
0.01339913595 0.01996498364 0.23575689730 115.59426774091 0.00000000000 0.00000000000 0.00000000000 0.00000000000 0.00000000000 0.00000000000 0.23660075062
0.01349908120 0.01994247325 0.23576474071 114.34695125116 0.00000000000 0.00000000000 0.00000000000 0.00000000000 0.00000000000 0.00000000000 0.23660666770
0.01359875567 0.01991878930 0.23577266491 112.99339835459 0.00000000000 0.00000000000 0.00000000000 0.00000000000 0.00000000000 0.00000000000 0.23661256874
0.01369814912 0.01989394839 0.23578066753 111.65409683533 0.00000000000 0.00000000000 0.00000000000 0.00000000000 0.00000000000 0.00000000000 0.23661845313
0.01379725164 0.01986796740 0.23578874640 110.25604184745 0.00000000000 0.00000000000 0.00000000000 0.00000000000 0.00000000000 0.00000000000 0.23662432051
0.01389605384 0.01984086371 0.23579690007 108.87387777078 0.00000000000 0.00000000000 0.00000000000 0.00000000000 0.00000000000 0.00000000000 0.23663017127
0.01399454662 0.01981265476 0.23580512754 107.49983813438 0.00000000000 0.00000000000 0.00000000000 0.00000000000 0.00000000000 0.00000000000 0.23663600627
0.01409272143 0.01978335796 0.23581342861 106.14016237114 0.00000000000 0.00000000000 0.00000000000 0.00000000000 0.00000000000 0.00000000000 0.23664182717
0.01419057011 0.01975299066 0.23582180228 104.74980279029 0.00000000000 0.00000000000 0.00000000000 0.00000000000 0.00000000000 0.00000000000 0.23664763483
0.01428808532 0.01972157001 0.23583024360 103.37575739121 0.00000000000 0.00000000000 0.00000000000 0.00000000000 0.00000000000 0.00000000000 0.23665342617
0.01438526007 0.01968911308 0.23583874735 102.04327978452 0.00000000000 0.00000000000 0.00000000000 0.00000000000 0.00000000000 0.00000000000 0.23665919785
0.01448208782 0.01965563671 0.23584731075 100.72391617064 0.00000000000 0.00000000000 0.00000000000 0.00000000000 0.00000000000 0.00000000000 0.23666494891
0.01457856226 0.01962115761 0.23585593159 99.42894018154 0.00000000000 0.00000000000 0.00000000000 0.00000000000 0.00000000000 0.00000000000 0.23667067898
0.01467467765 0.01958569224 0.23586460770 98.14583983954 0.00000000000 0.00000000000 0.00000000000 0.00000000000 0.00000000000 0.00000000000 0.23667638773
0.01477042849 0.01954925687 0.23587333698 96.88417727116 0.00000000000 0.00000000000 0.00000000000 0.00000000000 0.00000000000 0.00000000000 0.23668207482
0.01486580982 0.01951186753 0.23588211732 95.63363543803 0.00000000000 0.00000000000 0.00000000000 0.00000000000 0.00000000000 0.00000000000 0.23668773996
0.01496081691 0.01947354009 0.23589094669 94.41842170530 0.00000000000 0.00000000000 0.00000000000 0.00000000000 0.00000000000 0.00000000000 0.23669338287
0.01505544544 0.01943429005 0.23589982308 93.21321807928 0.00000000000 0.00000000000 0.00000000000 0.00000000000 0.00000000000 0.00000000000 0.23669900329
0.01514969134 0.01939413272 0.23590874453 92.03477352219 0.00000000000 0.00000000000 0.00000000000 0.00000000000 0.00000000000 0.00000000000 0.23670460099
0.01524355094 0.01935308313 0.23591770911 90.86523652316 0.00000000000 0.00000000000 0.00000000000 0.00000000000 0.00000000000 0.00000000000 0.23671017574
0.01533702080 0.01931115614 0.23592671493 89.70862742884 0.00000000000 0.00000000000 0.00000000000 0.00000000000 0.00000000000 0.00000000000 0.23671572734
0.01543009790 0.01926836640 0.23593576014 88.56012590369 0.00000000000 0.00000000000 0.00000000000 0.00000000000 0.00000000000 0.00000000000 0.23672125561
0.01552277946 0.01922472844 0.23594484292 87.42607652399 0.00000000000 0.00000000000 0.00000000000 0.00000000000 0.00000000000 0.00000000000 0.23672676039
0.01561506306 0.01918025656 0.23595396148 86.29921510215 0.00000000000 0.00000000000 0.00000000000 0.00000000000 0.00000000000 0.00000000000 0.23673224153
0.01570694648 0.01913496496 0.23596311406 85.17241021999 0.00000000000 0.00000000000 0.00000000000 0.00000000000 0.00000000000 0.00000000000 0.23673769890
0.01579842790 0.01908886771 0.23597229893 84.05234450856 0.00000000000 0.00000000000 0.00000000000 0.00000000000 0.00000000000 0.00000000000 0.23674313239
0.01588950567 0.01904197882 0.23598151440 82.92948890436 0.00000000000 0.00000000000 0.00000000000 0.00000000000 0.00000000000 0.00000000000 0.23674854190
0.01598017851 0.01899431219 0.23599075878 81.81313122344 0.00000000000 0.00000000000 0.00000000000 0.00000000000 0.00000000000 0.00000000000 0.23675392737
0.01607044534 0.01894588165 0.23600003043 80.70526824226 0.00000000000 0.00000000000 0.00000000000 0.00000000000 0.00000000000 0.00000000000 0.23675928872
0.01616030536 0.01889670083 0.23600932774 79.60355654632 0.00000000000 0.00000000000 0.00000000000 0.00000000000 0.00000000000 0.00000000000 0.23676462591
0.01624975796 0.01884678327 0.23601864910 78.51024979351 0.00000000000 0.00000000000 0.00000000000 0.00000000000 0.00000000000 0.00000000000 0.23676993890
0.01633880282 0.01879614232 0.23602799298 77.42262549113 0.00000000000 0.00000000000 0.00000000000 0.00000000000 0.00000000000 0.00000000000 0.23677522767
0.01642743981 0.01874479121 0.23603735784 76.34323418162 0.00000000000 0.00000000000 0.00000000000 0.00000000000 0.00000000000 0.00000000000 0.23678049221
0.01651566907 0.01869274301 0.23604674218 75.26929679571 0.00000000000 0.00000000000 0.00000000000 0.00000000000 0.00000000000 0.00000000000 0.23678573254
0.01660349088 0.01864001065 0.23605614448 74.21355006521 0.00000000000 0.00000000000 0.00000000000 0.00000000000 0.00000000000 0.00000000000 0.23679094861
0.01669090580 0.01858660678 0.23606556300 73.16244637995 0.00000000000 0.00000000000 0.00000000000 0.00000000000 0.00000000000 0.00000000000 0.23679614014
0.01677791459 0.01853254394 0.23607499530 72.10134768374 0.00000000000 0.00000000000 0.00000000000 0.00000000000 0.00000000000 0.00000000000 0.23680130614
0.01686451840 0.01847783449 0.23608443632 71.04898803844 0.00000000000 0.00000000000 0.00000000000 0.00000000000 0.00000000000 0.00000000000 0.23680644299
0.01695071846 0.01842249066 0.23609388196 70.06105363067 0.00000000000 0.00000000000 0.00000000000 0.00000000000 0.00000000000 0.00000000000 0.23681154799
0.01703651581 0.01836652433 0.23610333420 69.07829061137 0.00000000000 0.00000000000 0.00000000000 0.00000000000 0.00000000000 0.00000000000 0.23681662450
0.01712191156 0.01830994726 0.23611279568 68.07687730444 0.00000000000 0.00000000000 0.00000000000 0.00000000000 0.00000000000 0.00000000000 0.23682167648
0.01720690726 0.01825277106 0.23612226591 67.08002987632 0.00000000000 0.00000000000 0.00000000000 0.00000000000 0.00000000000 0.00000000000 0.23682670481
0.01729150456 0.01819500716 0.23613174367 66.16164334693 0.00000000000 0.00000000000 0.00000000000 0.00000000000 0.00000000000 0.00000000000 0.23683170956
0.01737570504 0.01813666639 0.23614122779 65.24746004650 0.00000000000 0.00000000000 0.00000000000 0.00000000000 0.00000000000 0.00000000000 0.23683669084
0.01745951022 0.01807775930 0.23615071712 64.40491801798 0.00000000000 0.00000000000 0.00000000000 0.00000000000 0.00000000000 0.00000000000 0.23684164873
0.01754292153 0.01801829591 0.23616021055 63.56603433684 0.00000000000 0.00000000000 0.00000000000 0.00000000000 0.00000000000 0.00000000000 0.23684658333
0.01762594038 0.01795828603 0.23616970701 62.76855957734 0.00000000000 0.00000000000 0.00000000000 0.00000000000 0.00000000000 0.00000000000 0.23685149471
0.01770856824 0.01789773909 0.23617920544 61.97489956687 0.00000000000 0.00000000000 0.00000000000 0.00000000000 0.00000000000 0.00000000000 0.23685638295
0.01779080653 0.01783666427 0.23618870482 61.26824397530 0.00000000000 0.00000000000 0.00000000000 0.00000000000 0.00000000000 0.00000000000 0.23686124815
0.01787265655 0.01777507012 0.23619820418 60.56416895516 0.00000000000 0.00000000000 0.00000000000 0.00000000000 0.00000000000 0.00000000000 0.23686609038
0.01795411956 0.01771296498 0.23620770255 59.87026799308 0.00000000000 0.00000000000 0.00000000000 0.00000000000 0.00000000000 0.00000000000 0.23687090972
0.01803519698 0.01765035705 0.23621719900 59.17868883899 0.00000000000 0.00000000000 0.00000000000 0.00000000000 0.00000000000 0.00000000000 0.23687570625
0.01811589024 0.01758725445 0.23622669262 58.48907338213 0.00000000000 0.00000000000 0.00000000000 0.00000000000 0.00000000000 0.00000000000 0.23688048005
0.01819620097 0.01752366519 0.23623618251 57.80161558043 0.00000000000 0.00000000000 0.00000000000 0.00000000000 0.00000000000 0.00000000000 0.23688523121
0.01827613083 0.01745959723 0.23624566778 57.11751207051 0.00000000000 0.00000000000 0.00000000000 0.00000000000 0.00000000000 0.00000000000 0.23688995985
0.01835568163 0.01739505842 0.23625514757 56.43546351146 0.00000000000 0.00000000000 0.00000000000 0.00000000000 0.00000000000 0.00000000000 0.23689466607
0.01843485521 0.01733005655 0.23626462104 55.75883082882 0.00000000000 0.00000000000 0.00000000000 0.00000000000 0.00000000000 0.00000000000 0.23689934997
0.01851365355 0.01726459928 0.23627408735 55.08406013047 0.00000000000 0.00000000000 0.00000000000 0.00000000000 0.00000000000 0.00000000000 0.23690401167
0.01859207869 0.01719869423 0.23628354571 54.40834588574 0.00000000000 0.00000000000 0.00000000000 0.00000000000 0.00000000000 0.00000000000 0.23690865129
0.01867013276 0.01713234893 0.23629299530 53.73451515304 0.00000000000 0.00000000000 0.00000000000 0.00000000000 0.00000000000 0.00000000000 0.23691326896
0.01874781799 0.01706557084 0.23630243536 53.07460187617 0.00000000000 0.00000000000 0.00000000000 0.00000000000 0.00000000000 0.00000000000 0.23691786481
0.01882513663 0.01699836728 0.23631186513 52.41628260935 0.00000000000 0.00000000000 0.00000000000 0.00000000000 0.00000000000 0.00000000000 0.23692243898
0.01890209100 0.01693074552 0.23632128385 51.74663249234 0.00000000000 0.00000000000 0.00000000000 0.00000000000 0.00000000000 0.00000000000 0.23692699159
0.01897868357 0.01686271279 0.23633069081 51.07883688694 0.00000000000 0.00000000000 0.00000000000 0.00000000000 0.00000000000 0.00000000000 0.23693152281
0.01905491684 0.01679427626 0.23634008527 50.44879061726 0.00000000000 0.00000000000 0.00000000000 0.00000000000 0.00000000000 0.00000000000 0.23693603276
0.01913079323 0.01672544283 0.23634946656 49.82048029115 0.00000000000 0.00000000000 0.00000000000 0.00000000000 0.00000000000 0.00000000000 0.23694052161
0.01920631511 0.01665621931 0.23635883398 49.21553936307 0.00000000000 0.00000000000 0.00000000000 0.00000000000 0.00000000000 0.00000000000 0.23694498949
0.01928148481 0.01658661232 0.23636818687 48.61242594117 0.00000000000 0.00000000000 0.00000000000 0.00000000000 0.00000000000 0.00000000000 0.23694943653
0.01935630465 0.01651662835 0.23637752456 48.04814578902 0.00000000000 0.00000000000 0.00000000000 0.00000000000 0.00000000000 0.00000000000 0.23695386287
0.01943077685 0.01644627362 0.23638684643 47.48580494562 0.00000000000 0.00000000000 0.00000000000 0.00000000000 0.00000000000 0.00000000000 0.23695826865
0.01950490359 0.01637555415 0.23639615102 47.01226520902 0.00000000000 0.00000000000 0.00000000000 0.00000000000 0.00000000000 0.00000000000 0.23696265316
0.01957868691 0.01630447538 0.23640543362 46.54629583882 0.00000000000 0.00000000000 0.00000000000 0.00000000000 0.00000000000 0.00000000000 0.23696701239
0.01965212876 0.01623304255 0.23641468936 46.11924884635 0.00000000000 0.00000000000 0.00000000000 0.00000000000 0.00000000000 0.00000000000 0.23697134218
0.01972523087 0.01616126058 0.23642391595 45.69384030838 0.00000000000 0.00000000000 0.00000000000 0.00000000000 0.00000000000 0.00000000000 0.23697564089
0.01979799480 0.01608913432 0.23643311293 45.26295880061 0.00000000000 0.00000000000 0.00000000000 0.00000000000 0.00000000000 0.00000000000 0.23697990871
0.01987042194 0.01601666848 0.23644228472 44.83854404857 0.00000000000 0.00000000000 0.00000000000 0.00000000000 0.00000000000 0.00000000000 0.23698415068
0.01994251367 0.01594386770 0.23645143591 44.42548550896 0.00000000000 0.00000000000 0.00000000000 0.00000000000 0.00000000000 0.00000000000 0.23698837200
0.02001427167 0.01587073650 0.23646056700 44.01316010148 0.00000000000 0.00000000000 0.00000000000 0.00000000000 0.00000000000 0.00000000000 0.23699257377
0.02008569770 0.01579727936 0.23646967749 43.60318387706 0.00000000000 0.00000000000 0.00000000000 0.00000000000 0.00000000000 0.00000000000 0.23699675611
0.02015679357 0.01572350066 0.23647876689 43.19383907121 0.00000000000 0.00000000000 0.00000000000 0.00000000000 0.00000000000 0.00000000000 0.23700091912
0.02022756115 0.01564940477 0.23648783473 42.78370403127 0.00000000000 0.00000000000 0.00000000000 0.00000000000 0.00000000000 0.00000000000 0.23700506291
0.02029800233 0.01557499600 0.23649688052 42.37417665417 0.00000000000 0.00000000000 0.00000000000 0.00000000000 0.00000000000 0.00000000000 0.23700918758
0.02036811905 0.01550027864 0.23650590382 41.96765421072 0.00000000000 0.00000000000 0.00000000000 0.00000000000 0.00000000000 0.00000000000 0.23701329326
0.02043791326 0.01542525692 0.23651490417 41.56177572125 0.00000000000 0.00000000000 0.00000000000 0.00000000000 0.00000000000 0.00000000000 0.23701738005
0.02050738690 0.01534993510 0.23652388112 41.15608573972 0.00000000000 0.00000000000 0.00000000000 0.00000000000 0.00000000000 0.00000000000 0.23702144807
0.02057654192 0.01527431741 0.23653283422 40.75119662154 0.00000000000 0.00000000000 0.00000000000 0.00000000000 0.00000000000 0.00000000000 0.23702549744
0.02064538027 0.01519840810 0.23654176303 40.34991093192 0.00000000000 0.00000000000 0.00000000000 0.00000000000 0.00000000000 0.00000000000 0.23702952826
0.02071390384 0.01512221144 0.23655066712 39.94965082970 0.00000000000 0.00000000000 0.00000000000 0.00000000000 0.00000000000 0.00000000000 0.23703354065
0.02078211450 0.01504573170 0.23655954605 39.55556615619 0.00000000000 0.00000000000 0.00000000000 0.00000000000 0.00000000000 0.00000000000 0.23703753473
0.02085001408 0.01496897315 0.23656839937 39.16268589477 0.00000000000 0.00000000000 0.00000000000 0.00000000000 0.00000000000 0.00000000000 0.23704151058
0.02091760438 0.01489194006 0.23657722667 38.77334868240 0.00000000000 0.00000000000 0.00000000000 0.00000000000 0.00000000000 0.00000000000 0.23704546833
0.02098488722 0.01481463666 0.23658602750 38.38527537970 0.00000000000 0.00000000000 0.00000000000 0.00000000000 0.00000000000 0.00000000000 0.23704940808
0.02105186441 0.01473706712 0.23659480147 38.02640307791 0.00000000000 0.00000000000 0.00000000000 0.00000000000 0.00000000000 0.00000000000 0.23705332993
0.02111853766 0.01465923542 0.23660354815 37.66862228149 0.00000000000 0.00000000000 0.00000000000 0.00000000000 0.00000000000 0.00000000000 0.23705723398
0.02118490866 0.01458114538 0.23661226716 37.33883041908 0.00000000000 0.00000000000 0.00000000000 0.00000000000 0.00000000000 0.00000000000 0.23706112033
0.02125097906 0.01450280062 0.23662095813 37.00983378194 0.00000000000 0.00000000000 0.00000000000 0.00000000000 0.00000000000 0.00000000000 0.23706498909
0.02131675051 0.01442420463 0.23662962067 36.68789024262 0.00000000000 0.00000000000 0.00000000000 0.00000000000 0.00000000000 0.00000000000 0.23706884034
0.02138222474 0.01434536074 0.23663825445 36.36643957913 0.00000000000 0.00000000000 0.00000000000 0.00000000000 0.00000000000 0.00000000000 0.23707267418
0.02144740353 0.01426627220 0.23664685913 36.05667325416 0.00000000000 0.00000000000 0.00000000000 0.00000000000 0.00000000000 0.00000000000 0.23707649073
0.02151228866 0.01418694211 0.23665543438 35.74717365573 0.00000000000 0.00000000000 0.00000000000 0.00000000000 0.00000000000 0.00000000000 0.23708029008
0.02157688193 0.01410737349 0.23666397988 35.44134200250 0.00000000000 0.00000000000 0.00000000000 0.00000000000 0.00000000000 0.00000000000 0.23708407235
0.02164118521 0.01402756928 0.23667249535 35.13569343301 0.00000000000 0.00000000000 0.00000000000 0.00000000000 0.00000000000 0.00000000000 0.23708783763
0.02170520033 0.01394753241 0.23668098046 34.82778674330 0.00000000000 0.00000000000 0.00000000000 0.00000000000 0.00000000000 0.00000000000 0.23709158604
0.02176892919 0.01386726579 0.23668943494 34.52007624994 0.00000000000 0.00000000000 0.00000000000 0.00000000000 0.00000000000 0.00000000000 0.23709531769
0.02183237370 0.01378677232 0.23669785849 34.21433096118 0.00000000000 0.00000000000 0.00000000000 0.00000000000 0.00000000000 0.00000000000 0.23709903269
0.02189553575 0.01370605488 0.23670625083 33.90884982894 0.00000000000 0.00000000000 0.00000000000 0.00000000000 0.00000000000 0.00000000000 0.23710273116
0.02195841723 0.01362511637 0.23671461167 33.60283370708 0.00000000000 0.00000000000 0.00000000000 0.00000000000 0.00000000000 0.00000000000 0.23710641319
0.02202102002 0.01354395968 0.23672294074 33.29717656370 0.00000000000 0.00000000000 0.00000000000 0.00000000000 0.00000000000 0.00000000000 0.23711007890
0.02208334603 0.01346258772 0.23673123777 32.99285120403 0.00000000000 0.00000000000 0.00000000000 0.00000000000 0.00000000000 0.00000000000 0.23711372841
0.02214539709 0.01338100341 0.23673950246 32.68900609369 0.00000000000 0.00000000000 0.00000000000 0.00000000000 0.00000000000 0.00000000000 0.23711736182
0.02220717508 0.01329920969 0.23674773456 32.38638025574 0.00000000000 0.00000000000 0.00000000000 0.00000000000 0.00000000000 0.00000000000 0.23712097924
0.02226868181 0.01321720951 0.23675593379 32.08434827538 0.00000000000 0.00000000000 0.00000000000 0.00000000000 0.00000000000 0.00000000000 0.23712458078
0.02232991916 0.01313500583 0.23676409897 31.81276132994 0.00000000000 0.00000000000 0.00000000000 0.00000000000 0.00000000000 0.00000000000 0.23712816564
0.02239088924 0.01305260162 0.23677222531 31.55218401008 0.00000000000 0.00000000000 0.00000000000 0.00000000000 0.00000000000 0.00000000000 0.23713172940
0.02245159416 0.01296999984 0.23678030731 31.30026013614 0.00000000000 0.00000000000 0.00000000000 0.00000000000 0.00000000000 0.00000000000 0.23713526694
0.02251203597 0.01288720335 0.23678834047 31.05516444528 0.00000000000 0.00000000000 0.00000000000 0.00000000000 0.00000000000 0.00000000000 0.23713877413
0.02257221651 0.01280421496 0.23679632277 30.69548020914 0.00000000000 0.00000000000 0.00000000000 0.00000000000 0.00000000000 0.00000000000 0.23714224929
0.02263213706 0.01272103735 0.23680426128 30.35909500812 0.00000000000 0.00000000000 0.00000000000 0.00000000000 0.00000000000 0.00000000000 0.23714569984
0.02269179883 0.01263767312 0.23681216378 30.10168805009 0.00000000000 0.00000000000 0.00000000000 0.00000000000 0.00000000000 0.00000000000 0.23714913387
0.02275120340 0.01255412472 0.23682003166 29.84487624999 0.00000000000 0.00000000000 0.00000000000 0.00000000000 0.00000000000 0.00000000000 0.23715255310
0.02281035244 0.01247039454 0.23682786469 29.60356898905 0.00000000000 0.00000000000 0.00000000000 0.00000000000 0.00000000000 0.00000000000 0.23715595762
0.02286924757 0.01238648484 0.23683566267 29.36255716462 0.00000000000 0.00000000000 0.00000000000 0.00000000000 0.00000000000 0.00000000000 0.23715934752
0.02292789041 0.01230239781 0.23684342538 29.13342707584 0.00000000000 0.00000000000 0.00000000000 0.00000000000 0.00000000000 0.00000000000 0.23716272291
0.02298628253 0.01221813555 0.23685115262 28.90453746812 0.00000000000 0.00000000000 0.00000000000 0.00000000000 0.00000000000 0.00000000000 0.23716608386
0.02304442549 0.01213370015 0.23685884419 28.67453015020 0.00000000000 0.00000000000 0.00000000000 0.00000000000 0.00000000000 0.00000000000 0.23716943048
0.02310232079 0.01204909378 0.23686649989 28.44487265607 0.00000000000 0.00000000000 0.00000000000 0.00000000000 0.00000000000 0.00000000000 0.23717276284
0.02315996987 0.01196431875 0.23687411950 28.21234503049 0.00000000000 0.00000000000 0.00000000000 0.00000000000 0.00000000000 0.00000000000 0.23717608102
0.02321737387 0.01187937785 0.23688170276 27.98113398082 0.00000000000 0.00000000000 0.00000000000 0.00000000000 0.00000000000 0.00000000000 0.23717938511
0.02327453359 0.01179427435 0.23688924938 27.75500618604 0.00000000000 0.00000000000 0.00000000000 0.00000000000 0.00000000000 0.00000000000 0.23718267513
0.02333144888 0.01170901293 0.23689675896 27.53298756461 0.00000000000 0.00000000000 0.00000000000 0.00000000000 0.00000000000 0.00000000000 0.23718595108
0.02338811893 0.01162359929 0.23690423100 27.29561657427 0.00000000000 0.00000000000 0.00000000000 0.00000000000 0.00000000000 0.00000000000 0.23718921292
0.02344454143 0.01153804168 0.23691166480 27.06686094859 0.00000000000 0.00000000000 0.00000000000 0.00000000000 0.00000000000 0.00000000000 0.23719246051
0.02350071345 0.01145234941 0.23691905959 26.82820493795 0.00000000000 0.00000000000 0.00000000000 0.00000000000 0.00000000000 0.00000000000 0.23719569369
0.02355663131 0.01136653319 0.23692641451 26.60037962358 0.00000000000 0.00000000000 0.00000000000 0.00000000000 0.00000000000 0.00000000000 0.23719891224
0.02361229139 0.01128060360 0.23693372870 26.40629495659 0.00000000000 0.00000000000 0.00000000000 0.00000000000 0.00000000000 0.00000000000 0.23720211595
0.02366769128 0.01119456904 0.23694100152 26.21937199651 0.00000000000 0.00000000000 0.00000000000 0.00000000000 0.00000000000 0.00000000000 0.23720530470
0.02372282891 0.01110843748 0.23694823195 26.01982388959 0.00000000000 0.00000000000 0.00000000000 0.00000000000 0.00000000000 0.00000000000 0.23720847795
0.02377770252 0.01102221713 0.23695541726 25.83020738365 0.00000000000 0.00000000000 0.00000000000 0.00000000000 0.00000000000 0.00000000000 0.23721163344
0.02383230827 0.01093592298 0.23696255522 24.48252164933 0.00000000000 0.00000000000 0.00000000000 0.00000000000 0.00000000000 0.00000000000 0.23721476975
0.02388663340 0.01084959828 0.23696964764 23.16201627378 0.00000000000 0.00000000000 0.00000000000 0.00000000000 0.00000000000 0.00000000000 0.23721789074
0.02394065760 0.01076329535 0.23697669601 24.05317526678 0.00000000000 0.00000000000 0.00000000000 0.00000000000 0.00000000000 0.00000000000 0.23722100029
0.02399433856 0.01067707381 0.23698369594 25.06905851364 0.00000000000 0.00000000000 0.00000000000 0.00000000000 0.00000000000 0.00000000000 0.23722409668
0.02404762817 0.01059099518 0.23699064151 26.17789988177 0.00000000000 0.00000000000 0.00000000000 0.00000000000 0.00000000000 0.00000000000 0.23722717665
0.02410047831 0.01050512097 0.23699752678 27.38889770318 0.00000000000 0.00000000000 0.00000000000 0.00000000000 0.00000000000 0.00000000000 0.23723023683
