VARIABLES=
"CoordinateX"
"CoordinateY"
"CoordinateZ"
"Kappa1"
"Kappa2"
"dy"
"dz"
"d2x"
"d2y"
"d2z"
"R"
ZONE T="Konrollpunkte"
I=101, J=1, K=1
0.03207398715 -0.00822808768 0.26211259798 0.00000000000 0.00000000000 0.00000000000 0.00000000000 0.00000000000 0.00000000000 0.00000000000 0.00000000000
0.03211458306 -0.00835311530 0.26210166557 0.00000000000 0.00000000000 0.00000000000 0.00000000000 0.00000000000 0.00000000000 0.00000000000 0.00000000000
0.03217540892 -0.00854067593 0.26208516568 0.00000000000 0.00000000000 0.00000000000 0.00000000000 0.00000000000 0.00000000000 0.00000000000 0.00000000000
0.03225636249 -0.00879079921 0.26206297998 0.00000000000 0.00000000000 0.00000000000 0.00000000000 0.00000000000 0.00000000000 0.00000000000 0.00000000000
0.03231700102 -0.00897841212 0.26204619577 0.00000000000 0.00000000000 0.00000000000 0.00000000000 0.00000000000 0.00000000000 0.00000000000 0.00000000000
0.03237756002 -0.00916604703 0.26202928946 0.00000000000 0.00000000000 0.00000000000 0.00000000000 0.00000000000 0.00000000000 0.00000000000 0.00000000000
0.03243803659 -0.00935370479 0.26201226146 0.00000000000 0.00000000000 0.00000000000 0.00000000000 0.00000000000 0.00000000000 0.00000000000 0.00000000000
0.03249842784 -0.00954138625 0.26199511215 0.00000000000 0.00000000000 0.00000000000 0.00000000000 0.00000000000 0.00000000000 0.00000000000 0.00000000000
0.03255873089 -0.00972909223 0.26197784193 0.00000000000 0.00000000000 0.00000000000 0.00000000000 0.00000000000 0.00000000000 0.00000000000 0.00000000000
0.03261894282 -0.00991682356 0.26196045119 0.00000000000 0.00000000000 0.00000000000 0.00000000000 0.00000000000 0.00000000000 0.00000000000 0.00000000000
0.03267906075 -0.01010458105 0.26194294031 0.00000000000 0.00000000000 0.00000000000 0.00000000000 0.00000000000 0.00000000000 0.00000000000 0.00000000000
0.03273908181 -0.01029236545 0.26192530967 0.00000000000 0.00000000000 0.00000000000 0.00000000000 0.00000000000 0.00000000000 0.00000000000 0.00000000000
0.03279900236 -0.01048017767 0.26190755978 0.00000000000 0.00000000000 0.00000000000 0.00000000000 0.00000000000 0.00000000000 0.00000000000 0.00000000000
0.03285881760 -0.01066801906 0.26188969132 0.00000000000 0.00000000000 0.00000000000 0.00000000000 0.00000000000 0.00000000000 0.00000000000 0.00000000000
0.03291852274 -0.01085589105 0.26187170496 0.00000000000 0.00000000000 0.00000000000 0.00000000000 0.00000000000 0.00000000000 0.00000000000 0.00000000000
0.03297811306 -0.01104379498 0.26185360138 0.00000000000 0.00000000000 0.00000000000 0.00000000000 0.00000000000 0.00000000000 0.00000000000 0.00000000000
0.03303758371 -0.01123173230 0.26183538125 0.00000000000 0.00000000000 0.00000000000 0.00000000000 0.00000000000 0.00000000000 0.00000000000 0.00000000000
0.03309693002 -0.01141970436 0.26181704520 0.00000000000 0.00000000000 0.00000000000 0.00000000000 0.00000000000 0.00000000000 0.00000000000 0.00000000000
0.03315614710 -0.01160771252 0.26179859393 0.00000000000 0.00000000000 0.00000000000 0.00000000000 0.00000000000 0.00000000000 0.00000000000 0.00000000000
0.03321523027 -0.01179575821 0.26178002806 0.00000000000 0.00000000000 0.00000000000 0.00000000000 0.00000000000 0.00000000000 0.00000000000 0.00000000000
0.03327417472 -0.01198384274 0.26176134826 0.00000000000 0.00000000000 0.00000000000 0.00000000000 0.00000000000 0.00000000000 0.00000000000 0.00000000000
0.03333297564 -0.01217196753 0.26174255518 0.00000000000 0.00000000000 0.00000000000 0.00000000000 0.00000000000 0.00000000000 0.00000000000 0.00000000000
0.03339162831 -0.01236013386 0.26172364945 0.00000000000 0.00000000000 0.00000000000 0.00000000000 0.00000000000 0.00000000000 0.00000000000 0.00000000000
0.03345012785 -0.01254834309 0.26170463173 0.00000000000 0.00000000000 0.00000000000 0.00000000000 0.00000000000 0.00000000000 0.00000000000 0.00000000000
0.03350846961 -0.01273659648 0.26168550264 0.00000000000 0.00000000000 0.00000000000 0.00000000000 0.00000000000 0.00000000000 0.00000000000 0.00000000000
0.03356664826 -0.01292489543 0.26166626290 0.00000000000 0.00000000000 0.00000000000 0.00000000000 0.00000000000 0.00000000000 0.00000000000 0.00000000000
0.03362465818 -0.01311324148 0.26164691328 0.00000000000 0.00000000000 0.00000000000 0.00000000000 0.00000000000 0.00000000000 0.00000000000 0.00000000000
0.03368249364 -0.01330163615 0.26162745455 0.00000000000 0.00000000000 0.00000000000 0.00000000000 0.00000000000 0.00000000000 0.00000000000 0.00000000000
0.03374025196 -0.01349008103 0.26160851992 0.00000000000 0.00000000000 0.00000000000 0.00000000000 0.00000000000 0.00000000000 0.00000000000 0.00000000000
0.03379787964 -0.01367857762 0.26158981665 0.00000000000 0.00000000000 0.00000000000 0.00000000000 0.00000000000 0.00000000000 0.00000000000 0.00000000000
0.03385531520 -0.01386712742 0.26157100342 0.00000000000 0.00000000000 0.00000000000 0.00000000000 0.00000000000 0.00000000000 0.00000000000 0.00000000000
0.03391255292 -0.01405573193 0.26155208088 0.00000000000 0.00000000000 0.00000000000 0.00000000000 0.00000000000 0.00000000000 0.00000000000 0.00000000000
0.03396958706 -0.01424439261 0.26153304969 0.00000000000 0.00000000000 0.00000000000 0.00000000000 0.00000000000 0.00000000000 0.00000000000 0.00000000000
0.03402641183 -0.01443311094 0.26151391052 0.00000000000 0.00000000000 0.00000000000 0.00000000000 0.00000000000 0.00000000000 0.00000000000 0.00000000000
0.03408302151 -0.01462188834 0.26149466404 0.00000000000 0.00000000000 0.00000000000 0.00000000000 0.00000000000 0.00000000000 0.00000000000 0.00000000000
0.03413941031 -0.01481072623 0.26147531089 0.00000000000 0.00000000000 0.00000000000 0.00000000000 0.00000000000 0.00000000000 0.00000000000 0.00000000000
0.03419557244 -0.01499962600 0.26145585173 0.00000000000 0.00000000000 0.00000000000 0.00000000000 0.00000000000 0.00000000000 0.00000000000 0.00000000000
0.03425150216 -0.01518858901 0.26143628721 0.00000000000 0.00000000000 0.00000000000 0.00000000000 0.00000000000 0.00000000000 0.00000000000 0.00000000000
0.03430719337 -0.01537761667 0.26141661804 0.00000000000 0.00000000000 0.00000000000 0.00000000000 0.00000000000 0.00000000000 0.00000000000 0.00000000000
0.03436263990 -0.01556671042 0.26139684491 0.00000000000 0.00000000000 0.00000000000 0.00000000000 0.00000000000 0.00000000000 0.00000000000 0.00000000000
0.03441783536 -0.01575587170 0.26137696855 0.00000000000 0.00000000000 0.00000000000 0.00000000000 0.00000000000 0.00000000000 0.00000000000 0.00000000000
0.03447277355 -0.01594510195 0.26135698966 0.00000000000 0.00000000000 0.00000000000 0.00000000000 0.00000000000 0.00000000000 0.00000000000 0.00000000000
0.03452744817 -0.01613440249 0.26133690896 0.00000000000 0.00000000000 0.00000000000 0.00000000000 0.00000000000 0.00000000000 0.00000000000 0.00000000000
0.03458185284 -0.01632377473 0.26131672716 0.00000000000 0.00000000000 0.00000000000 0.00000000000 0.00000000000 0.00000000000 0.00000000000 0.00000000000
0.03463598137 -0.01651321986 0.26129644497 0.00000000000 0.00000000000 0.00000000000 0.00000000000 0.00000000000 0.00000000000 0.00000000000 0.00000000000
0.03468982727 -0.01670273922 0.26127606312 0.00000000000 0.00000000000 0.00000000000 0.00000000000 0.00000000000 0.00000000000 0.00000000000 0.00000000000
0.03474338435 -0.01689233397 0.26125558230 0.00000000000 0.00000000000 0.00000000000 0.00000000000 0.00000000000 0.00000000000 0.00000000000 0.00000000000
0.03479664615 -0.01708200539 0.26123500323 0.00000000000 0.00000000000 0.00000000000 0.00000000000 0.00000000000 0.00000000000 0.00000000000 0.00000000000
0.03484960640 -0.01727175467 0.26121432663 0.00000000000 0.00000000000 0.00000000000 0.00000000000 0.00000000000 0.00000000000 0.00000000000 0.00000000000
0.03490225871 -0.01746158297 0.26119355319 0.00000000000 0.00000000000 0.00000000000 0.00000000000 0.00000000000 0.00000000000 0.00000000000 0.00000000000
0.03495459667 -0.01765149151 0.26117268364 0.00000000000 0.00000000000 0.00000000000 0.00000000000 0.00000000000 0.00000000000 0.00000000000 0.00000000000
0.03500661537 -0.01784148110 0.26115171847 0.00000000000 0.00000000000 0.00000000000 0.00000000000 0.00000000000 0.00000000000 0.00000000000 0.00000000000
0.03505831096 -0.01803155212 0.26113065804 0.00000000000 0.00000000000 0.00000000000 0.00000000000 0.00000000000 0.00000000000 0.00000000000 0.00000000000
0.03510967953 -0.01822170497 0.26110950274 0.00000000000 0.00000000000 0.00000000000 0.00000000000 0.00000000000 0.00000000000 0.00000000000 0.00000000000
0.03516071717 -0.01841193998 0.26108825293 0.00000000000 0.00000000000 0.00000000000 0.00000000000 0.00000000000 0.00000000000 0.00000000000 0.00000000000
0.03521141993 -0.01860225746 0.26106690900 0.00000000000 0.00000000000 0.00000000000 0.00000000000 0.00000000000 0.00000000000 0.00000000000 0.00000000000
0.03526178393 -0.01879265768 0.26104547132 0.00000000000 0.00000000000 0.00000000000 0.00000000000 0.00000000000 0.00000000000 0.00000000000 0.00000000000
0.03531180519 -0.01898314088 0.26102394029 0.00000000000 0.00000000000 0.00000000000 0.00000000000 0.00000000000 0.00000000000 0.00000000000 0.00000000000
0.03536147985 -0.01917370726 0.26100231627 0.00000000000 0.00000000000 0.00000000000 0.00000000000 0.00000000000 0.00000000000 0.00000000000 0.00000000000
0.03541080393 -0.01936435705 0.26098059966 0.00000000000 0.00000000000 0.00000000000 0.00000000000 0.00000000000 0.00000000000 0.00000000000 0.00000000000
0.03545977353 -0.01955509042 0.26095879083 0.00000000000 0.00000000000 0.00000000000 0.00000000000 0.00000000000 0.00000000000 0.00000000000 0.00000000000
0.03550838477 -0.01974590755 0.26093689017 0.00000000000 0.00000000000 0.00000000000 0.00000000000 0.00000000000 0.00000000000 0.00000000000 0.00000000000
0.03555663375 -0.01993680861 0.26091489804 0.00000000000 0.00000000000 0.00000000000 0.00000000000 0.00000000000 0.00000000000 0.00000000000 0.00000000000
0.03560451635 -0.02012779387 0.26089281487 0.00000000000 0.00000000000 0.00000000000 0.00000000000 0.00000000000 0.00000000000 0.00000000000 0.00000000000
0.03565203339 -0.02031886238 0.26087064038 0.00000000000 0.00000000000 0.00000000000 0.00000000000 0.00000000000 0.00000000000 0.00000000000 0.00000000000
0.03569918748 -0.02051001262 0.26084837407 0.00000000000 0.00000000000 0.00000000000 0.00000000000 0.00000000000 0.00000000000 0.00000000000 0.00000000000
0.03574598155 -0.02070124298 0.26082601541 0.00000000000 0.00000000000 0.00000000000 0.00000000000 0.00000000000 0.00000000000 0.00000000000 0.00000000000
0.03579241829 -0.02089255190 0.26080356391 0.00000000000 0.00000000000 0.00000000000 0.00000000000 0.00000000000 0.00000000000 0.00000000000 0.00000000000
0.03583850035 -0.02108393786 0.26078101908 0.00000000000 0.00000000000 0.00000000000 0.00000000000 0.00000000000 0.00000000000 0.00000000000 0.00000000000
0.03588423060 -0.02127539927 0.26075838039 0.00000000000 0.00000000000 0.00000000000 0.00000000000 0.00000000000 0.00000000000 0.00000000000 0.00000000000
0.03592961168 -0.02146693465 0.26073564738 0.00000000000 0.00000000000 0.00000000000 0.00000000000 0.00000000000 0.00000000000 0.00000000000 0.00000000000
0.03597464640 -0.02165854248 0.26071281953 0.00000000000 0.00000000000 0.00000000000 0.00000000000 0.00000000000 0.00000000000 0.00000000000 0.00000000000
0.03601933755 -0.02185022126 0.26068989636 0.00000000000 0.00000000000 0.00000000000 0.00000000000 0.00000000000 0.00000000000 0.00000000000 0.00000000000
0.03606368779 -0.02204196954 0.26066687738 0.00000000000 0.00000000000 0.00000000000 0.00000000000 0.00000000000 0.00000000000 0.00000000000 0.00000000000
0.03610770002 -0.02223378581 0.26064376210 0.00000000000 0.00000000000 0.00000000000 0.00000000000 0.00000000000 0.00000000000 0.00000000000 0.00000000000
0.03615137692 -0.02242566866 0.26062055004 0.00000000000 0.00000000000 0.00000000000 0.00000000000 0.00000000000 0.00000000000 0.00000000000 0.00000000000
0.03619472129 -0.02261761665 0.26059724071 0.00000000000 0.00000000000 0.00000000000 0.00000000000 0.00000000000 0.00000000000 0.00000000000 0.00000000000
0.03623773532 -0.02280962847 0.26057383371 0.00000000000 0.00000000000 0.00000000000 0.00000000000 0.00000000000 0.00000000000 0.00000000000 0.00000000000
0.03628042088 -0.02300170295 0.26055032869 0.00000000000 0.00000000000 0.00000000000 0.00000000000 0.00000000000 0.00000000000 0.00000000000 0.00000000000
0.03632278001 -0.02319383884 0.26052672527 0.00000000000 0.00000000000 0.00000000000 0.00000000000 0.00000000000 0.00000000000 0.00000000000 0.00000000000
0.03636481454 -0.02338603499 0.26050302310 0.00000000000 0.00000000000 0.00000000000 0.00000000000 0.00000000000 0.00000000000 0.00000000000 0.00000000000
0.03640652651 -0.02357829022 0.26047922182 0.00000000000 0.00000000000 0.00000000000 0.00000000000 0.00000000000 0.00000000000 0.00000000000 0.00000000000
0.03644791780 -0.02377060338 0.26045532107 0.00000000000 0.00000000000 0.00000000000 0.00000000000 0.00000000000 0.00000000000 0.00000000000 0.00000000000
0.03648899035 -0.02396297336 0.26043132049 0.00000000000 0.00000000000 0.00000000000 0.00000000000 0.00000000000 0.00000000000 0.00000000000 0.00000000000
0.03652979840 -0.02415539911 0.26040758290 0.00000000000 0.00000000000 0.00000000000 0.00000000000 0.00000000000 0.00000000000 0.00000000000 0.00000000000
0.03657035376 -0.02434787956 0.26038417747 0.00000000000 0.00000000000 0.00000000000 0.00000000000 0.00000000000 0.00000000000 0.00000000000 0.00000000000
0.03661059536 -0.02454041347 0.26036066511 0.00000000000 0.00000000000 0.00000000000 0.00000000000 0.00000000000 0.00000000000 0.00000000000 0.00000000000
0.03665052500 -0.02473299975 0.26033704552 0.00000000000 0.00000000000 0.00000000000 0.00000000000 0.00000000000 0.00000000000 0.00000000000 0.00000000000
0.03669014471 -0.02492563727 0.26031331840 0.00000000000 0.00000000000 0.00000000000 0.00000000000 0.00000000000 0.00000000000 0.00000000000 0.00000000000
0.03672945627 -0.02511832494 0.26028948346 0.00000000000 0.00000000000 0.00000000000 0.00000000000 0.00000000000 0.00000000000 0.00000000000 0.00000000000
0.03676846013 -0.02531106200 0.26026554057 0.00000000000 0.00000000000 0.00000000000 0.00000000000 0.00000000000 0.00000000000 0.00000000000 0.00000000000
0.03680715621 -0.02550384786 0.26024148965 0.00000000000 0.00000000000 0.00000000000 0.00000000000 0.00000000000 0.00000000000 0.00000000000 0.00000000000
0.03684554455 -0.02569668184 0.26021733064 0.00000000000 0.00000000000 0.00000000000 0.00000000000 0.00000000000 0.00000000000 0.00000000000 0.00000000000
0.03688362524 -0.02588956329 0.26019306344 0.00000000000 0.00000000000 0.00000000000 0.00000000000 0.00000000000 0.00000000000 0.00000000000 0.00000000000
0.03692139848 -0.02608249152 0.26016868795 0.00000000000 0.00000000000 0.00000000000 0.00000000000 0.00000000000 0.00000000000 0.00000000000 0.00000000000
0.03695886437 -0.02627546590 0.26014420410 0.00000000000 0.00000000000 0.00000000000 0.00000000000 0.00000000000 0.00000000000 0.00000000000 0.00000000000
0.03699602324 -0.02646848573 0.26011961176 0.00000000000 0.00000000000 0.00000000000 0.00000000000 0.00000000000 0.00000000000 0.00000000000 0.00000000000
0.03703287529 -0.02666155037 0.26009491084 0.00000000000 0.00000000000 0.00000000000 0.00000000000 0.00000000000 0.00000000000 0.00000000000 0.00000000000
0.03708160274 -0.02691902546 0.26006179934 0.00000000000 0.00000000000 0.00000000000 0.00000000000 0.00000000000 0.00000000000 0.00000000000 0.00000000000
0.03711768914 -0.02711220173 0.26003685057 0.00000000000 0.00000000000 0.00000000000 0.00000000000 0.00000000000 0.00000000000 0.00000000000 0.00000000000
0.03714154312 -0.02724101562 0.26002016146 0.00000000000 0.00000000000 0.00000000000 0.00000000000 0.00000000000 0.00000000000 0.00000000000 0.00000000000
ZONE T="NURB"
I=201, J=1, K=1
0.03207398715 -0.00822808768 0.26211259798 3.15119613336 0.00000000000 0.00000000000 0.00000000000 0.00000000000 0.00000000000 0.00000000000 0.26224171187
0.03210442327 -0.00832185386 0.26210438671 3.13039555176 0.00000000000 0.00000000000 0.00000000000 0.00000000000 0.00000000000 0.00000000000 0.26223646349
0.03213484203 -0.00841562498 0.26209615064 3.11086485560 0.00000000000 0.00000000000 0.00000000000 0.00000000000 0.00000000000 0.00000000000 0.26223122416
0.03216524307 -0.00850940116 0.26208789031 3.09262770700 0.00000000000 0.00000000000 0.00000000000 0.00000000000 0.00000000000 0.00000000000 0.26222599443
0.03219562602 -0.00860318252 0.26207960622 3.07570673672 0.00000000000 0.00000000000 0.00000000000 0.00000000000 0.00000000000 0.00000000000 0.26222077482
0.03222599054 -0.00869696916 0.26207129774 3.62905036227 0.00000000000 0.00000000000 0.00000000000 0.00000000000 0.00000000000 0.00000000000 0.26221556470
0.03225633626 -0.00879076102 0.26206295953 4.21461349529 0.00000000000 0.00000000000 0.00000000000 0.00000000000 0.00000000000 0.00000000000 0.26221035875
0.03228666283 -0.00888455807 0.26205458665 3.98266273443 0.00000000000 0.00000000000 0.00000000000 0.00000000000 0.00000000000 0.00000000000 0.26220515204
0.03231696989 -0.00897836045 0.26204618039 3.75911554861 0.00000000000 0.00000000000 0.00000000000 0.00000000000 0.00000000000 0.00000000000 0.26219994586
0.03234725708 -0.00907216834 0.26203774313 3.77651088332 0.00000000000 0.00000000000 0.00000000000 0.00000000000 0.00000000000 0.00000000000 0.26219474264
0.03237752403 -0.00916598185 0.26202927541 3.79436341377 0.00000000000 0.00000000000 0.00000000000 0.00000000000 0.00000000000 0.00000000000 0.26218954288
0.03240777039 -0.00925980109 0.26202077727 3.81229058429 0.00000000000 0.00000000000 0.00000000000 0.00000000000 0.00000000000 0.00000000000 0.26218434667
0.03243799578 -0.00935362617 0.26201224876 3.83051692832 0.00000000000 0.00000000000 0.00000000000 0.00000000000 0.00000000000 0.00000000000 0.26217915406
0.03246819986 -0.00944745719 0.26200368992 3.84928244813 0.00000000000 0.00000000000 0.00000000000 0.00000000000 0.00000000000 0.00000000000 0.26217396511
0.03249838225 -0.00954129426 0.26199510081 3.86834555601 0.00000000000 0.00000000000 0.00000000000 0.00000000000 0.00000000000 0.00000000000 0.26216877988
0.03252854260 -0.00963513747 0.26198648147 3.88761254908 0.00000000000 0.00000000000 0.00000000000 0.00000000000 0.00000000000 0.00000000000 0.26216359844
0.03255868055 -0.00972898693 0.26197783195 3.90716439482 0.00000000000 0.00000000000 0.00000000000 0.00000000000 0.00000000000 0.00000000000 0.26215842085
0.03258879572 -0.00982284274 0.26196915231 3.92710330341 0.00000000000 0.00000000000 0.00000000000 0.00000000000 0.00000000000 0.00000000000 0.26215324717
0.03261888777 -0.00991670501 0.26196044259 3.94732060946 0.00000000000 0.00000000000 0.00000000000 0.00000000000 0.00000000000 0.00000000000 0.26214807747
0.03264895632 -0.01001057384 0.26195170283 3.96730555089 0.00000000000 0.00000000000 0.00000000000 0.00000000000 0.00000000000 0.00000000000 0.26214291180
0.03267900102 -0.01010444931 0.26194293309 3.98754555428 0.00000000000 0.00000000000 0.00000000000 0.00000000000 0.00000000000 0.00000000000 0.26213775023
0.03270902151 -0.01019833154 0.26193413342 4.01364398931 0.00000000000 0.00000000000 0.00000000000 0.00000000000 0.00000000000 0.00000000000 0.26213259282
0.03273901733 -0.01029222063 0.26192530387 4.04015934855 0.00000000000 0.00000000000 0.00000000000 0.00000000000 0.00000000000 0.00000000000 0.26212743964
0.03276898801 -0.01038611670 0.26191644451 4.07568260193 0.00000000000 0.00000000000 0.00000000000 0.00000000000 0.00000000000 0.00000000000 0.26212229079
0.03279893297 -0.01048001991 0.26190755543 4.11190453196 0.00000000000 0.00000000000 0.00000000000 0.00000000000 0.00000000000 0.00000000000 0.26211714635
0.03282885162 -0.01057393044 0.26189863671 4.14913317656 0.00000000000 0.00000000000 0.00000000000 0.00000000000 0.00000000000 0.00000000000 0.26211200643
0.03285874336 -0.01066784846 0.26188968843 4.18701930035 0.00000000000 0.00000000000 0.00000000000 0.00000000000 0.00000000000 0.00000000000 0.26210687114
0.03288860759 -0.01076177417 0.26188071068 4.22469994103 0.00000000000 0.00000000000 0.00000000000 0.00000000000 0.00000000000 0.00000000000 0.26210174057
0.03291844371 -0.01085570772 0.26187170354 4.26297259540 0.00000000000 0.00000000000 0.00000000000 0.00000000000 0.00000000000 0.00000000000 0.26209661483
0.03294825115 -0.01094964930 0.26186266710 4.30317368558 0.00000000000 0.00000000000 0.00000000000 0.00000000000 0.00000000000 0.00000000000 0.26209149402
0.03297802929 -0.01104359908 0.26185360143 4.34397608725 0.00000000000 0.00000000000 0.00000000000 0.00000000000 0.00000000000 0.00000000000 0.26208637824
0.03300777754 -0.01113755725 0.26184450662 4.38374409056 0.00000000000 0.00000000000 0.00000000000 0.00000000000 0.00000000000 0.00000000000 0.26208126760
0.03303749531 -0.01123152398 0.26183538275 4.42402884909 0.00000000000 0.00000000000 0.00000000000 0.00000000000 0.00000000000 0.00000000000 0.26207616220
0.03306718200 -0.01132549943 0.26182622991 4.46654924161 0.00000000000 0.00000000000 0.00000000000 0.00000000000 0.00000000000 0.00000000000 0.26207106213
0.03309683703 -0.01141948379 0.26181704817 4.50960809774 0.00000000000 0.00000000000 0.00000000000 0.00000000000 0.00000000000 0.00000000000 0.26206596750
0.03312645977 -0.01151347723 0.26180783762 4.55184229594 0.00000000000 0.00000000000 0.00000000000 0.00000000000 0.00000000000 0.00000000000 0.26206087842
0.03315604964 -0.01160747992 0.26179859834 4.59454250870 0.00000000000 0.00000000000 0.00000000000 0.00000000000 0.00000000000 0.00000000000 0.26205579498
0.03318560605 -0.01170149204 0.26178933042 4.63848019356 0.00000000000 0.00000000000 0.00000000000 0.00000000000 0.00000000000 0.00000000000 0.26205071730
0.03321512841 -0.01179551376 0.26178003392 4.68288108788 0.00000000000 0.00000000000 0.00000000000 0.00000000000 0.00000000000 0.00000000000 0.26204564546
0.03324461611 -0.01188954524 0.26177070894 4.72785599089 0.00000000000 0.00000000000 0.00000000000 0.00000000000 0.00000000000 0.00000000000 0.26204057958
0.03327406855 -0.01198358667 0.26176135556 4.77326462704 0.00000000000 0.00000000000 0.00000000000 0.00000000000 0.00000000000 0.00000000000 0.26203551975
0.03330348514 -0.01207763822 0.26175197385 4.81813924917 0.00000000000 0.00000000000 0.00000000000 0.00000000000 0.00000000000 0.00000000000 0.26203046609
0.03333286528 -0.01217170006 0.26174256389 4.86340455339 0.00000000000 0.00000000000 0.00000000000 0.00000000000 0.00000000000 0.00000000000 0.26202541868
0.03336220839 -0.01226577234 0.26173312578 4.91080309981 0.00000000000 0.00000000000 0.00000000000 0.00000000000 0.00000000000 0.00000000000 0.26202037764
0.03339151384 -0.01235985525 0.26172365958 4.95860522068 0.00000000000 0.00000000000 0.00000000000 0.00000000000 0.00000000000 0.00000000000 0.26201534307
0.03342078105 -0.01245394894 0.26171416537 5.00426923345 0.00000000000 0.00000000000 0.00000000000 0.00000000000 0.00000000000 0.00000000000 0.26201031507
0.03345000942 -0.01254805359 0.26170464325 5.05026162922 0.00000000000 0.00000000000 0.00000000000 0.00000000000 0.00000000000 0.00000000000 0.26200529374
0.03347919836 -0.01264216935 0.26169509327 5.10323438858 0.00000000000 0.00000000000 0.00000000000 0.00000000000 0.00000000000 0.00000000000 0.26200027918
0.03350834721 -0.01273629640 0.26168551555 5.15664708686 0.00000000000 0.00000000000 0.00000000000 0.00000000000 0.00000000000 0.00000000000 0.26199527151
0.03353745532 -0.01283043492 0.26167591015 5.21369726009 0.00000000000 0.00000000000 0.00000000000 0.00000000000 0.00000000000 0.00000000000 0.26199027084
0.03356652198 -0.01292458510 0.26166627718 5.27119817482 0.00000000000 0.00000000000 0.00000000000 0.00000000000 0.00000000000 0.00000000000 0.26198527729
0.03359554649 -0.01301874714 0.26165661674 5.33002335563 0.00000000000 0.00000000000 0.00000000000 0.00000000000 0.00000000000 0.00000000000 0.26198029098
0.03362452814 -0.01311292123 0.26164692892 5.38927664725 0.00000000000 0.00000000000 0.00000000000 0.00000000000 0.00000000000 0.00000000000 0.26197531203
0.03365346833 -0.01320710757 0.26163722685 6.28795075725 0.00000000000 0.00000000000 0.00000000000 0.00000000000 0.00000000000 0.00000000000 0.26197035360
0.03368237705 -0.01330130636 0.26162757636 13.52697926031 0.00000000000 0.00000000000 0.00000000000 0.00000000000 0.00000000000 0.00000000000 0.26196548143
0.03371126338 -0.01339551779 0.26161803750 10.07807149509 0.00000000000 0.00000000000 0.00000000000 0.00000000000 0.00000000000 0.00000000000 0.26196075554
0.03374012379 -0.01348974206 0.26160859319 6.90949277197 0.00000000000 0.00000000000 0.00000000000 0.00000000000 0.00000000000 0.00000000000 0.26195615887
0.03376895143 -0.01358397935 0.26159920584 4.59951761719 0.00000000000 0.00000000000 0.00000000000 0.00000000000 0.00000000000 0.00000000000 0.26195165392
0.03379773879 -0.01367822987 0.26158983381 5.79567520449 0.00000000000 0.00000000000 0.00000000000 0.00000000000 0.00000000000 0.00000000000 0.26194719912
0.03382647934 -0.01377249379 0.26158044148 5.86785034428 0.00000000000 0.00000000000 0.00000000000 0.00000000000 0.00000000000 0.00000000000 0.26194275892
0.03385517118 -0.01386677132 0.26157102174 5.93012114170 0.00000000000 0.00000000000 0.00000000000 0.00000000000 0.00000000000 0.00000000000 0.26193832626
0.03388381361 -0.01396106263 0.26156157466 5.99277370523 0.00000000000 0.00000000000 0.00000000000 0.00000000000 0.00000000000 0.00000000000 0.26193390122
0.03391240590 -0.01405536792 0.26155210033 6.05572113685 0.00000000000 0.00000000000 0.00000000000 0.00000000000 0.00000000000 0.00000000000 0.26192948393
0.03394094733 -0.01414968737 0.26154259883 6.11957986314 0.00000000000 0.00000000000 0.00000000000 0.00000000000 0.00000000000 0.00000000000 0.26192507450
0.03396943719 -0.01424402116 0.26153307024 6.18372246422 0.00000000000 0.00000000000 0.00000000000 0.00000000000 0.00000000000 0.00000000000 0.26192067304
0.03399787476 -0.01433836949 0.26152351464 6.24726721887 0.00000000000 0.00000000000 0.00000000000 0.00000000000 0.00000000000 0.00000000000 0.26191627965
0.03402625931 -0.01443273253 0.26151393212 6.31106428814 0.00000000000 0.00000000000 0.00000000000 0.00000000000 0.00000000000 0.00000000000 0.26191189446
0.03405459013 -0.01452711046 0.26150432275 6.37603730013 0.00000000000 0.00000000000 0.00000000000 0.00000000000 0.00000000000 0.00000000000 0.26190751757
0.03408286651 -0.01462150347 0.26149468663 6.44126239334 0.00000000000 0.00000000000 0.00000000000 0.00000000000 0.00000000000 0.00000000000 0.26190314908
0.03411108771 -0.01471591173 0.26148502383 6.50629622696 0.00000000000 0.00000000000 0.00000000000 0.00000000000 0.00000000000 0.00000000000 0.26189878913
0.03413925301 -0.01481033542 0.26147533443 6.57155733991 0.00000000000 0.00000000000 0.00000000000 0.00000000000 0.00000000000 0.00000000000 0.26189443780
0.03416736170 -0.01490477472 0.26146561852 6.63678154675 0.00000000000 0.00000000000 0.00000000000 0.00000000000 0.00000000000 0.00000000000 0.26189009523
0.03419541305 -0.01499922979 0.26145587618 6.70221960577 0.00000000000 0.00000000000 0.00000000000 0.00000000000 0.00000000000 0.00000000000 0.26188576151
0.03422340633 -0.01509370081 0.26144610748 6.77170247760 0.00000000000 0.00000000000 0.00000000000 0.00000000000 0.00000000000 0.00000000000 0.26188143676
0.03425134080 -0.01518818795 0.26143631252 6.84143010033 0.00000000000 0.00000000000 0.00000000000 0.00000000000 0.00000000000 0.00000000000 0.26187712110
0.03427921568 -0.01528269138 0.26142649138 6.91222455750 0.00000000000 0.00000000000 0.00000000000 0.00000000000 0.00000000000 0.00000000000 0.26187281465
0.03430703020 -0.01537721128 0.26141664415 6.98324295165 0.00000000000 0.00000000000 0.00000000000 0.00000000000 0.00000000000 0.00000000000 0.26186851751
0.03433478360 -0.01547174783 0.26140677092 7.05686590692 0.00000000000 0.00000000000 0.00000000000 0.00000000000 0.00000000000 0.00000000000 0.26186422983
0.03436247507 -0.01556630120 0.26139687178 7.13072142953 0.00000000000 0.00000000000 0.00000000000 0.00000000000 0.00000000000 0.00000000000 0.26185995171
0.03439010381 -0.01566087157 0.26138694682 7.20264620617 0.00000000000 0.00000000000 0.00000000000 0.00000000000 0.00000000000 0.00000000000 0.26185568328
0.03441766905 -0.01575545912 0.26137699613 7.27475536907 0.00000000000 0.00000000000 0.00000000000 0.00000000000 0.00000000000 0.00000000000 0.26185142466
0.03444517001 -0.01585006401 0.26136701979 7.34804545589 0.00000000000 0.00000000000 0.00000000000 0.00000000000 0.00000000000 0.00000000000 0.26184717597
0.03447260590 -0.01594468642 0.26135701790 7.42153050325 0.00000000000 0.00000000000 0.00000000000 0.00000000000 0.00000000000 0.00000000000 0.26184293734
0.03449997594 -0.01603932651 0.26134699055 7.49611756422 0.00000000000 0.00000000000 0.00000000000 0.00000000000 0.00000000000 0.00000000000 0.26183870887
0.03452727932 -0.01613398446 0.26133693782 7.57088941754 0.00000000000 0.00000000000 0.00000000000 0.00000000000 0.00000000000 0.00000000000 0.26183449071
0.03455451526 -0.01622866044 0.26132685981 7.64322148274 0.00000000000 0.00000000000 0.00000000000 0.00000000000 0.00000000000 0.00000000000 0.26183028297
0.03458168297 -0.01632335461 0.26131675660 7.71570466328 0.00000000000 0.00000000000 0.00000000000 0.00000000000 0.00000000000 0.00000000000 0.26182608576
0.03460878168 -0.01641806712 0.26130662828 7.79215747635 0.00000000000 0.00000000000 0.00000000000 0.00000000000 0.00000000000 0.00000000000 0.26182189922
0.03463581059 -0.01651279814 0.26129647494 7.86879542411 0.00000000000 0.00000000000 0.00000000000 0.00000000000 0.00000000000 0.00000000000 0.26181772346
0.03466276887 -0.01660754783 0.26128629667 7.94153053597 0.00000000000 0.00000000000 0.00000000000 0.00000000000 0.00000000000 0.00000000000 0.26181355861
0.03468965577 -0.01670231634 0.26127609355 8.01439022438 0.00000000000 0.00000000000 0.00000000000 0.00000000000 0.00000000000 0.00000000000 0.26180940479
0.03471647050 -0.01679710383 0.26126586569 8.09105764108 0.00000000000 0.00000000000 0.00000000000 0.00000000000 0.00000000000 0.00000000000 0.26180526211
0.03474321225 -0.01689191044 0.26125561316 8.16789108702 0.00000000000 0.00000000000 0.00000000000 0.00000000000 0.00000000000 0.00000000000 0.26180113072
0.03476988023 -0.01698673635 0.26124533605 8.24236350641 0.00000000000 0.00000000000 0.00000000000 0.00000000000 0.00000000000 0.00000000000 0.26179701072
0.03479647364 -0.01708158169 0.26123503446 8.31695522905 0.00000000000 0.00000000000 0.00000000000 0.00000000000 0.00000000000 0.00000000000 0.26179290224
0.03482299170 -0.01717644663 0.26122470847 8.39274054651 0.00000000000 0.00000000000 0.00000000000 0.00000000000 0.00000000000 0.00000000000 0.26178880540
0.03484943361 -0.01727133130 0.26121435816 8.46866091912 0.00000000000 0.00000000000 0.00000000000 0.00000000000 0.00000000000 0.00000000000 0.26178472032
0.03487579858 -0.01736623586 0.26120398364 8.54547138788 0.00000000000 0.00000000000 0.00000000000 0.00000000000 0.00000000000 0.00000000000 0.26178064714
0.03490208580 -0.01746116044 0.26119358498 8.62240833044 0.00000000000 0.00000000000 0.00000000000 0.00000000000 0.00000000000 0.00000000000 0.26177658596
0.03492829450 -0.01755610521 0.26118316227 8.68118106767 0.00000000000 0.00000000000 0.00000000000 0.00000000000 0.00000000000 0.00000000000 0.26177253691
0.03495442403 -0.01765107025 0.26117271558 8.73993656210 0.00000000000 0.00000000000 0.00000000000 0.00000000000 0.00000000000 0.00000000000 0.26176850010
0.03498047380 -0.01774605567 0.26116224497 8.78523160248 0.00000000000 0.00000000000 0.00000000000 0.00000000000 0.00000000000 0.00000000000 0.26176447561
0.03500644331 -0.01784106151 0.26115175049 8.83050628006 0.00000000000 0.00000000000 0.00000000000 0.00000000000 0.00000000000 0.00000000000 0.26176046351
0.03503233207 -0.01793608781 0.26114123218 8.87671328543 0.00000000000 0.00000000000 0.00000000000 0.00000000000 0.00000000000 0.00000000000 0.26175646390
0.03505813959 -0.01803113463 0.26113069010 8.92296686562 0.00000000000 0.00000000000 0.00000000000 0.00000000000 0.00000000000 0.00000000000 0.26175247683
0.03508386539 -0.01812620201 0.26112012428 8.96910911967 0.00000000000 0.00000000000 0.00000000000 0.00000000000 0.00000000000 0.00000000000 0.26174850239
0.03510950896 -0.01822128998 0.26110953478 9.01529321028 0.00000000000 0.00000000000 0.00000000000 0.00000000000 0.00000000000 0.00000000000 0.26174454065
0.03513506984 -0.01831639860 0.26109892164 9.06190055838 0.00000000000 0.00000000000 0.00000000000 0.00000000000 0.00000000000 0.00000000000 0.26174059169
0.03516054751 -0.01841152788 0.26108828491 9.10855239233 0.00000000000 0.00000000000 0.00000000000 0.00000000000 0.00000000000 0.00000000000 0.26173665558
0.03518594148 -0.01850667788 0.26107762463 9.15416326176 0.00000000000 0.00000000000 0.00000000000 0.00000000000 0.00000000000 0.00000000000 0.26173273240
0.03521125128 -0.01860184863 0.26106694087 9.19980956276 0.00000000000 0.00000000000 0.00000000000 0.00000000000 0.00000000000 0.00000000000 0.26172882223
0.03523647641 -0.01869704015 0.26105623365 9.24679119818 0.00000000000 0.00000000000 0.00000000000 0.00000000000 0.00000000000 0.00000000000 0.26172492514
0.03526161637 -0.01879225248 0.26104550304 9.29382111926 0.00000000000 0.00000000000 0.00000000000 0.00000000000 0.00000000000 0.00000000000 0.26172104120
0.03528667068 -0.01888748566 0.26103474907 9.33940114797 0.00000000000 0.00000000000 0.00000000000 0.00000000000 0.00000000000 0.00000000000 0.26171717050
0.03531163884 -0.01898273970 0.26102397180 9.38501375003 0.00000000000 0.00000000000 0.00000000000 0.00000000000 0.00000000000 0.00000000000 0.26171331311
0.03533652037 -0.01907801464 0.26101317127 9.43167988763 0.00000000000 0.00000000000 0.00000000000 0.00000000000 0.00000000000 0.00000000000 0.26170946910
0.03536131477 -0.01917331050 0.26100234753 9.47839075011 0.00000000000 0.00000000000 0.00000000000 0.00000000000 0.00000000000 0.00000000000 0.26170563855
0.03538602156 -0.01926862731 0.26099150063 9.52457554056 0.00000000000 0.00000000000 0.00000000000 0.00000000000 0.00000000000 0.00000000000 0.26170182154
0.03541064024 -0.01936396510 0.26098063061 9.57079656712 0.00000000000 0.00000000000 0.00000000000 0.00000000000 0.00000000000 0.00000000000 0.26169801814
0.03543517032 -0.01945932388 0.26096973753 9.61681674445 0.00000000000 0.00000000000 0.00000000000 0.00000000000 0.00000000000 0.00000000000 0.26169422843
0.03545961132 -0.01955470367 0.26095882143 9.66287389177 0.00000000000 0.00000000000 0.00000000000 0.00000000000 0.00000000000 0.00000000000 0.26169045248
0.03548396275 -0.01965010451 0.26094788236 9.70874268520 0.00000000000 0.00000000000 0.00000000000 0.00000000000 0.00000000000 0.00000000000 0.26168669036
0.03550822413 -0.01974552640 0.26093692036 9.75464684063 0.00000000000 0.00000000000 0.00000000000 0.00000000000 0.00000000000 0.00000000000 0.26168294216
0.03553239495 -0.01984096938 0.26092593548 9.80390815372 0.00000000000 0.00000000000 0.00000000000 0.00000000000 0.00000000000 0.00000000000 0.26167920795
0.03555647472 -0.01993643346 0.26091492778 9.85322074335 0.00000000000 0.00000000000 0.00000000000 0.00000000000 0.00000000000 0.00000000000 0.26167548781
0.03558046301 -0.02003191867 0.26090389730 9.84153401574 0.00000000000 0.00000000000 0.00000000000 0.00000000000 0.00000000000 0.00000000000 0.26167178180
0.03560435982 -0.02012742490 0.26089284400 9.82961031080 0.00000000000 0.00000000000 0.00000000000 0.00000000000 0.00000000000 0.00000000000 0.26166808992
0.03562816530 -0.02022295201 0.26088176786 9.79531531013 0.00000000000 0.00000000000 0.00000000000 0.00000000000 0.00000000000 0.00000000000 0.26166441215
0.03565187972 -0.02031849984 0.26087066881 9.76096984771 0.00000000000 0.00000000000 0.00000000000 0.00000000000 0.00000000000 0.00000000000 0.26166074845
0.03567550343 -0.02041406819 0.26085954680 9.72301511967 0.00000000000 0.00000000000 0.00000000000 0.00000000000 0.00000000000 0.00000000000 0.26165709877
0.03569903679 -0.02050965685 0.26084840175 9.68509088132 0.00000000000 0.00000000000 0.00000000000 0.00000000000 0.00000000000 0.00000000000 0.26165346304
0.03572248014 -0.02060526563 0.26083723361 9.64990980353 0.00000000000 0.00000000000 0.00000000000 0.00000000000 0.00000000000 0.00000000000 0.26164984122
0.03574583383 -0.02070089433 0.26082604231 9.61478392951 0.00000000000 0.00000000000 0.00000000000 0.00000000000 0.00000000000 0.00000000000 0.26164623325
0.03576909820 -0.02079654276 0.26081482779 9.58003484466 0.00000000000 0.00000000000 0.00000000000 0.00000000000 0.00000000000 0.00000000000 0.26164263908
0.03579227358 -0.02089221071 0.26080358998 9.54532969665 0.00000000000 0.00000000000 0.00000000000 0.00000000000 0.00000000000 0.00000000000 0.26163905866
0.03581536031 -0.02098789799 0.26079232883 9.50826321494 0.00000000000 0.00000000000 0.00000000000 0.00000000000 0.00000000000 0.00000000000 0.26163549193
0.03583835873 -0.02108360442 0.26078104427 9.47123530737 0.00000000000 0.00000000000 0.00000000000 0.00000000000 0.00000000000 0.00000000000 0.26163193885
0.03586126920 -0.02117932978 0.26076973624 9.43699915027 0.00000000000 0.00000000000 0.00000000000 0.00000000000 0.00000000000 0.00000000000 0.26162839935
0.03588409206 -0.02127507389 0.26075840468 9.40281647983 0.00000000000 0.00000000000 0.00000000000 0.00000000000 0.00000000000 0.00000000000 0.26162487339
0.03590682764 -0.02137083656 0.26074704952 9.36670578427 0.00000000000 0.00000000000 0.00000000000 0.00000000000 0.00000000000 0.00000000000 0.26162136092
0.03592947628 -0.02146661760 0.26073567071 9.33063406772 0.00000000000 0.00000000000 0.00000000000 0.00000000000 0.00000000000 0.00000000000 0.26161786187
0.03595203834 -0.02156241681 0.26072426818 9.29496143787 0.00000000000 0.00000000000 0.00000000000 0.00000000000 0.00000000000 0.00000000000 0.26161437621
0.03597451416 -0.02165823401 0.26071284188 9.25933672075 0.00000000000 0.00000000000 0.00000000000 0.00000000000 0.00000000000 0.00000000000 0.26161090386
0.03599690409 -0.02175406901 0.26070139173 9.22491509587 0.00000000000 0.00000000000 0.00000000000 0.00000000000 0.00000000000 0.00000000000 0.26160744479
0.03601920846 -0.02184992162 0.26068991768 9.19054186473 0.00000000000 0.00000000000 0.00000000000 0.00000000000 0.00000000000 0.00000000000 0.26160399893
0.03604142761 -0.02194579166 0.26067841968 9.15393679726 0.00000000000 0.00000000000 0.00000000000 0.00000000000 0.00000000000 0.00000000000 0.26160056624
0.03606356190 -0.02204167893 0.26066689765 9.11737288165 0.00000000000 0.00000000000 0.00000000000 0.00000000000 0.00000000000 0.00000000000 0.26159714666
0.03608561168 -0.02213758326 0.26065535154 9.08315619424 0.00000000000 0.00000000000 0.00000000000 0.00000000000 0.00000000000 0.00000000000 0.26159374013
0.03610757730 -0.02223350446 0.26064378128 9.04899189966 0.00000000000 0.00000000000 0.00000000000 0.00000000000 0.00000000000 0.00000000000 0.26159034661
0.03612945908 -0.02232944234 0.26063218682 9.01363614584 0.00000000000 0.00000000000 0.00000000000 0.00000000000 0.00000000000 0.00000000000 0.26158696604
0.03615125739 -0.02242539674 0.26062056810 8.97832337377 0.00000000000 0.00000000000 0.00000000000 0.00000000000 0.00000000000 0.00000000000 0.26158359837
0.03617297254 -0.02252136747 0.26060892506 8.95003852401 0.00000000000 0.00000000000 0.00000000000 0.00000000000 0.00000000000 0.00000000000 0.26158024354
0.03619460484 -0.02261735436 0.26059725764 8.92181106601 0.00000000000 0.00000000000 0.00000000000 0.00000000000 0.00000000000 0.00000000000 0.26157690151
0.03621615456 -0.02271335726 0.26058556579 8.89812746005 0.00000000000 0.00000000000 0.00000000000 0.00000000000 0.00000000000 0.00000000000 0.26157357225
0.03623762192 -0.02280937601 0.26057384948 8.87448654324 0.00000000000 0.00000000000 0.00000000000 0.00000000000 0.00000000000 0.00000000000 0.26157025570
0.03625900716 -0.02290541047 0.26056210866 8.84830154609 0.00000000000 0.00000000000 0.00000000000 0.00000000000 0.00000000000 0.00000000000 0.26156695184
0.03628031054 -0.02300146048 0.26055034327 8.82214291452 0.00000000000 0.00000000000 0.00000000000 0.00000000000 0.00000000000 0.00000000000 0.26156366063
0.03630153231 -0.02309752589 0.26053855328 8.79885546472 0.00000000000 0.00000000000 0.00000000000 0.00000000000 0.00000000000 0.00000000000 0.26156038203
0.03632267270 -0.02319360656 0.26052673864 8.77560544098 0.00000000000 0.00000000000 0.00000000000 0.00000000000 0.00000000000 0.00000000000 0.26155711600
0.03634373194 -0.02328970232 0.26051489930 8.74986572154 0.00000000000 0.00000000000 0.00000000000 0.00000000000 0.00000000000 0.00000000000 0.26155386251
0.03636471029 -0.02338581305 0.26050303522 8.72415223852 0.00000000000 0.00000000000 0.00000000000 0.00000000000 0.00000000000 0.00000000000 0.26155062151
0.03638560799 -0.02348193858 0.26049114636 8.70023288095 0.00000000000 0.00000000000 0.00000000000 0.00000000000 0.00000000000 0.00000000000 0.26154739298
0.03640642528 -0.02357807877 0.26047923267 8.67634854403 0.00000000000 0.00000000000 0.00000000000 0.00000000000 0.00000000000 0.00000000000 0.26154417686
0.03642716240 -0.02367423348 0.26046729410 8.65217180648 0.00000000000 0.00000000000 0.00000000000 0.00000000000 0.00000000000 0.00000000000 0.26154097313
0.03644781960 -0.02377040256 0.26045533062 8.62802498119 0.00000000000 0.00000000000 0.00000000000 0.00000000000 0.00000000000 0.00000000000 0.26153778175
0.03646839818 -0.02386658587 0.26044334969 7.83246220265 0.00000000000 0.00000000000 0.00000000000 0.00000000000 0.00000000000 0.00000000000 0.26153461017
0.03648890384 -0.02396278329 0.26043138906 9.56467005906 0.00000000000 0.00000000000 0.00000000000 0.00000000000 0.00000000000 0.00000000000 0.26153149598
0.03650934248 -0.02405899466 0.26041948800 10.09966877331 0.00000000000 0.00000000000 0.00000000000 0.00000000000 0.00000000000 0.00000000000 0.26152847829
0.03652971647 -0.02415521987 0.26040766133 10.67880100531 0.00000000000 0.00000000000 0.00000000000 0.00000000000 0.00000000000 0.00000000000 0.26152557184
0.03655002576 -0.02425145877 0.26039590716 7.87608449974 0.00000000000 0.00000000000 0.00000000000 0.00000000000 0.00000000000 0.00000000000 0.26152277476
0.03657026427 -0.02434771121 0.26038418125 8.55194950288 0.00000000000 0.00000000000 0.00000000000 0.00000000000 0.00000000000 0.00000000000 0.26152004299
0.03659042564 -0.02444397704 0.26037243779 8.53399576302 0.00000000000 0.00000000000 0.00000000000 0.00000000000 0.00000000000 0.00000000000 0.26151733093
0.03661050879 -0.02454025610 0.26036066756 8.51141949564 0.00000000000 0.00000000000 0.00000000000 0.00000000000 0.00000000000 0.00000000000 0.26151462939
0.03663051395 -0.02463654828 0.26034887052 8.48625549456 0.00000000000 0.00000000000 0.00000000000 0.00000000000 0.00000000000 0.00000000000 0.26151193834
0.03665044136 -0.02473285342 0.26033704663 8.46112041068 0.00000000000 0.00000000000 0.00000000000 0.00000000000 0.00000000000 0.00000000000 0.26150925775
0.03667029128 -0.02482917138 0.26032519585 8.43908986658 0.00000000000 0.00000000000 0.00000000000 0.00000000000 0.00000000000 0.00000000000 0.26150658758
0.03669006394 -0.02492550203 0.26031331815 8.41709359063 0.00000000000 0.00000000000 0.00000000000 0.00000000000 0.00000000000 0.00000000000 0.26150392781
0.03670975952 -0.02502184524 0.26030141349 8.41080778980 0.00000000000 0.00000000000 0.00000000000 0.00000000000 0.00000000000 0.00000000000 0.26150127840
0.03672937812 -0.02511820091 0.26028948186 8.40455613723 0.00000000000 0.00000000000 0.00000000000 0.00000000000 0.00000000000 0.00000000000 0.26149863935
0.03674891977 -0.02521456896 0.26027752323 8.40452005082 0.00000000000 0.00000000000 0.00000000000 0.00000000000 0.00000000000 0.00000000000 0.26149601065
0.03676838448 -0.02531094931 0.26026553760 8.40449960949 0.00000000000 0.00000000000 0.00000000000 0.00000000000 0.00000000000 0.00000000000 0.26149339230
0.03678777225 -0.02540734188 0.26025352496 8.40315771248 0.00000000000 0.00000000000 0.00000000000 0.00000000000 0.00000000000 0.00000000000 0.26149078431
0.03680708307 -0.02550374659 0.26024148530 8.40182312901 0.00000000000 0.00000000000 0.00000000000 0.00000000000 0.00000000000 0.00000000000 0.26148818666
0.03682631696 -0.02560016337 0.26022941860 8.39978154015 0.00000000000 0.00000000000 0.00000000000 0.00000000000 0.00000000000 0.00000000000 0.26148559936
0.03684547392 -0.02569659214 0.26021732486 8.39774870868 0.00000000000 0.00000000000 0.00000000000 0.00000000000 0.00000000000 0.00000000000 0.26148302241
0.03686455397 -0.02579303281 0.26020520407 8.39477676557 0.00000000000 0.00000000000 0.00000000000 0.00000000000 0.00000000000 0.00000000000 0.26148045580
0.03688355713 -0.02588948529 0.26019305621 8.39181400476 0.00000000000 0.00000000000 0.00000000000 0.00000000000 0.00000000000 0.00000000000 0.26147789954
0.03690248342 -0.02598594950 0.26018088127 8.38961761714 0.00000000000 0.00000000000 0.00000000000 0.00000000000 0.00000000000 0.00000000000 0.26147535362
0.03692133286 -0.02608242536 0.26016867924 8.38743134106 0.00000000000 0.00000000000 0.00000000000 0.00000000000 0.00000000000 0.00000000000 0.26147281803
0.03694010546 -0.02617891279 0.26015645011 8.38277974135 0.00000000000 0.00000000000 0.00000000000 0.00000000000 0.00000000000 0.00000000000 0.26147029279
0.03695880126 -0.02627541170 0.26014419387 8.37813601338 0.00000000000 0.00000000000 0.00000000000 0.00000000000 0.00000000000 0.00000000000 0.26146777787
0.03697742030 -0.02637192200 0.26013191050 8.37511443324 0.00000000000 0.00000000000 0.00000000000 0.00000000000 0.00000000000 0.00000000000 0.26146527328
0.03699596260 -0.02646844361 0.26011959999 8.37210347395 0.00000000000 0.00000000000 0.00000000000 0.00000000000 0.00000000000 0.00000000000 0.26146277901
0.03701442820 -0.02656497641 0.26010726183 8.46911509717 0.00000000000 0.00000000000 0.00000000000 0.00000000000 0.00000000000 0.00000000000 0.26146029456
0.03703281713 -0.02666152003 0.26009489351 8.57628020969 0.00000000000 0.00000000000 0.00000000000 0.00000000000 0.00000000000 0.00000000000 0.26145781740
0.03705112944 -0.02675807427 0.26008249366 8.32536667646 0.00000000000 0.00000000000 0.00000000000 0.00000000000 0.00000000000 0.00000000000 0.26145534619
0.03706936516 -0.02685463957 0.26007006763 8.12972038143 0.00000000000 0.00000000000 0.00000000000 0.00000000000 0.00000000000 0.00000000000 0.26145288628
0.03708752435 -0.02695121641 0.26005762115 8.13616744168 0.00000000000 0.00000000000 0.00000000000 0.00000000000 0.00000000000 0.00000000000 0.26145044345
0.03710560705 -0.02704780478 0.26004515496 8.14300386190 0.00000000000 0.00000000000 0.00000000000 0.00000000000 0.00000000000 0.00000000000 0.26144801847
0.03712361329 -0.02714440456 0.26003266857 8.15018411417 0.00000000000 0.00000000000 0.00000000000 0.00000000000 0.00000000000 0.00000000000 0.26144561083
0.03714154312 -0.02724101562 0.26002016146 8.15770726103 0.00000000000 0.00000000000 0.00000000000 0.00000000000 0.00000000000 0.00000000000 0.26144322003
