VARIABLES=
"CoordinateX"
"CoordinateY"
"CoordinateZ"
"Kappa1"
"Kappa2"
"dy"
"dz"
"d2x"
"d2y"
"d2z"
"R"
ZONE T="Konrollpunkte"
I=101, J=1, K=1
0.03735972408 -0.02845183021 0.25986093447 0.00000000000 0.00000000000 0.00000000000 0.00000000000 0.00000000000 0.00000000000 0.00000000000 0.00000000000
0.03736313719 -0.02847123365 0.25985834741 0.00000000000 0.00000000000 0.00000000000 0.00000000000 0.00000000000 0.00000000000 0.00000000000 0.00000000000
0.03736844823 -0.02850145759 0.25985431545 0.00000000000 0.00000000000 0.00000000000 0.00000000000 0.00000000000 0.00000000000 0.00000000000 0.00000000000
0.03737574627 -0.02854303173 0.25984876451 0.00000000000 0.00000000000 0.00000000000 0.00000000000 0.00000000000 0.00000000000 0.00000000000 0.00000000000
0.03738152845 -0.02857599549 0.25984435900 0.00000000000 0.00000000000 0.00000000000 0.00000000000 0.00000000000 0.00000000000 0.00000000000 0.00000000000
0.03738753182 -0.02861024826 0.25983977738 0.00000000000 0.00000000000 0.00000000000 0.00000000000 0.00000000000 0.00000000000 0.00000000000 0.00000000000
0.03739365207 -0.02864519738 0.25983509859 0.00000000000 0.00000000000 0.00000000000 0.00000000000 0.00000000000 0.00000000000 0.00000000000 0.00000000000
0.03739980489 -0.02868036233 0.25983038677 0.00000000000 0.00000000000 0.00000000000 0.00000000000 0.00000000000 0.00000000000 0.00000000000 0.00000000000
0.03740591303 -0.02871530143 0.25982570113 0.00000000000 0.00000000000 0.00000000000 0.00000000000 0.00000000000 0.00000000000 0.00000000000 0.00000000000
0.03741194997 -0.02874986206 0.25982106222 0.00000000000 0.00000000000 0.00000000000 0.00000000000 0.00000000000 0.00000000000 0.00000000000 0.00000000000
0.03741792446 -0.02878409327 0.25981646357 0.00000000000 0.00000000000 0.00000000000 0.00000000000 0.00000000000 0.00000000000 0.00000000000 0.00000000000
0.03742385562 -0.02881810383 0.25981189068 0.00000000000 0.00000000000 0.00000000000 0.00000000000 0.00000000000 0.00000000000 0.00000000000 0.00000000000
0.03742975713 -0.02885197170 0.25980733311 0.00000000000 0.00000000000 0.00000000000 0.00000000000 0.00000000000 0.00000000000 0.00000000000 0.00000000000
0.03743563705 -0.02888574262 0.25980278476 0.00000000000 0.00000000000 0.00000000000 0.00000000000 0.00000000000 0.00000000000 0.00000000000 0.00000000000
0.03744150238 -0.02891945667 0.25979824024 0.00000000000 0.00000000000 0.00000000000 0.00000000000 0.00000000000 0.00000000000 0.00000000000 0.00000000000
0.03744735981 -0.02895315202 0.25979369443 0.00000000000 0.00000000000 0.00000000000 0.00000000000 0.00000000000 0.00000000000 0.00000000000 0.00000000000
0.03745321408 -0.02898685578 0.25978914365 0.00000000000 0.00000000000 0.00000000000 0.00000000000 0.00000000000 0.00000000000 0.00000000000 0.00000000000
0.03745906732 -0.02902058024 0.25978458626 0.00000000000 0.00000000000 0.00000000000 0.00000000000 0.00000000000 0.00000000000 0.00000000000 0.00000000000
0.03746491962 -0.02905432586 0.25978002216 0.00000000000 0.00000000000 0.00000000000 0.00000000000 0.00000000000 0.00000000000 0.00000000000 0.00000000000
0.03747077005 -0.02908808721 0.25977545210 0.00000000000 0.00000000000 0.00000000000 0.00000000000 0.00000000000 0.00000000000 0.00000000000 0.00000000000
0.03747661753 -0.02912185792 0.25977087692 0.00000000000 0.00000000000 0.00000000000 0.00000000000 0.00000000000 0.00000000000 0.00000000000 0.00000000000
0.03748246126 -0.02915563334 0.25976629726 0.00000000000 0.00000000000 0.00000000000 0.00000000000 0.00000000000 0.00000000000 0.00000000000 0.00000000000
0.03748830081 -0.02918941088 0.25976171345 0.00000000000 0.00000000000 0.00000000000 0.00000000000 0.00000000000 0.00000000000 0.00000000000 0.00000000000
0.03749413598 -0.02922318932 0.25975712566 0.00000000000 0.00000000000 0.00000000000 0.00000000000 0.00000000000 0.00000000000 0.00000000000 0.00000000000
0.03749996672 -0.02925696821 0.25975253395 0.00000000000 0.00000000000 0.00000000000 0.00000000000 0.00000000000 0.00000000000 0.00000000000 0.00000000000
0.03750579303 -0.02929074742 0.25974793833 0.00000000000 0.00000000000 0.00000000000 0.00000000000 0.00000000000 0.00000000000 0.00000000000 0.00000000000
0.03751161490 -0.02932452691 0.25974333881 0.00000000000 0.00000000000 0.00000000000 0.00000000000 0.00000000000 0.00000000000 0.00000000000 0.00000000000
0.03751743237 -0.02935830666 0.25973873538 0.00000000000 0.00000000000 0.00000000000 0.00000000000 0.00000000000 0.00000000000 0.00000000000 0.00000000000
0.03752324544 -0.02939208668 0.25973412804 0.00000000000 0.00000000000 0.00000000000 0.00000000000 0.00000000000 0.00000000000 0.00000000000 0.00000000000
0.03752905413 -0.02942586693 0.25972951680 0.00000000000 0.00000000000 0.00000000000 0.00000000000 0.00000000000 0.00000000000 0.00000000000 0.00000000000
0.03753485846 -0.02945964740 0.25972490166 0.00000000000 0.00000000000 0.00000000000 0.00000000000 0.00000000000 0.00000000000 0.00000000000 0.00000000000
0.03754065842 -0.02949342800 0.25972028261 0.00000000000 0.00000000000 0.00000000000 0.00000000000 0.00000000000 0.00000000000 0.00000000000 0.00000000000
0.03754645401 -0.02952720859 0.25971565969 0.00000000000 0.00000000000 0.00000000000 0.00000000000 0.00000000000 0.00000000000 0.00000000000 0.00000000000
0.03755224521 -0.02956098892 0.25971103291 0.00000000000 0.00000000000 0.00000000000 0.00000000000 0.00000000000 0.00000000000 0.00000000000 0.00000000000
0.03755803197 -0.02959476865 0.25970640233 0.00000000000 0.00000000000 0.00000000000 0.00000000000 0.00000000000 0.00000000000 0.00000000000 0.00000000000
0.03756381426 -0.02962854745 0.25970176799 0.00000000000 0.00000000000 0.00000000000 0.00000000000 0.00000000000 0.00000000000 0.00000000000 0.00000000000
0.03756959208 -0.02966232518 0.25969712990 0.00000000000 0.00000000000 0.00000000000 0.00000000000 0.00000000000 0.00000000000 0.00000000000 0.00000000000
0.03757536546 -0.02969610205 0.25969248803 0.00000000000 0.00000000000 0.00000000000 0.00000000000 0.00000000000 0.00000000000 0.00000000000 0.00000000000
0.03758113455 -0.02972987868 0.25968784231 0.00000000000 0.00000000000 0.00000000000 0.00000000000 0.00000000000 0.00000000000 0.00000000000 0.00000000000
0.03758689954 -0.02976365636 0.25968319254 0.00000000000 0.00000000000 0.00000000000 0.00000000000 0.00000000000 0.00000000000 0.00000000000 0.00000000000
0.03759266100 -0.02979743690 0.25967853844 0.00000000000 0.00000000000 0.00000000000 0.00000000000 0.00000000000 0.00000000000 0.00000000000 0.00000000000
0.03759841818 -0.02983122329 0.25967387978 0.00000000000 0.00000000000 0.00000000000 0.00000000000 0.00000000000 0.00000000000 0.00000000000 0.00000000000
0.03760417611 -0.02986501728 0.25966921567 0.00000000000 0.00000000000 0.00000000000 0.00000000000 0.00000000000 0.00000000000 0.00000000000 0.00000000000
0.03760987386 -0.02989882945 0.25966455313 0.00000000000 0.00000000000 0.00000000000 0.00000000000 0.00000000000 0.00000000000 0.00000000000 0.00000000000
0.03761547289 -0.02993266484 0.25965989680 0.00000000000 0.00000000000 0.00000000000 0.00000000000 0.00000000000 0.00000000000 0.00000000000 0.00000000000
0.03762080220 -0.02996654324 0.25965526753 0.00000000000 0.00000000000 0.00000000000 0.00000000000 0.00000000000 0.00000000000 0.00000000000 0.00000000000
0.03762564846 -0.03000048465 0.25965069190 0.00000000000 0.00000000000 0.00000000000 0.00000000000 0.00000000000 0.00000000000 0.00000000000 0.00000000000
0.03762979316 -0.03003450232 0.25964619793 0.00000000000 0.00000000000 0.00000000000 0.00000000000 0.00000000000 0.00000000000 0.00000000000 0.00000000000
0.03763299326 -0.03006860284 0.25964181775 0.00000000000 0.00000000000 0.00000000000 0.00000000000 0.00000000000 0.00000000000 0.00000000000 0.00000000000
0.03763503040 -0.03010277678 0.25963758199 0.00000000000 0.00000000000 0.00000000000 0.00000000000 0.00000000000 0.00000000000 0.00000000000 0.00000000000
0.03763568558 -0.03013699779 0.25963352334 0.00000000000 0.00000000000 0.00000000000 0.00000000000 0.00000000000 0.00000000000 0.00000000000 0.00000000000
0.03763478512 -0.03017121583 0.25962967113 0.00000000000 0.00000000000 0.00000000000 0.00000000000 0.00000000000 0.00000000000 0.00000000000 0.00000000000
0.03763225188 -0.03020535961 0.25962604412 0.00000000000 0.00000000000 0.00000000000 0.00000000000 0.00000000000 0.00000000000 0.00000000000 0.00000000000
0.03762804455 -0.03023934786 0.25962265739 0.00000000000 0.00000000000 0.00000000000 0.00000000000 0.00000000000 0.00000000000 0.00000000000 0.00000000000
0.03762215353 -0.03027309459 0.25961952236 0.00000000000 0.00000000000 0.00000000000 0.00000000000 0.00000000000 0.00000000000 0.00000000000 0.00000000000
0.03761459911 -0.03030651321 0.25961664648 0.00000000000 0.00000000000 0.00000000000 0.00000000000 0.00000000000 0.00000000000 0.00000000000 0.00000000000
0.03760539719 -0.03033951625 0.25961403797 0.00000000000 0.00000000000 0.00000000000 0.00000000000 0.00000000000 0.00000000000 0.00000000000 0.00000000000
0.03759457574 -0.03037201825 0.25961170319 0.00000000000 0.00000000000 0.00000000000 0.00000000000 0.00000000000 0.00000000000 0.00000000000 0.00000000000
0.03758216219 -0.03040393489 0.25960964852 0.00000000000 0.00000000000 0.00000000000 0.00000000000 0.00000000000 0.00000000000 0.00000000000 0.00000000000
0.03756819027 -0.03043518660 0.25960787894 0.00000000000 0.00000000000 0.00000000000 0.00000000000 0.00000000000 0.00000000000 0.00000000000 0.00000000000
0.03755269287 -0.03046569634 0.25960639928 0.00000000000 0.00000000000 0.00000000000 0.00000000000 0.00000000000 0.00000000000 0.00000000000 0.00000000000
0.03753570969 -0.03049539327 0.25960521276 0.00000000000 0.00000000000 0.00000000000 0.00000000000 0.00000000000 0.00000000000 0.00000000000 0.00000000000
0.03751727843 -0.03052420667 0.25960432288 0.00000000000 0.00000000000 0.00000000000 0.00000000000 0.00000000000 0.00000000000 0.00000000000 0.00000000000
0.03749744523 -0.03055207054 0.25960373146 0.00000000000 0.00000000000 0.00000000000 0.00000000000 0.00000000000 0.00000000000 0.00000000000 0.00000000000
0.03747625582 -0.03057891690 0.25960344063 0.00000000000 0.00000000000 0.00000000000 0.00000000000 0.00000000000 0.00000000000 0.00000000000 0.00000000000
0.03745376299 -0.03060468113 0.25960345117 0.00000000000 0.00000000000 0.00000000000 0.00000000000 0.00000000000 0.00000000000 0.00000000000 0.00000000000
0.03743002026 -0.03062929739 0.25960376393 0.00000000000 0.00000000000 0.00000000000 0.00000000000 0.00000000000 0.00000000000 0.00000000000 0.00000000000
0.03740508737 -0.03065270497 0.25960437833 0.00000000000 0.00000000000 0.00000000000 0.00000000000 0.00000000000 0.00000000000 0.00000000000 0.00000000000
0.03737902618 -0.03067484518 0.25960529324 0.00000000000 0.00000000000 0.00000000000 0.00000000000 0.00000000000 0.00000000000 0.00000000000 0.00000000000
0.03735190158 -0.03069566339 0.25960650667 0.00000000000 0.00000000000 0.00000000000 0.00000000000 0.00000000000 0.00000000000 0.00000000000 0.00000000000
0.03732378084 -0.03071510837 0.25960801589 0.00000000000 0.00000000000 0.00000000000 0.00000000000 0.00000000000 0.00000000000 0.00000000000 0.00000000000
0.03729473300 -0.03073313186 0.25960981755 0.00000000000 0.00000000000 0.00000000000 0.00000000000 0.00000000000 0.00000000000 0.00000000000 0.00000000000
0.03726482970 -0.03074968980 0.25961190749 0.00000000000 0.00000000000 0.00000000000 0.00000000000 0.00000000000 0.00000000000 0.00000000000 0.00000000000
0.03723414399 -0.03076474067 0.25961428099 0.00000000000 0.00000000000 0.00000000000 0.00000000000 0.00000000000 0.00000000000 0.00000000000 0.00000000000
0.03720275168 -0.03077824841 0.25961693232 0.00000000000 0.00000000000 0.00000000000 0.00000000000 0.00000000000 0.00000000000 0.00000000000 0.00000000000
0.03717073008 -0.03079018038 0.25961985513 0.00000000000 0.00000000000 0.00000000000 0.00000000000 0.00000000000 0.00000000000 0.00000000000 0.00000000000
0.03713815769 -0.03080050702 0.25962304249 0.00000000000 0.00000000000 0.00000000000 0.00000000000 0.00000000000 0.00000000000 0.00000000000 0.00000000000
0.03710511457 -0.03080920293 0.25962648676 0.00000000000 0.00000000000 0.00000000000 0.00000000000 0.00000000000 0.00000000000 0.00000000000 0.00000000000
0.03707168167 -0.03081624545 0.25963017981 0.00000000000 0.00000000000 0.00000000000 0.00000000000 0.00000000000 0.00000000000 0.00000000000 0.00000000000
0.03703794168 -0.03082161926 0.25963411241 0.00000000000 0.00000000000 0.00000000000 0.00000000000 0.00000000000 0.00000000000 0.00000000000 0.00000000000
0.03700397729 -0.03082530928 0.25963827522 0.00000000000 0.00000000000 0.00000000000 0.00000000000 0.00000000000 0.00000000000 0.00000000000 0.00000000000
0.03696987228 -0.03082730897 0.25964265774 0.00000000000 0.00000000000 0.00000000000 0.00000000000 0.00000000000 0.00000000000 0.00000000000 0.00000000000
0.03693571036 -0.03082761091 0.25964724953 0.00000000000 0.00000000000 0.00000000000 0.00000000000 0.00000000000 0.00000000000 0.00000000000 0.00000000000
0.03690157543 -0.03082621652 0.25965203907 0.00000000000 0.00000000000 0.00000000000 0.00000000000 0.00000000000 0.00000000000 0.00000000000 0.00000000000
0.03686755136 -0.03082312617 0.25965701491 0.00000000000 0.00000000000 0.00000000000 0.00000000000 0.00000000000 0.00000000000 0.00000000000 0.00000000000
0.03683372025 -0.03081834954 0.25966216469 0.00000000000 0.00000000000 0.00000000000 0.00000000000 0.00000000000 0.00000000000 0.00000000000 0.00000000000
0.03680016281 -0.03081189714 0.25966747615 0.00000000000 0.00000000000 0.00000000000 0.00000000000 0.00000000000 0.00000000000 0.00000000000 0.00000000000
0.03676695435 -0.03080378129 0.25967293747 0.00000000000 0.00000000000 0.00000000000 0.00000000000 0.00000000000 0.00000000000 0.00000000000 0.00000000000
0.03673416537 -0.03079401713 0.25967853716 0.00000000000 0.00000000000 0.00000000000 0.00000000000 0.00000000000 0.00000000000 0.00000000000 0.00000000000
0.03670186341 -0.03078262139 0.25968426386 0.00000000000 0.00000000000 0.00000000000 0.00000000000 0.00000000000 0.00000000000 0.00000000000 0.00000000000
0.03667011520 -0.03076961178 0.25969010623 0.00000000000 0.00000000000 0.00000000000 0.00000000000 0.00000000000 0.00000000000 0.00000000000 0.00000000000
0.03663900048 -0.03075503799 0.25969604732 0.00000000000 0.00000000000 0.00000000000 0.00000000000 0.00000000000 0.00000000000 0.00000000000 0.00000000000
0.03660861637 -0.03073899506 0.25970206246 0.00000000000 0.00000000000 0.00000000000 0.00000000000 0.00000000000 0.00000000000 0.00000000000 0.00000000000
0.03657908753 -0.03072157071 0.25970812409 0.00000000000 0.00000000000 0.00000000000 0.00000000000 0.00000000000 0.00000000000 0.00000000000 0.00000000000
0.03655060210 -0.03070279838 0.25971420250 0.00000000000 0.00000000000 0.00000000000 0.00000000000 0.00000000000 0.00000000000 0.00000000000 0.00000000000
0.03652338807 -0.03068267374 0.25972026701 0.00000000000 0.00000000000 0.00000000000 0.00000000000 0.00000000000 0.00000000000 0.00000000000 0.00000000000
0.03649766547 -0.03066121676 0.25972655918 0.00000000000 0.00000000000 0.00000000000 0.00000000000 0.00000000000 0.00000000000 0.00000000000 0.00000000000
0.03647354048 -0.03063862270 0.25973297842 0.00000000000 0.00000000000 0.00000000000 0.00000000000 0.00000000000 0.00000000000 0.00000000000 0.00000000000
0.03644368512 -0.03060786326 0.25974124935 0.00000000000 0.00000000000 0.00000000000 0.00000000000 0.00000000000 0.00000000000 0.00000000000 0.00000000000
0.03642383084 -0.03058422983 0.25974712173 0.00000000000 0.00000000000 0.00000000000 0.00000000000 0.00000000000 0.00000000000 0.00000000000 0.00000000000
0.03641138858 -0.03056775539 0.25975099650 0.00000000000 0.00000000000 0.00000000000 0.00000000000 0.00000000000 0.00000000000 0.00000000000 0.00000000000
ZONE T="NURB"
I=201, J=1, K=1
0.03735972408 -0.02845183021 0.25986093447 6.52021871865 0.00000000000 0.00000000000 0.00000000000 0.00000000000 0.00000000000 0.00000000000 0.26141387091
0.03736242237 -0.02846717400 0.25985888838 5.83169295570 0.00000000000 0.00000000000 0.00000000000 0.00000000000 0.00000000000 0.00000000000 0.26141350743
0.03736515924 -0.02848274479 0.25985681141 5.24378104292 0.00000000000 0.00000000000 0.00000000000 0.00000000000 0.00000000000 0.00000000000 0.26141313889
0.03736792929 -0.02849851131 0.25985470771 4.74172388915 0.00000000000 0.00000000000 0.00000000000 0.00000000000 0.00000000000 0.00000000000 0.26141276608
0.03737072716 -0.02851444241 0.25985258143 4.49771047082 0.00000000000 0.00000000000 0.00000000000 0.00000000000 0.00000000000 0.00000000000 0.26141238972
0.03737355353 -0.02853054162 0.25985043200 5.08946651648 0.00000000000 0.00000000000 0.00000000000 0.00000000000 0.00000000000 0.00000000000 0.26141200970
0.03737642346 -0.02854689510 0.25984824771 5.41052764428 0.00000000000 0.00000000000 0.00000000000 0.00000000000 0.00000000000 0.00000000000 0.26141162380
0.03737934700 -0.02856356053 0.25984602071 5.23555900923 0.00000000000 0.00000000000 0.00000000000 0.00000000000 0.00000000000 0.00000000000 0.26141123057
0.03738231954 -0.02858051211 0.25984375445 5.13311290936 0.00000000000 0.00000000000 0.00000000000 0.00000000000 0.00000000000 0.00000000000 0.26141083069
0.03738533302 -0.02859770429 0.25984145505 5.12129494472 0.00000000000 0.00000000000 0.00000000000 0.00000000000 0.00000000000 0.00000000000 0.26141042530
0.03738837628 -0.02861507357 0.25983913097 5.14186520035 0.00000000000 0.00000000000 0.00000000000 0.00000000000 0.00000000000 0.00000000000 0.26141001591
0.03739143846 -0.02863255826 0.25983679043 5.11796148101 0.00000000000 0.00000000000 0.00000000000 0.00000000000 0.00000000000 0.00000000000 0.26140960398
0.03739450996 -0.02865010360 0.25983444076 5.12384567210 0.00000000000 0.00000000000 0.00000000000 0.00000000000 0.00000000000 0.00000000000 0.26140919081
0.03739758156 -0.02866765692 0.25983208898 5.10447890454 0.00000000000 0.00000000000 0.00000000000 0.00000000000 0.00000000000 0.00000000000 0.26140877762
0.03740064451 -0.02868516823 0.25982974182 5.11994904339 0.00000000000 0.00000000000 0.00000000000 0.00000000000 0.00000000000 0.00000000000 0.26140836561
0.03740369227 -0.02870259996 0.25982740430 5.10574028165 0.00000000000 0.00000000000 0.00000000000 0.00000000000 0.00000000000 0.00000000000 0.26140795564
0.03740672212 -0.02871993655 0.25982507854 5.10633627282 0.00000000000 0.00000000000 0.00000000000 0.00000000000 0.00000000000 0.00000000000 0.26140754808
0.03740973317 -0.02873717266 0.25982276525 5.10333825736 0.00000000000 0.00000000000 0.00000000000 0.00000000000 0.00000000000 0.00000000000 0.26140714305
0.03741272704 -0.02875431746 0.25982046324 5.09608247952 0.00000000000 0.00000000000 0.00000000000 0.00000000000 0.00000000000 0.00000000000 0.26140674033
0.03741570593 -0.02877138344 0.25981817082 5.09705273050 0.00000000000 0.00000000000 0.00000000000 0.00000000000 0.00000000000 0.00000000000 0.26140633962
0.03741867260 -0.02878838638 0.25981588591 5.08681131278 0.00000000000 0.00000000000 0.00000000000 0.00000000000 0.00000000000 0.00000000000 0.26140594056
0.03742162958 -0.02880534061 0.25981360657 5.08607300345 0.00000000000 0.00000000000 0.00000000000 0.00000000000 0.00000000000 0.00000000000 0.26140554280
0.03742457878 -0.02882225702 0.25981133135 5.07730061802 0.00000000000 0.00000000000 0.00000000000 0.00000000000 0.00000000000 0.00000000000 0.26140514608
0.03742752174 -0.02883914446 0.25980905907 5.07416129934 0.00000000000 0.00000000000 0.00000000000 0.00000000000 0.00000000000 0.00000000000 0.26140475021
0.03743045947 -0.02885600863 0.25980678897 5.06731133418 0.00000000000 0.00000000000 0.00000000000 0.00000000000 0.00000000000 0.00000000000 0.26140435503
0.03743339284 -0.02887285447 0.25980452038 5.06358580848 0.00000000000 0.00000000000 0.00000000000 0.00000000000 0.00000000000 0.00000000000 0.26140396045
0.03743632259 -0.02888968621 0.25980225274 5.05719079524 0.00000000000 0.00000000000 0.00000000000 0.00000000000 0.00000000000 0.00000000000 0.26140356635
0.03743924943 -0.02890650798 0.25979998549 5.05360182810 0.00000000000 0.00000000000 0.00000000000 0.00000000000 0.00000000000 0.00000000000 0.26140317263
0.03744217408 -0.02892332377 0.25979771809 5.04717576309 0.00000000000 0.00000000000 0.00000000000 0.00000000000 0.00000000000 0.00000000000 0.26140277922
0.03744509717 -0.02894013724 0.25979545006 5.04336952299 0.00000000000 0.00000000000 0.00000000000 0.00000000000 0.00000000000 0.00000000000 0.26140238601
0.03744801921 -0.02895695137 0.25979318098 5.03727129286 0.00000000000 0.00000000000 0.00000000000 0.00000000000 0.00000000000 0.00000000000 0.26140199295
0.03745094064 -0.02897376857 0.25979091054 5.03292251364 0.00000000000 0.00000000000 0.00000000000 0.00000000000 0.00000000000 0.00000000000 0.26140159997
0.03745386169 -0.02899059024 0.25978863854 5.02740302971 0.00000000000 0.00000000000 0.00000000000 0.00000000000 0.00000000000 0.00000000000 0.26140120703
0.03745678252 -0.02900741725 0.25978636487 5.02256398382 0.00000000000 0.00000000000 0.00000000000 0.00000000000 0.00000000000 0.00000000000 0.26140081413
0.03745970314 -0.02902424966 0.25978408951 5.01759591893 0.00000000000 0.00000000000 0.00000000000 0.00000000000 0.00000000000 0.00000000000 0.26140042126
0.03746262350 -0.02904108723 0.25978181250 5.01245224778 0.00000000000 0.00000000000 0.00000000000 0.00000000000 0.00000000000 0.00000000000 0.26140002842
0.03746554350 -0.02905792931 0.25977953393 5.00776491697 0.00000000000 0.00000000000 0.00000000000 0.00000000000 0.00000000000 0.00000000000 0.26139963562
0.03746846301 -0.02907477514 0.25977725389 5.00254009140 0.00000000000 0.00000000000 0.00000000000 0.00000000000 0.00000000000 0.00000000000 0.26139924290
0.03747138190 -0.02909162395 0.25977497249 4.99792641659 0.00000000000 0.00000000000 0.00000000000 0.00000000000 0.00000000000 0.00000000000 0.26139885026
0.03747430003 -0.02910847499 0.25977268983 4.99278435470 0.00000000000 0.00000000000 0.00000000000 0.00000000000 0.00000000000 0.00000000000 0.26139845772
0.03747721730 -0.02912532766 0.25977040599 4.98810960697 0.00000000000 0.00000000000 0.00000000000 0.00000000000 0.00000000000 0.00000000000 0.26139806530
0.03748013364 -0.02914218147 0.25976812104 4.98307567532 0.00000000000 0.00000000000 0.00000000000 0.00000000000 0.00000000000 0.00000000000 0.26139767300
0.03748304898 -0.02915903606 0.25976583502 4.97831355449 0.00000000000 0.00000000000 0.00000000000 0.00000000000 0.00000000000 0.00000000000 0.26139728083
0.03748596327 -0.02917589116 0.25976354797 4.97335286199 0.00000000000 0.00000000000 0.00000000000 0.00000000000 0.00000000000 0.00000000000 0.26139688881
0.03748887649 -0.02919274661 0.25976125992 4.96852921098 0.00000000000 0.00000000000 0.00000000000 0.00000000000 0.00000000000 0.00000000000 0.26139649693
0.03749178863 -0.02920960227 0.25975897087 4.96362528534 0.00000000000 0.00000000000 0.00000000000 0.00000000000 0.00000000000 0.00000000000 0.26139610520
0.03749469966 -0.02922645809 0.25975668084 4.95877418163 0.00000000000 0.00000000000 0.00000000000 0.00000000000 0.00000000000 0.00000000000 0.26139571361
0.03749760960 -0.02924331403 0.25975438984 4.95389160954 0.00000000000 0.00000000000 0.00000000000 0.00000000000 0.00000000000 0.00000000000 0.26139532218
0.03750051843 -0.02926017005 0.25975209786 4.94903148012 0.00000000000 0.00000000000 0.00000000000 0.00000000000 0.00000000000 0.00000000000 0.26139493089
0.03750342615 -0.02927702614 0.25974980491 4.94416626349 0.00000000000 0.00000000000 0.00000000000 0.00000000000 0.00000000000 0.00000000000 0.26139453975
0.03750633276 -0.02929388229 0.25974751099 4.93931283382 0.00000000000 0.00000000000 0.00000000000 0.00000000000 0.00000000000 0.00000000000 0.26139414876
0.03750923827 -0.02931073850 0.25974521610 4.93445705322 0.00000000000 0.00000000000 0.00000000000 0.00000000000 0.00000000000 0.00000000000 0.26139375792
0.03751214268 -0.02932759475 0.25974292024 4.92961250563 0.00000000000 0.00000000000 0.00000000000 0.00000000000 0.00000000000 0.00000000000 0.26139336723
0.03751504599 -0.02934445104 0.25974062341 4.92476811760 0.00000000000 0.00000000000 0.00000000000 0.00000000000 0.00000000000 0.00000000000 0.26139297668
0.03751794819 -0.02936130737 0.25973832562 4.91993488690 0.00000000000 0.00000000000 0.00000000000 0.00000000000 0.00000000000 0.00000000000 0.26139258628
0.03752084929 -0.02937816371 0.25973602685 4.91509825201 0.00000000000 0.00000000000 0.00000000000 0.00000000000 0.00000000000 0.00000000000 0.26139219604
0.03752374929 -0.02939502007 0.25973372712 4.91027453508 0.00000000000 0.00000000000 0.00000000000 0.00000000000 0.00000000000 0.00000000000 0.26139180594
0.03752664819 -0.02941187643 0.25973142643 4.90544810870 0.00000000000 0.00000000000 0.00000000000 0.00000000000 0.00000000000 0.00000000000 0.26139141598
0.03752954599 -0.02942873278 0.25972912477 4.90063468338 0.00000000000 0.00000000000 0.00000000000 0.00000000000 0.00000000000 0.00000000000 0.26139102618
0.03753244270 -0.02944558913 0.25972682215 4.89582476011 0.00000000000 0.00000000000 0.00000000000 0.00000000000 0.00000000000 0.00000000000 0.26139063652
0.03753533830 -0.02946244545 0.25972451856 4.89101810890 0.00000000000 0.00000000000 0.00000000000 0.00000000000 0.00000000000 0.00000000000 0.26139024701
0.03753823281 -0.02947930175 0.25972221401 4.88617202382 0.00000000000 0.00000000000 0.00000000000 0.00000000000 0.00000000000 0.00000000000 0.26138985765
0.03754112623 -0.02949615802 0.25971990850 4.88136089667 0.00000000000 0.00000000000 0.00000000000 0.00000000000 0.00000000000 0.00000000000 0.26138946844
0.03754401855 -0.02951301426 0.25971760203 4.87667508005 0.00000000000 0.00000000000 0.00000000000 0.00000000000 0.00000000000 0.00000000000 0.26138907937
0.03754690979 -0.02952987046 0.25971529459 4.87195271015 0.00000000000 0.00000000000 0.00000000000 0.00000000000 0.00000000000 0.00000000000 0.26138869045
0.03754979993 -0.02954672663 0.25971298619 4.86701399488 0.00000000000 0.00000000000 0.00000000000 0.00000000000 0.00000000000 0.00000000000 0.26138830167
0.03755268899 -0.02956358277 0.25971067683 4.86216316085 0.00000000000 0.00000000000 0.00000000000 0.00000000000 0.00000000000 0.00000000000 0.26138791304
0.03755557697 -0.02958043889 0.25970836650 4.85778522256 0.00000000000 0.00000000000 0.00000000000 0.00000000000 0.00000000000 0.00000000000 0.26138752456
0.03755846387 -0.02959729501 0.25970605521 4.85332998637 0.00000000000 0.00000000000 0.00000000000 0.00000000000 0.00000000000 0.00000000000 0.26138713622
0.03756134970 -0.02961415114 0.25970374294 4.84848624276 0.00000000000 0.00000000000 0.00000000000 0.00000000000 0.00000000000 0.00000000000 0.26138674803
0.03756423447 -0.02963100733 0.25970142970 4.84378485710 0.00000000000 0.00000000000 0.00000000000 0.00000000000 0.00000000000 0.00000000000 0.26138635998
0.03756711818 -0.02964786362 0.25969911547 4.84009883593 0.00000000000 0.00000000000 0.00000000000 0.00000000000 0.00000000000 0.00000000000 0.26138597207
0.03757000085 -0.02966472004 0.25969680026 4.83598683346 0.00000000000 0.00000000000 0.00000000000 0.00000000000 0.00000000000 0.00000000000 0.26138558430
0.03757288249 -0.02968157665 0.25969448405 4.82955821279 0.00000000000 0.00000000000 0.00000000000 0.00000000000 0.00000000000 0.00000000000 0.26138519667
0.03757576310 -0.02969843347 0.25969216684 4.82486732103 0.00000000000 0.00000000000 0.00000000000 0.00000000000 0.00000000000 0.00000000000 0.26138480918
0.03757864269 -0.02971529054 0.25968984863 4.83112384187 0.00000000000 0.00000000000 0.00000000000 0.00000000000 0.00000000000 0.00000000000 0.26138442182
0.03758152127 -0.02973214789 0.25968752940 4.82692596329 0.00000000000 0.00000000000 0.00000000000 0.00000000000 0.00000000000 0.00000000000 0.26138403460
0.03758439884 -0.02974900555 0.25968520917 4.75650532636 0.00000000000 0.00000000000 0.00000000000 0.00000000000 0.00000000000 0.00000000000 0.26138364752
0.03758727544 -0.02976586356 0.25968288791 4.73939580512 0.00000000000 0.00000000000 0.00000000000 0.00000000000 0.00000000000 0.00000000000 0.26138326057
0.03759015107 -0.02978272197 0.25968056562 5.08534553203 0.00000000000 0.00000000000 0.00000000000 0.00000000000 0.00000000000 0.00000000000 0.26138287375
0.03759302562 -0.02979958094 0.25967824230 5.23063792157 0.00000000000 0.00000000000 0.00000000000 0.00000000000 0.00000000000 0.00000000000 0.26138248707
0.03759589913 -0.02981644061 0.25967591792 4.07992643991 0.00000000000 0.00000000000 0.00000000000 0.00000000000 0.00000000000 0.00000000000 0.26138210053
0.03759877212 -0.02983330106 0.25967359241 4.90104379808 0.00000000000 0.00000000000 0.00000000000 0.00000000000 0.00000000000 0.00000000000 0.26138171406
0.03760164327 -0.02985016266 0.25967126590 29.40340442063 0.00000000000 0.00000000000 0.00000000000 0.00000000000 0.00000000000 0.00000000000 0.26138132784
0.03760450593 -0.02986702657 0.25966893916 54.08007945586 0.00000000000 0.00000000000 0.00000000000 0.00000000000 0.00000000000 0.00000000000 0.26138094277
0.03760735317 -0.02988389394 0.25966661300 70.31344598092 0.00000000000 0.00000000000 0.00000000000 0.00000000000 0.00000000000 0.00000000000 0.26138055976
0.03761017992 -0.02990076560 0.25966428800 92.94449122368 0.00000000000 0.00000000000 0.00000000000 0.00000000000 0.00000000000 0.00000000000 0.26138017952
0.03761297763 -0.02991764274 0.25966196518 164.96884210749 0.00000000000 0.00000000000 0.00000000000 0.00000000000 0.00000000000 0.00000000000 0.26137980317
0.03761572703 -0.02993452782 0.25965964687 238.99035965415 0.00000000000 0.00000000000 0.00000000000 0.00000000000 0.00000000000 0.00000000000 0.26137943333
0.03761840573 -0.02995142357 0.25965733579 328.73680301077 0.00000000000 0.00000000000 0.00000000000 0.00000000000 0.00000000000 0.00000000000 0.26137907300
0.03762098792 -0.02996833274 0.25965503510 418.85342133801 0.00000000000 0.00000000000 0.00000000000 0.00000000000 0.00000000000 0.00000000000 0.26137872565
0.03762344704 -0.02998525792 0.25965274812 510.84647983047 0.00000000000 0.00000000000 0.00000000000 0.00000000000 0.00000000000 0.00000000000 0.26137839485
0.03762575604 -0.03000220114 0.25965047825 604.13515758675 0.00000000000 0.00000000000 0.00000000000 0.00000000000 0.00000000000 0.00000000000 0.26137808425
0.03762788716 -0.03001916410 0.25964822906 706.76106142487 0.00000000000 0.00000000000 0.00000000000 0.00000000000 0.00000000000 0.00000000000 0.26137779758
0.03762981057 -0.03003614792 0.25964600446 808.73707408619 0.00000000000 0.00000000000 0.00000000000 0.00000000000 0.00000000000 0.00000000000 0.26137753884
0.03763149675 -0.03005315312 0.25964380837 901.27516699233 0.00000000000 0.00000000000 0.00000000000 0.00000000000 0.00000000000 0.00000000000 0.26137731202
0.03763291816 -0.03007017881 0.25964164464 994.19582549002 0.00000000000 0.00000000000 0.00000000000 0.00000000000 0.00000000000 0.00000000000 0.26137712082
0.03763404758 -0.03008722334 0.25963951713 1087.36684372800 0.00000000000 0.00000000000 0.00000000000 0.00000000000 0.00000000000 0.00000000000 0.26137696889
0.03763485775 -0.03010428350 0.25963742991 1179.25285435794 0.00000000000 0.00000000000 0.00000000000 0.00000000000 0.00000000000 0.00000000000 0.26137685991
0.03763532260 -0.03012135515 0.25963538698 1253.71464245523 0.00000000000 0.00000000000 0.00000000000 0.00000000000 0.00000000000 0.00000000000 0.26137679738
0.03763541980 -0.03013843205 0.25963339208 1325.24992123574 0.00000000000 0.00000000000 0.00000000000 0.00000000000 0.00000000000 0.00000000000 0.26137678430
0.03763513030 -0.03015550699 0.25963144865 1359.65942169582 0.00000000000 0.00000000000 0.00000000000 0.00000000000 0.00000000000 0.00000000000 0.26137682325
0.03763444300 -0.03017257095 0.25962955923 1393.61286375239 0.00000000000 0.00000000000 0.00000000000 0.00000000000 0.00000000000 0.00000000000 0.26137691570
0.03763334934 -0.03018961431 0.25962772609 1414.32504477672 0.00000000000 0.00000000000 0.00000000000 0.00000000000 0.00000000000 0.00000000000 0.26137706282
0.03763184373 -0.03020662672 0.25962595122 1434.91418719132 0.00000000000 0.00000000000 0.00000000000 0.00000000000 0.00000000000 0.00000000000 0.26137726535
0.03762992201 -0.03022359759 0.25962423641 1443.97290330006 0.00000000000 0.00000000000 0.00000000000 0.00000000000 0.00000000000 0.00000000000 0.26137752386
0.03762758266 -0.03024051615 0.25962258313 1453.08487458953 0.00000000000 0.00000000000 0.00000000000 0.00000000000 0.00000000000 0.00000000000 0.26137783855
0.03762482541 -0.03025737162 0.25962099268 1451.49605572091 0.00000000000 0.00000000000 0.00000000000 0.00000000000 0.00000000000 0.00000000000 0.26137820946
0.03762165243 -0.03027415341 0.25961946603 1451.03537637161 0.00000000000 0.00000000000 0.00000000000 0.00000000000 0.00000000000 0.00000000000 0.26137863628
0.03761806624 -0.03029085099 0.25961800407 1453.49953664744 0.00000000000 0.00000000000 0.00000000000 0.00000000000 0.00000000000 0.00000000000 0.26137911870
0.03761406892 -0.03030745391 0.25961660776 1456.57583038041 0.00000000000 0.00000000000 0.00000000000 0.00000000000 0.00000000000 0.00000000000 0.26137965641
0.03760966275 -0.03032395182 0.25961527802 1455.95172904998 0.00000000000 0.00000000000 0.00000000000 0.00000000000 0.00000000000 0.00000000000 0.26138024913
0.03760485093 -0.03034033454 0.25961401563 1456.26487897098 0.00000000000 0.00000000000 0.00000000000 0.00000000000 0.00000000000 0.00000000000 0.26138089641
0.03759963681 -0.03035659198 0.25961282133 1457.85691372465 0.00000000000 0.00000000000 0.00000000000 0.00000000000 0.00000000000 0.00000000000 0.26138159781
0.03759402369 -0.03037271403 0.25961169589 1460.20297455695 0.00000000000 0.00000000000 0.00000000000 0.00000000000 0.00000000000 0.00000000000 0.26138235289
0.03758801497 -0.03038869068 0.25961064005 1460.54754766317 0.00000000000 0.00000000000 0.00000000000 0.00000000000 0.00000000000 0.00000000000 0.26138316118
0.03758161461 -0.03040451216 0.25960965444 1461.76160901994 0.00000000000 0.00000000000 0.00000000000 0.00000000000 0.00000000000 0.00000000000 0.26138402215
0.03757482666 -0.03042016878 0.25960873967 1463.78768346364 0.00000000000 0.00000000000 0.00000000000 0.00000000000 0.00000000000 0.00000000000 0.26138493526
0.03756765513 -0.03043565094 0.25960789637 1466.48760966519 0.00000000000 0.00000000000 0.00000000000 0.00000000000 0.00000000000 0.00000000000 0.26138589997
0.03756010421 -0.03045094917 0.25960712510 1466.26433933267 0.00000000000 0.00000000000 0.00000000000 0.00000000000 0.00000000000 0.00000000000 0.26138691572
0.03755217869 -0.03046605448 0.25960642631 1466.80383744906 0.00000000000 0.00000000000 0.00000000000 0.00000000000 0.00000000000 0.00000000000 0.26138798185
0.03754388346 -0.03048095794 0.25960580042 1468.69480923392 0.00000000000 0.00000000000 0.00000000000 0.00000000000 0.00000000000 0.00000000000 0.26138909772
0.03753522326 -0.03049565063 0.25960524787 1471.17393774010 0.00000000000 0.00000000000 0.00000000000 0.00000000000 0.00000000000 0.00000000000 0.26139026269
0.03752620299 -0.03051012375 0.25960476906 1470.19522654101 0.00000000000 0.00000000000 0.00000000000 0.00000000000 0.00000000000 0.00000000000 0.26139147609
0.03751682827 -0.03052436891 0.25960436427 1469.93747493929 0.00000000000 0.00000000000 0.00000000000 0.00000000000 0.00000000000 0.00000000000 0.26139273717
0.03750710486 -0.03053837777 0.25960403372 1470.96529451437 0.00000000000 0.00000000000 0.00000000000 0.00000000000 0.00000000000 0.00000000000 0.26139404515
0.03749703848 -0.03055214185 0.25960377769 1472.69154857568 0.00000000000 0.00000000000 0.00000000000 0.00000000000 0.00000000000 0.00000000000 0.26139539927
0.03748663502 -0.03056565274 0.25960359640 1471.89614391904 0.00000000000 0.00000000000 0.00000000000 0.00000000000 0.00000000000 0.00000000000 0.26139679874
0.03747590091 -0.03057890231 0.25960348998 1471.90854800878 0.00000000000 0.00000000000 0.00000000000 0.00000000000 0.00000000000 0.00000000000 0.26139824268
0.03746484275 -0.03059188249 0.25960345853 1472.82166498225 0.00000000000 0.00000000000 0.00000000000 0.00000000000 0.00000000000 0.00000000000 0.26139973021
0.03745346717 -0.03060458513 0.25960350215 1474.55994630560 0.00000000000 0.00000000000 0.00000000000 0.00000000000 0.00000000000 0.00000000000 0.26140126044
0.03744178098 -0.03061700216 0.25960362092 1473.68663081367 0.00000000000 0.00000000000 0.00000000000 0.00000000000 0.00000000000 0.00000000000 0.26140283246
0.03742979146 -0.03062912597 0.25960381478 1473.66966795470 0.00000000000 0.00000000000 0.00000000000 0.00000000000 0.00000000000 0.00000000000 0.26140444527
0.03741750607 -0.03064094907 0.25960408366 1473.25091943361 0.00000000000 0.00000000000 0.00000000000 0.00000000000 0.00000000000 0.00000000000 0.26140609789
0.03740493244 -0.03065246416 0.25960442742 1473.69098833385 0.00000000000 0.00000000000 0.00000000000 0.00000000000 0.00000000000 0.00000000000 0.26140778928
0.03739207829 -0.03066366405 0.25960484591 1472.81813731118 0.00000000000 0.00000000000 0.00000000000 0.00000000000 0.00000000000 0.00000000000 0.26140951840
0.03737895161 -0.03067454191 0.25960533889 1472.78095047292 0.00000000000 0.00000000000 0.00000000000 0.00000000000 0.00000000000 0.00000000000 0.26141128419
0.03736556047 -0.03068509105 0.25960590610 1471.81199931052 0.00000000000 0.00000000000 0.00000000000 0.00000000000 0.00000000000 0.00000000000 0.26141308555
0.03735191317 -0.03069530504 0.25960654722 1471.66280697637 0.00000000000 0.00000000000 0.00000000000 0.00000000000 0.00000000000 0.00000000000 0.26141492136
0.03733801807 -0.03070517760 0.25960726190 1470.86882919195 0.00000000000 0.00000000000 0.00000000000 0.00000000000 0.00000000000 0.00000000000 0.26141679051
0.03732388369 -0.03071470269 0.25960804973 1470.87809248543 0.00000000000 0.00000000000 0.00000000000 0.00000000000 0.00000000000 0.00000000000 0.26141869185
0.03730951864 -0.03072387443 0.25960891029 1469.62767565816 0.00000000000 0.00000000000 0.00000000000 0.00000000000 0.00000000000 0.00000000000 0.26142062421
0.03729493175 -0.03073268724 0.25960984308 1469.16178450248 0.00000000000 0.00000000000 0.00000000000 0.00000000000 0.00000000000 0.00000000000 0.26142258642
0.03728013192 -0.03074113573 0.25961084757 1468.28923059157 0.00000000000 0.00000000000 0.00000000000 0.00000000000 0.00000000000 0.00000000000 0.26142457727
0.03726512818 -0.03074921468 0.25961192318 1468.20844794608 0.00000000000 0.00000000000 0.00000000000 0.00000000000 0.00000000000 0.00000000000 0.26142659555
0.03724992964 -0.03075691906 0.25961306931 1466.38730498688 0.00000000000 0.00000000000 0.00000000000 0.00000000000 0.00000000000 0.00000000000 0.26142864003
0.03723454565 -0.03076424426 0.25961428528 1465.31649676449 0.00000000000 0.00000000000 0.00000000000 0.00000000000 0.00000000000 0.00000000000 0.26143070946
0.03721898563 -0.03077118588 0.25961557036 1463.52034417023 0.00000000000 0.00000000000 0.00000000000 0.00000000000 0.00000000000 0.00000000000 0.26143280256
0.03720325914 -0.03077773979 0.25961692378 1462.50045820718 0.00000000000 0.00000000000 0.00000000000 0.00000000000 0.00000000000 0.00000000000 0.26143491806
0.03718737578 -0.03078390200 0.25961834474 1460.93709413731 0.00000000000 0.00000000000 0.00000000000 0.00000000000 0.00000000000 0.00000000000 0.26143705466
0.03717134527 -0.03078966877 0.25961983239 1460.15185611854 0.00000000000 0.00000000000 0.00000000000 0.00000000000 0.00000000000 0.00000000000 0.26143921105
0.03715517737 -0.03079503651 0.25962138587 1458.39270169433 0.00000000000 0.00000000000 0.00000000000 0.00000000000 0.00000000000 0.00000000000 0.26144138593
0.03713888197 -0.03080000198 0.25962300424 1457.39353596901 0.00000000000 0.00000000000 0.00000000000 0.00000000000 0.00000000000 0.00000000000 0.26144357795
0.03712246902 -0.03080456207 0.25962468654 1456.06009161320 0.00000000000 0.00000000000 0.00000000000 0.00000000000 0.00000000000 0.00000000000 0.26144578578
0.03710594852 -0.03080871390 0.25962643178 1455.50981965759 0.00000000000 0.00000000000 0.00000000000 0.00000000000 0.00000000000 0.00000000000 0.26144800809
0.03708933051 -0.03081245481 0.25962823894 1452.77101553802 0.00000000000 0.00000000000 0.00000000000 0.00000000000 0.00000000000 0.00000000000 0.26145024350
0.03707262519 -0.03081578271 0.25963010690 1450.70693026420 0.00000000000 0.00000000000 0.00000000000 0.00000000000 0.00000000000 0.00000000000 0.26145249067
0.03705584277 -0.03081869571 0.25963203452 1449.43521062636 0.00000000000 0.00000000000 0.00000000000 0.00000000000 0.00000000000 0.00000000000 0.26145474820
0.03703899341 -0.03082119193 0.25963402066 1448.98930468619 0.00000000000 0.00000000000 0.00000000000 0.00000000000 0.00000000000 0.00000000000 0.26145701473
0.03702208728 -0.03082326966 0.25963606414 1446.01029886557 0.00000000000 0.00000000000 0.00000000000 0.00000000000 0.00000000000 0.00000000000 0.26145928891
0.03700513458 -0.03082492784 0.25963816373 1443.61156986450 0.00000000000 0.00000000000 0.00000000000 0.00000000000 0.00000000000 0.00000000000 0.26146156934
0.03698814551 -0.03082616563 0.25964031815 1442.51214703230 0.00000000000 0.00000000000 0.00000000000 0.00000000000 0.00000000000 0.00000000000 0.26146385467
0.03697113018 -0.03082698210 0.25964252615 1442.22581003430 0.00000000000 0.00000000000 0.00000000000 0.00000000000 0.00000000000 0.00000000000 0.26146614352
0.03695409869 -0.03082737641 0.25964478645 1439.44024163853 0.00000000000 0.00000000000 0.00000000000 0.00000000000 0.00000000000 0.00000000000 0.26146843456
0.03693706113 -0.03082734840 0.25964709772 1437.16071085652 0.00000000000 0.00000000000 0.00000000000 0.00000000000 0.00000000000 0.00000000000 0.26147072640
0.03692002759 -0.03082689811 0.25964945858 1436.25610012143 0.00000000000 0.00000000000 0.00000000000 0.00000000000 0.00000000000 0.00000000000 0.26147301771
0.03690300827 -0.03082602545 0.25965186766 1436.20849588649 0.00000000000 0.00000000000 0.00000000000 0.00000000000 0.00000000000 0.00000000000 0.26147530710
0.03688601341 -0.03082473046 0.25965432355 1433.38530428332 0.00000000000 0.00000000000 0.00000000000 0.00000000000 0.00000000000 0.00000000000 0.26147759320
0.03686905339 -0.03082301394 0.25965682475 1431.14077544105 0.00000000000 0.00000000000 0.00000000000 0.00000000000 0.00000000000 0.00000000000 0.26147987461
0.03685213871 -0.03082087698 0.25965936970 1429.18424445874 0.00000000000 0.00000000000 0.00000000000 0.00000000000 0.00000000000 0.00000000000 0.26148214992
0.03683528015 -0.03081832086 0.25966195677 1428.24265845564 0.00000000000 0.00000000000 0.00000000000 0.00000000000 0.00000000000 0.00000000000 0.26148441769
0.03681848862 -0.03081534699 0.25966458430 1426.62822126997 0.00000000000 0.00000000000 0.00000000000 0.00000000000 0.00000000000 0.00000000000 0.26148667643
0.03680177504 -0.03081195715 0.25966725059 1425.94824269237 0.00000000000 0.00000000000 0.00000000000 0.00000000000 0.00000000000 0.00000000000 0.26148892469
0.03678515026 -0.03080815338 0.25966995392 1423.79698667404 0.00000000000 0.00000000000 0.00000000000 0.00000000000 0.00000000000 0.00000000000 0.26149116100
0.03676862506 -0.03080393824 0.25967269248 1422.50127859364 0.00000000000 0.00000000000 0.00000000000 0.00000000000 0.00000000000 0.00000000000 0.26149338392
0.03675221017 -0.03079931457 0.25967546448 1420.05525093796 0.00000000000 0.00000000000 0.00000000000 0.00000000000 0.00000000000 0.00000000000 0.26149559199
0.03673591631 -0.03079428572 0.25967826804 1418.55963823863 0.00000000000 0.00000000000 0.00000000000 0.00000000000 0.00000000000 0.00000000000 0.26149778379
0.03671975427 -0.03078885535 0.25968110124 1416.09016350070 0.00000000000 0.00000000000 0.00000000000 0.00000000000 0.00000000000 0.00000000000 0.26149995785
0.03670373521 -0.03078302775 0.25968396204 1414.85263571683 0.00000000000 0.00000000000 0.00000000000 0.00000000000 0.00000000000 0.00000000000 0.26150211268
0.03668787067 -0.03077680802 0.25968684823 1403.91686545231 0.00000000000 0.00000000000 0.00000000000 0.00000000000 0.00000000000 0.00000000000 0.26150424672
0.03667217366 -0.03077020456 0.25968975703 1394.35592140478 0.00000000000 0.00000000000 0.00000000000 0.00000000000 0.00000000000 0.00000000000 0.26150635823
0.03665665776 -0.03076322759 0.25969268536 1373.21450352177 0.00000000000 0.00000000000 0.00000000000 0.00000000000 0.00000000000 0.00000000000 0.26150844537
0.03664133709 -0.03075589111 0.25969562962 1353.86024493979 0.00000000000 0.00000000000 0.00000000000 0.00000000000 0.00000000000 0.00000000000 0.26151050625
0.03662622574 -0.03074821018 0.25969858608 1343.98548226345 0.00000000000 0.00000000000 0.00000000000 0.00000000000 0.00000000000 0.00000000000 0.26151253898
0.03661133666 -0.03074019778 0.25970155143 1338.14989977082 0.00000000000 0.00000000000 0.00000000000 0.00000000000 0.00000000000 0.00000000000 0.26151454180
0.03659668228 -0.03073186495 0.25970452263 1364.18594432770 0.00000000000 0.00000000000 0.00000000000 0.00000000000 0.00000000000 0.00000000000 0.26151651305
0.03658227485 -0.03072321506 0.25970749761 1397.87883669162 0.00000000000 0.00000000000 0.00000000000 0.00000000000 0.00000000000 0.00000000000 0.26151845109
0.03656812627 -0.03071424721 0.25971047482 1457.85559845539 0.00000000000 0.00000000000 0.00000000000 0.00000000000 0.00000000000 0.00000000000 0.26152035430
0.03655424660 -0.03070495244 0.25971345393 1523.07816182287 0.00000000000 0.00000000000 0.00000000000 0.00000000000 0.00000000000 0.00000000000 0.26152222134
0.03654064493 -0.03069531773 0.25971643748 1596.36513522276 0.00000000000 0.00000000000 0.00000000000 0.00000000000 0.00000000000 0.00000000000 0.26152405325
0.03652732896 -0.03068532687 0.25971944873 1672.91349781746 0.00000000000 0.00000000000 0.00000000000 0.00000000000 0.00000000000 0.00000000000 0.26152587125
0.03651430533 -0.03067496315 0.25972251926 1688.50385315187 0.00000000000 0.00000000000 0.00000000000 0.00000000000 0.00000000000 0.00000000000 0.26152770479
0.03650157713 -0.03066422097 0.25972565662 1676.95560821109 0.00000000000 0.00000000000 0.00000000000 0.00000000000 0.00000000000 0.00000000000 0.26152956077
0.03648914484 -0.03065310342 0.25972885291 1572.72474858809 0.00000000000 0.00000000000 0.00000000000 0.00000000000 0.00000000000 0.00000000000 0.26153143173
0.03647700368 -0.03064163780 0.25973208372 1439.81051125969 0.00000000000 0.00000000000 0.00000000000 0.00000000000 0.00000000000 0.00000000000 0.26153329669
0.03646515065 -0.03062986803 0.25973531563 1406.72426546418 0.00000000000 0.00000000000 0.00000000000 0.00000000000 0.00000000000 0.00000000000 0.26153512766
0.03645363210 -0.03061785885 0.25973852328 1439.55112809149 0.00000000000 0.00000000000 0.00000000000 0.00000000000 0.00000000000 0.00000000000 0.26153690706
0.03644251395 -0.03060567645 0.25974168856 1514.33381183302 0.00000000000 0.00000000000 0.00000000000 0.00000000000 0.00000000000 0.00000000000 0.26153862470
0.03643179241 -0.03059330356 0.25974481411 1572.02199367415 0.00000000000 0.00000000000 0.00000000000 0.00000000000 0.00000000000 0.00000000000 0.26154028118
0.03642142990 -0.03058068252 0.25974791252 1600.81500283766 0.00000000000 0.00000000000 0.00000000000 0.00000000000 0.00000000000 0.00000000000 0.26154188231
0.03641138858 -0.03056775539 0.25975099650 1599.24457102705 0.00000000000 0.00000000000 0.00000000000 0.00000000000 0.00000000000 0.00000000000 0.26154343397
