VARIABLES=
"CoordinateX"
"CoordinateY"
"CoordinateZ"
"Kappa1"
"Kappa2"
"dy"
"dz"
"d2x"
"d2y"
"d2z"
"R"
ZONE T="Konrollpunkte"
I=101, J=1, K=1
0.02614997943 -0.00943508808 0.24800316790 0.00000000000 0.00000000000 0.00000000000 0.00000000000 0.00000000000 0.00000000000 0.00000000000 0.00000000000
0.02614650660 -0.00943669782 0.24800328027 0.00000000000 0.00000000000 0.00000000000 0.00000000000 0.00000000000 0.00000000000 0.00000000000 0.00000000000
0.02614126264 -0.00943903750 0.24800345338 0.00000000000 0.00000000000 0.00000000000 0.00000000000 0.00000000000 0.00000000000 0.00000000000 0.00000000000
0.02613420560 -0.00944200527 0.24800369319 0.00000000000 0.00000000000 0.00000000000 0.00000000000 0.00000000000 0.00000000000 0.00000000000 0.00000000000
0.02612888136 -0.00944415474 0.24800387751 0.00000000000 0.00000000000 0.00000000000 0.00000000000 0.00000000000 0.00000000000 0.00000000000 0.00000000000
0.02612352676 -0.00944622741 0.24800406625 0.00000000000 0.00000000000 0.00000000000 0.00000000000 0.00000000000 0.00000000000 0.00000000000 0.00000000000
0.02611814291 -0.00944822285 0.24800425938 0.00000000000 0.00000000000 0.00000000000 0.00000000000 0.00000000000 0.00000000000 0.00000000000 0.00000000000
0.02611273093 -0.00945014064 0.24800445686 0.00000000000 0.00000000000 0.00000000000 0.00000000000 0.00000000000 0.00000000000 0.00000000000 0.00000000000
0.02610729192 -0.00945198039 0.24800465865 0.00000000000 0.00000000000 0.00000000000 0.00000000000 0.00000000000 0.00000000000 0.00000000000 0.00000000000
0.02610182703 -0.00945374172 0.24800486471 0.00000000000 0.00000000000 0.00000000000 0.00000000000 0.00000000000 0.00000000000 0.00000000000 0.00000000000
0.02609633737 -0.00945542427 0.24800507500 0.00000000000 0.00000000000 0.00000000000 0.00000000000 0.00000000000 0.00000000000 0.00000000000 0.00000000000
0.02609082407 -0.00945702768 0.24800528948 0.00000000000 0.00000000000 0.00000000000 0.00000000000 0.00000000000 0.00000000000 0.00000000000 0.00000000000
0.02608528829 -0.00945855162 0.24800550810 0.00000000000 0.00000000000 0.00000000000 0.00000000000 0.00000000000 0.00000000000 0.00000000000 0.00000000000
0.02607973116 -0.00945999578 0.24800573082 0.00000000000 0.00000000000 0.00000000000 0.00000000000 0.00000000000 0.00000000000 0.00000000000 0.00000000000
0.02607415383 -0.00946135986 0.24800595760 0.00000000000 0.00000000000 0.00000000000 0.00000000000 0.00000000000 0.00000000000 0.00000000000 0.00000000000
0.02606855746 -0.00946264358 0.24800618839 0.00000000000 0.00000000000 0.00000000000 0.00000000000 0.00000000000 0.00000000000 0.00000000000 0.00000000000
0.02606294320 -0.00946384667 0.24800642315 0.00000000000 0.00000000000 0.00000000000 0.00000000000 0.00000000000 0.00000000000 0.00000000000 0.00000000000
0.02605731221 -0.00946496887 0.24800666182 0.00000000000 0.00000000000 0.00000000000 0.00000000000 0.00000000000 0.00000000000 0.00000000000 0.00000000000
0.02605166566 -0.00946600997 0.24800690436 0.00000000000 0.00000000000 0.00000000000 0.00000000000 0.00000000000 0.00000000000 0.00000000000 0.00000000000
0.02604600470 -0.00946696974 0.24800715072 0.00000000000 0.00000000000 0.00000000000 0.00000000000 0.00000000000 0.00000000000 0.00000000000 0.00000000000
0.02604033053 -0.00946784798 0.24800740085 0.00000000000 0.00000000000 0.00000000000 0.00000000000 0.00000000000 0.00000000000 0.00000000000 0.00000000000
0.02603464429 -0.00946864452 0.24800765470 0.00000000000 0.00000000000 0.00000000000 0.00000000000 0.00000000000 0.00000000000 0.00000000000 0.00000000000
0.02602894718 -0.00946935918 0.24800791222 0.00000000000 0.00000000000 0.00000000000 0.00000000000 0.00000000000 0.00000000000 0.00000000000 0.00000000000
0.02602324037 -0.00946999182 0.24800817335 0.00000000000 0.00000000000 0.00000000000 0.00000000000 0.00000000000 0.00000000000 0.00000000000 0.00000000000
0.02601752503 -0.00947054230 0.24800843804 0.00000000000 0.00000000000 0.00000000000 0.00000000000 0.00000000000 0.00000000000 0.00000000000 0.00000000000
0.02601180235 -0.00947101052 0.24800870625 0.00000000000 0.00000000000 0.00000000000 0.00000000000 0.00000000000 0.00000000000 0.00000000000 0.00000000000
0.02600607352 -0.00947139637 0.24800897790 0.00000000000 0.00000000000 0.00000000000 0.00000000000 0.00000000000 0.00000000000 0.00000000000 0.00000000000
0.02600033971 -0.00947169978 0.24800925295 0.00000000000 0.00000000000 0.00000000000 0.00000000000 0.00000000000 0.00000000000 0.00000000000 0.00000000000
0.02599460212 -0.00947192068 0.24800953134 0.00000000000 0.00000000000 0.00000000000 0.00000000000 0.00000000000 0.00000000000 0.00000000000 0.00000000000
0.02598886192 -0.00947205903 0.24800981301 0.00000000000 0.00000000000 0.00000000000 0.00000000000 0.00000000000 0.00000000000 0.00000000000 0.00000000000
0.02598312031 -0.00947211479 0.24801009791 0.00000000000 0.00000000000 0.00000000000 0.00000000000 0.00000000000 0.00000000000 0.00000000000 0.00000000000
0.02597737846 -0.00947208795 0.24801038598 0.00000000000 0.00000000000 0.00000000000 0.00000000000 0.00000000000 0.00000000000 0.00000000000 0.00000000000
0.02597163758 -0.00947197852 0.24801067715 0.00000000000 0.00000000000 0.00000000000 0.00000000000 0.00000000000 0.00000000000 0.00000000000 0.00000000000
0.02596589884 -0.00947178653 0.24801097137 0.00000000000 0.00000000000 0.00000000000 0.00000000000 0.00000000000 0.00000000000 0.00000000000 0.00000000000
0.02596016343 -0.00947151200 0.24801126857 0.00000000000 0.00000000000 0.00000000000 0.00000000000 0.00000000000 0.00000000000 0.00000000000 0.00000000000
0.02595443254 -0.00947115500 0.24801156869 0.00000000000 0.00000000000 0.00000000000 0.00000000000 0.00000000000 0.00000000000 0.00000000000 0.00000000000
0.02594870735 -0.00947071560 0.24801187168 0.00000000000 0.00000000000 0.00000000000 0.00000000000 0.00000000000 0.00000000000 0.00000000000 0.00000000000
0.02594298904 -0.00947019389 0.24801217746 0.00000000000 0.00000000000 0.00000000000 0.00000000000 0.00000000000 0.00000000000 0.00000000000 0.00000000000
0.02593727880 -0.00946958997 0.24801248598 0.00000000000 0.00000000000 0.00000000000 0.00000000000 0.00000000000 0.00000000000 0.00000000000 0.00000000000
0.02593157781 -0.00946890398 0.24801279717 0.00000000000 0.00000000000 0.00000000000 0.00000000000 0.00000000000 0.00000000000 0.00000000000 0.00000000000
0.02592588725 -0.00946813605 0.24801311097 0.00000000000 0.00000000000 0.00000000000 0.00000000000 0.00000000000 0.00000000000 0.00000000000 0.00000000000
0.02592020828 -0.00946728634 0.24801342730 0.00000000000 0.00000000000 0.00000000000 0.00000000000 0.00000000000 0.00000000000 0.00000000000 0.00000000000
0.02591454210 -0.00946635502 0.24801374611 0.00000000000 0.00000000000 0.00000000000 0.00000000000 0.00000000000 0.00000000000 0.00000000000 0.00000000000
0.02590888986 -0.00946534229 0.24801406732 0.00000000000 0.00000000000 0.00000000000 0.00000000000 0.00000000000 0.00000000000 0.00000000000 0.00000000000
0.02590325273 -0.00946424835 0.24801439087 0.00000000000 0.00000000000 0.00000000000 0.00000000000 0.00000000000 0.00000000000 0.00000000000 0.00000000000
0.02589763189 -0.00946307344 0.24801471669 0.00000000000 0.00000000000 0.00000000000 0.00000000000 0.00000000000 0.00000000000 0.00000000000 0.00000000000
0.02589202849 -0.00946181779 0.24801504472 0.00000000000 0.00000000000 0.00000000000 0.00000000000 0.00000000000 0.00000000000 0.00000000000 0.00000000000
0.02588644370 -0.00946048166 0.24801537487 0.00000000000 0.00000000000 0.00000000000 0.00000000000 0.00000000000 0.00000000000 0.00000000000 0.00000000000
0.02588087865 -0.00945906533 0.24801570710 0.00000000000 0.00000000000 0.00000000000 0.00000000000 0.00000000000 0.00000000000 0.00000000000 0.00000000000
0.02587533452 -0.00945756909 0.24801604131 0.00000000000 0.00000000000 0.00000000000 0.00000000000 0.00000000000 0.00000000000 0.00000000000 0.00000000000
0.02586981244 -0.00945599325 0.24801637745 0.00000000000 0.00000000000 0.00000000000 0.00000000000 0.00000000000 0.00000000000 0.00000000000 0.00000000000
0.02586431356 -0.00945433814 0.24801671544 0.00000000000 0.00000000000 0.00000000000 0.00000000000 0.00000000000 0.00000000000 0.00000000000 0.00000000000
0.02585883900 -0.00945260408 0.24801705521 0.00000000000 0.00000000000 0.00000000000 0.00000000000 0.00000000000 0.00000000000 0.00000000000 0.00000000000
0.02585338991 -0.00945079145 0.24801739670 0.00000000000 0.00000000000 0.00000000000 0.00000000000 0.00000000000 0.00000000000 0.00000000000 0.00000000000
0.02584796741 -0.00944890062 0.24801773981 0.00000000000 0.00000000000 0.00000000000 0.00000000000 0.00000000000 0.00000000000 0.00000000000 0.00000000000
0.02584257262 -0.00944693198 0.24801808450 0.00000000000 0.00000000000 0.00000000000 0.00000000000 0.00000000000 0.00000000000 0.00000000000 0.00000000000
0.02583720666 -0.00944488593 0.24801843067 0.00000000000 0.00000000000 0.00000000000 0.00000000000 0.00000000000 0.00000000000 0.00000000000 0.00000000000
0.02583187063 -0.00944276289 0.24801877826 0.00000000000 0.00000000000 0.00000000000 0.00000000000 0.00000000000 0.00000000000 0.00000000000 0.00000000000
0.02582656565 -0.00944056331 0.24801912719 0.00000000000 0.00000000000 0.00000000000 0.00000000000 0.00000000000 0.00000000000 0.00000000000 0.00000000000
0.02582129279 -0.00943828764 0.24801947740 0.00000000000 0.00000000000 0.00000000000 0.00000000000 0.00000000000 0.00000000000 0.00000000000 0.00000000000
0.02581605317 -0.00943593634 0.24801982879 0.00000000000 0.00000000000 0.00000000000 0.00000000000 0.00000000000 0.00000000000 0.00000000000 0.00000000000
0.02581084785 -0.00943350991 0.24802018131 0.00000000000 0.00000000000 0.00000000000 0.00000000000 0.00000000000 0.00000000000 0.00000000000 0.00000000000
0.02580567792 -0.00943100884 0.24802053488 0.00000000000 0.00000000000 0.00000000000 0.00000000000 0.00000000000 0.00000000000 0.00000000000 0.00000000000
0.02580054445 -0.00942843365 0.24802088941 0.00000000000 0.00000000000 0.00000000000 0.00000000000 0.00000000000 0.00000000000 0.00000000000 0.00000000000
0.02579544849 -0.00942578488 0.24802124484 0.00000000000 0.00000000000 0.00000000000 0.00000000000 0.00000000000 0.00000000000 0.00000000000 0.00000000000
0.02579039110 -0.00942306306 0.24802160108 0.00000000000 0.00000000000 0.00000000000 0.00000000000 0.00000000000 0.00000000000 0.00000000000 0.00000000000
0.02578537333 -0.00942026877 0.24802195807 0.00000000000 0.00000000000 0.00000000000 0.00000000000 0.00000000000 0.00000000000 0.00000000000 0.00000000000
0.02578039621 -0.00941740257 0.24802231573 0.00000000000 0.00000000000 0.00000000000 0.00000000000 0.00000000000 0.00000000000 0.00000000000 0.00000000000
0.02577546077 -0.00941446507 0.24802267397 0.00000000000 0.00000000000 0.00000000000 0.00000000000 0.00000000000 0.00000000000 0.00000000000 0.00000000000
0.02577056803 -0.00941145686 0.24802303273 0.00000000000 0.00000000000 0.00000000000 0.00000000000 0.00000000000 0.00000000000 0.00000000000 0.00000000000
0.02576571901 -0.00940837857 0.24802339192 0.00000000000 0.00000000000 0.00000000000 0.00000000000 0.00000000000 0.00000000000 0.00000000000 0.00000000000
0.02576091471 -0.00940523083 0.24802375148 0.00000000000 0.00000000000 0.00000000000 0.00000000000 0.00000000000 0.00000000000 0.00000000000 0.00000000000
0.02575615611 -0.00940201429 0.24802411131 0.00000000000 0.00000000000 0.00000000000 0.00000000000 0.00000000000 0.00000000000 0.00000000000 0.00000000000
0.02575144422 -0.00939872963 0.24802447135 0.00000000000 0.00000000000 0.00000000000 0.00000000000 0.00000000000 0.00000000000 0.00000000000 0.00000000000
0.02574677999 -0.00939537751 0.24802483152 0.00000000000 0.00000000000 0.00000000000 0.00000000000 0.00000000000 0.00000000000 0.00000000000 0.00000000000
0.02574216439 -0.00939195862 0.24802519174 0.00000000000 0.00000000000 0.00000000000 0.00000000000 0.00000000000 0.00000000000 0.00000000000 0.00000000000
0.02573759838 -0.00938847369 0.24802555194 0.00000000000 0.00000000000 0.00000000000 0.00000000000 0.00000000000 0.00000000000 0.00000000000 0.00000000000
0.02573308290 -0.00938492341 0.24802591203 0.00000000000 0.00000000000 0.00000000000 0.00000000000 0.00000000000 0.00000000000 0.00000000000 0.00000000000
0.02572861889 -0.00938130854 0.24802627194 0.00000000000 0.00000000000 0.00000000000 0.00000000000 0.00000000000 0.00000000000 0.00000000000 0.00000000000
0.02572420727 -0.00937762981 0.24802663160 0.00000000000 0.00000000000 0.00000000000 0.00000000000 0.00000000000 0.00000000000 0.00000000000 0.00000000000
0.02571984895 -0.00937388798 0.24802699091 0.00000000000 0.00000000000 0.00000000000 0.00000000000 0.00000000000 0.00000000000 0.00000000000 0.00000000000
0.02571554483 -0.00937008384 0.24802734982 0.00000000000 0.00000000000 0.00000000000 0.00000000000 0.00000000000 0.00000000000 0.00000000000 0.00000000000
0.02571129580 -0.00936621815 0.24802770824 0.00000000000 0.00000000000 0.00000000000 0.00000000000 0.00000000000 0.00000000000 0.00000000000 0.00000000000
0.02570710275 -0.00936229173 0.24802806609 0.00000000000 0.00000000000 0.00000000000 0.00000000000 0.00000000000 0.00000000000 0.00000000000 0.00000000000
0.02570296653 -0.00935830538 0.24802842330 0.00000000000 0.00000000000 0.00000000000 0.00000000000 0.00000000000 0.00000000000 0.00000000000 0.00000000000
0.02569888801 -0.00935425992 0.24802877979 0.00000000000 0.00000000000 0.00000000000 0.00000000000 0.00000000000 0.00000000000 0.00000000000 0.00000000000
0.02569486803 -0.00935015620 0.24802913549 0.00000000000 0.00000000000 0.00000000000 0.00000000000 0.00000000000 0.00000000000 0.00000000000 0.00000000000
0.02569090741 -0.00934599505 0.24802949031 0.00000000000 0.00000000000 0.00000000000 0.00000000000 0.00000000000 0.00000000000 0.00000000000 0.00000000000
0.02568700698 -0.00934177735 0.24802984418 0.00000000000 0.00000000000 0.00000000000 0.00000000000 0.00000000000 0.00000000000 0.00000000000 0.00000000000
0.02568316755 -0.00933750395 0.24803019703 0.00000000000 0.00000000000 0.00000000000 0.00000000000 0.00000000000 0.00000000000 0.00000000000 0.00000000000
0.02567938991 -0.00933317575 0.24803054878 0.00000000000 0.00000000000 0.00000000000 0.00000000000 0.00000000000 0.00000000000 0.00000000000 0.00000000000
0.02567567483 -0.00932879364 0.24803089935 0.00000000000 0.00000000000 0.00000000000 0.00000000000 0.00000000000 0.00000000000 0.00000000000 0.00000000000
0.02567202310 -0.00932435852 0.24803124867 0.00000000000 0.00000000000 0.00000000000 0.00000000000 0.00000000000 0.00000000000 0.00000000000 0.00000000000
0.02566843546 -0.00931987131 0.24803159666 0.00000000000 0.00000000000 0.00000000000 0.00000000000 0.00000000000 0.00000000000 0.00000000000 0.00000000000
0.02566491265 -0.00931533294 0.24803194326 0.00000000000 0.00000000000 0.00000000000 0.00000000000 0.00000000000 0.00000000000 0.00000000000 0.00000000000
0.02566145541 -0.00931074434 0.24803228838 0.00000000000 0.00000000000 0.00000000000 0.00000000000 0.00000000000 0.00000000000 0.00000000000 0.00000000000
0.02565806445 -0.00930610646 0.24803263194 0.00000000000 0.00000000000 0.00000000000 0.00000000000 0.00000000000 0.00000000000 0.00000000000 0.00000000000
0.02565474047 -0.00930142026 0.24803297389 0.00000000000 0.00000000000 0.00000000000 0.00000000000 0.00000000000 0.00000000000 0.00000000000 0.00000000000
0.02565039872 -0.00929510885 0.24803342753 0.00000000000 0.00000000000 0.00000000000 0.00000000000 0.00000000000 0.00000000000 0.00000000000 0.00000000000
0.02564724493 -0.00929030575 0.24803376514 0.00000000000 0.00000000000 0.00000000000 0.00000000000 0.00000000000 0.00000000000 0.00000000000 0.00000000000
0.02564518884 -0.00928707408 0.24803398895 0.00000000000 0.00000000000 0.00000000000 0.00000000000 0.00000000000 0.00000000000 0.00000000000 0.00000000000
ZONE T="NURB"
I=201, J=1, K=1
0.02614997943 -0.00943508808 0.24800316790 2506.98518496941 0.00000000000 0.00000000000 0.00000000000 0.00000000000 0.00000000000 0.00000000000 0.24818257831
0.02614737073 -0.00943628590 0.24800325274 2506.64256158556 0.00000000000 0.00000000000 0.00000000000 0.00000000000 0.00000000000 0.00000000000 0.24818270863
0.02614475348 -0.00943746494 0.24800333871 2506.42886105863 0.00000000000 0.00000000000 0.00000000000 0.00000000000 0.00000000000 0.00000000000 0.24818283937
0.02614212782 -0.00943862512 0.24800342582 2506.34414562160 0.00000000000 0.00000000000 0.00000000000 0.00000000000 0.00000000000 0.00000000000 0.24818297053
0.02613949389 -0.00943976639 0.24800351405 2506.38841731817 0.00000000000 0.00000000000 0.00000000000 0.00000000000 0.00000000000 0.00000000000 0.24818310211
0.02613685183 -0.00944088869 0.24800360341 2506.24019438704 0.00000000000 0.00000000000 0.00000000000 0.00000000000 0.00000000000 0.00000000000 0.24818323409
0.02613420176 -0.00944199196 0.24800369389 2506.21027973562 0.00000000000 0.00000000000 0.00000000000 0.00000000000 0.00000000000 0.00000000000 0.24818336647
0.02613154383 -0.00944307615 0.24800378548 2506.07061827069 0.00000000000 0.00000000000 0.00000000000 0.00000000000 0.00000000000 0.00000000000 0.24818349925
0.02612887817 -0.00944414120 0.24800387818 2506.06303989489 0.00000000000 0.00000000000 0.00000000000 0.00000000000 0.00000000000 0.00000000000 0.24818363241
0.02612620492 -0.00944518705 0.24800397199 2505.91820698265 0.00000000000 0.00000000000 0.00000000000 0.00000000000 0.00000000000 0.00000000000 0.24818376595
0.02612352422 -0.00944621365 0.24800406690 2505.90164855234 0.00000000000 0.00000000000 0.00000000000 0.00000000000 0.00000000000 0.00000000000 0.24818389986
0.02612083620 -0.00944722095 0.24800416291 2505.75611778912 0.00000000000 0.00000000000 0.00000000000 0.00000000000 0.00000000000 0.00000000000 0.24818403414
0.02611814101 -0.00944820889 0.24800426001 2505.73884821026 0.00000000000 0.00000000000 0.00000000000 0.00000000000 0.00000000000 0.00000000000 0.24818416878
0.02611543878 -0.00944917743 0.24800435819 2505.59100314241 0.00000000000 0.00000000000 0.00000000000 0.00000000000 0.00000000000 0.00000000000 0.24818430377
0.02611272966 -0.00945012651 0.24800445746 2505.57140177590 0.00000000000 0.00000000000 0.00000000000 0.00000000000 0.00000000000 0.00000000000 0.24818443910
0.02611001378 -0.00945105609 0.24800455781 2505.42175894867 0.00000000000 0.00000000000 0.00000000000 0.00000000000 0.00000000000 0.00000000000 0.24818457477
0.02610729129 -0.00945196611 0.24800465923 2505.40034468634 0.00000000000 0.00000000000 0.00000000000 0.00000000000 0.00000000000 0.00000000000 0.24818471077
0.02610456232 -0.00945285653 0.24800476171 2505.24885492796 0.00000000000 0.00000000000 0.00000000000 0.00000000000 0.00000000000 0.00000000000 0.24818484710
0.02610182702 -0.00945372730 0.24800486526 2505.22557985300 0.00000000000 0.00000000000 0.00000000000 0.00000000000 0.00000000000 0.00000000000 0.24818498374
0.02609908552 -0.00945457838 0.24800496987 2505.07234460144 0.00000000000 0.00000000000 0.00000000000 0.00000000000 0.00000000000 0.00000000000 0.24818512069
0.02609633797 -0.00945540972 0.24800507552 2505.04731207734 0.00000000000 0.00000000000 0.00000000000 0.00000000000 0.00000000000 0.00000000000 0.24818525794
0.02609358451 -0.00945622129 0.24800518223 2504.89239557576 0.00000000000 0.00000000000 0.00000000000 0.00000000000 0.00000000000 0.00000000000 0.24818539549
0.02609082529 -0.00945701303 0.24800528997 2504.86567128812 0.00000000000 0.00000000000 0.00000000000 0.00000000000 0.00000000000 0.00000000000 0.24818553332
0.02608806044 -0.00945778491 0.24800539876 2504.70915089816 0.00000000000 0.00000000000 0.00000000000 0.00000000000 0.00000000000 0.00000000000 0.24818567144
0.02608529011 -0.00945853689 0.24800550857 2504.68081369538 0.00000000000 0.00000000000 0.00000000000 0.00000000000 0.00000000000 0.00000000000 0.24818580983
0.02608251444 -0.00945926892 0.24800561941 2504.52276297347 0.00000000000 0.00000000000 0.00000000000 0.00000000000 0.00000000000 0.00000000000 0.24818594849
0.02607973357 -0.00945998098 0.24800573126 2504.49288775089 0.00000000000 0.00000000000 0.00000000000 0.00000000000 0.00000000000 0.00000000000 0.24818608740
0.02607694766 -0.00946067302 0.24800584414 2504.33338439265 0.00000000000 0.00000000000 0.00000000000 0.00000000000 0.00000000000 0.00000000000 0.24818622657
0.02607415683 -0.00946134501 0.24800595802 2504.30205045536 0.00000000000 0.00000000000 0.00000000000 0.00000000000 0.00000000000 0.00000000000 0.24818636599
0.02607136125 -0.00946199691 0.24800607290 2504.14117223168 0.00000000000 0.00000000000 0.00000000000 0.00000000000 0.00000000000 0.00000000000 0.24818650564
0.02606856104 -0.00946262869 0.24800618878 2504.10845872732 0.00000000000 0.00000000000 0.00000000000 0.00000000000 0.00000000000 0.00000000000 0.24818664552
0.02606575636 -0.00946324031 0.24800630565 2503.94628654356 0.00000000000 0.00000000000 0.00000000000 0.00000000000 0.00000000000 0.00000000000 0.24818678563
0.02606294735 -0.00946383175 0.24800642351 2503.91227572576 0.00000000000 0.00000000000 0.00000000000 0.00000000000 0.00000000000 0.00000000000 0.24818692595
0.02606013415 -0.00946440298 0.24800654234 2503.74888818592 0.00000000000 0.00000000000 0.00000000000 0.00000000000 0.00000000000 0.00000000000 0.24818706648
0.02605731692 -0.00946495395 0.24800666215 2503.71366014326 0.00000000000 0.00000000000 0.00000000000 0.00000000000 0.00000000000 0.00000000000 0.24818720721
0.02605449579 -0.00946548466 0.24800678293 2503.54914042960 0.00000000000 0.00000000000 0.00000000000 0.00000000000 0.00000000000 0.00000000000 0.24818734814
0.02605167092 -0.00946599506 0.24800690466 2503.51277991103 0.00000000000 0.00000000000 0.00000000000 0.00000000000 0.00000000000 0.00000000000 0.24818748926
0.02604884244 -0.00946648513 0.24800702736 2503.34721008517 0.00000000000 0.00000000000 0.00000000000 0.00000000000 0.00000000000 0.00000000000 0.24818763055
0.02604601051 -0.00946695485 0.24800715100 2503.30980024548 0.00000000000 0.00000000000 0.00000000000 0.00000000000 0.00000000000 0.00000000000 0.24818777202
0.02604317527 -0.00946740419 0.24800727558 2503.14326500894 0.00000000000 0.00000000000 0.00000000000 0.00000000000 0.00000000000 0.00000000000 0.24818791365
0.02604033686 -0.00946783313 0.24800740110 2503.10489186585 0.00000000000 0.00000000000 0.00000000000 0.00000000000 0.00000000000 0.00000000000 0.24818805544
0.02603749544 -0.00946824165 0.24800752755 2502.93747437071 0.00000000000 0.00000000000 0.00000000000 0.00000000000 0.00000000000 0.00000000000 0.24818819738
0.02603465115 -0.00946862972 0.24800765492 2502.89822233872 0.00000000000 0.00000000000 0.00000000000 0.00000000000 0.00000000000 0.00000000000 0.24818833947
0.02603180414 -0.00946899732 0.24800778321 2502.73000957566 0.00000000000 0.00000000000 0.00000000000 0.00000000000 0.00000000000 0.00000000000 0.24818848169
0.02602895455 -0.00946934444 0.24800791241 2502.68996674253 0.00000000000 0.00000000000 0.00000000000 0.00000000000 0.00000000000 0.00000000000 0.24818862404
0.02602610253 -0.00946967106 0.24800804252 2502.52104396625 0.00000000000 0.00000000000 0.00000000000 0.00000000000 0.00000000000 0.00000000000 0.24818876651
0.02602324823 -0.00946997716 0.24800817352 2502.48029668496 0.00000000000 0.00000000000 0.00000000000 0.00000000000 0.00000000000 0.00000000000 0.24818890910
0.02602039180 -0.00947026272 0.24800830541 2502.31075110171 0.00000000000 0.00000000000 0.00000000000 0.00000000000 0.00000000000 0.00000000000 0.24818905179
0.02601753339 -0.00947052774 0.24800843818 2502.26938792453 0.00000000000 0.00000000000 0.00000000000 0.00000000000 0.00000000000 0.00000000000 0.24818919458
0.02601467313 -0.00947077218 0.24800857183 2502.09930662523 0.00000000000 0.00000000000 0.00000000000 0.00000000000 0.00000000000 0.00000000000 0.24818933746
0.02601181119 -0.00947099606 0.24800870636 2502.05741592215 0.00000000000 0.00000000000 0.00000000000 0.00000000000 0.00000000000 0.00000000000 0.24818948043
0.02600894770 -0.00947119934 0.24800884174 2501.88688616803 0.00000000000 0.00000000000 0.00000000000 0.00000000000 0.00000000000 0.00000000000 0.24818962347
0.02600608282 -0.00947138202 0.24800897798 2501.84455635688 0.00000000000 0.00000000000 0.00000000000 0.00000000000 0.00000000000 0.00000000000 0.24818976658
0.02600321669 -0.00947154410 0.24800911507 2501.67366777737 0.00000000000 0.00000000000 0.00000000000 0.00000000000 0.00000000000 0.00000000000 0.24818990976
0.02600034947 -0.00947168556 0.24800925301 2501.63098927245 0.00000000000 0.00000000000 0.00000000000 0.00000000000 0.00000000000 0.00000000000 0.24819005299
0.02599748129 -0.00947180639 0.24800939177 2501.45982860529 0.00000000000 0.00000000000 0.00000000000 0.00000000000 0.00000000000 0.00000000000 0.24819019627
0.02599461231 -0.00947190659 0.24800953137 2501.41688941875 0.00000000000 0.00000000000 0.00000000000 0.00000000000 0.00000000000 0.00000000000 0.24819033959
0.02599174268 -0.00947198615 0.24800967179 2501.24554701137 0.00000000000 0.00000000000 0.00000000000 0.00000000000 0.00000000000 0.00000000000 0.24819048294
0.02598887254 -0.00947204508 0.24800981302 2501.20243831659 0.00000000000 0.00000000000 0.00000000000 0.00000000000 0.00000000000 0.00000000000 0.24819062631
0.02598600205 -0.00947208336 0.24800995505 2501.03100197294 0.00000000000 0.00000000000 0.00000000000 0.00000000000 0.00000000000 0.00000000000 0.24819076971
0.02598313134 -0.00947210099 0.24801009789 2500.98781266645 0.00000000000 0.00000000000 0.00000000000 0.00000000000 0.00000000000 0.00000000000 0.24819091311
0.02598026058 -0.00947209798 0.24801024151 2500.81637162048 0.00000000000 0.00000000000 0.00000000000 0.00000000000 0.00000000000 0.00000000000 0.24819105652
0.02597738990 -0.00947207432 0.24801038593 2500.77319182867 0.00000000000 0.00000000000 0.00000000000 0.00000000000 0.00000000000 0.00000000000 0.24819119992
0.02597451946 -0.00947203001 0.24801053111 2500.60183515529 0.00000000000 0.00000000000 0.00000000000 0.00000000000 0.00000000000 0.00000000000 0.24819134331
0.02597164941 -0.00947196506 0.24801067707 2500.55875483083 0.00000000000 0.00000000000 0.00000000000 0.00000000000 0.00000000000 0.00000000000 0.24819148669
0.02596877989 -0.00947187947 0.24801082379 2500.38757148328 0.00000000000 0.00000000000 0.00000000000 0.00000000000 0.00000000000 0.00000000000 0.24819163003
0.02596591105 -0.00947177325 0.24801097126 2500.34468052635 0.00000000000 0.00000000000 0.00000000000 0.00000000000 0.00000000000 0.00000000000 0.24819177334
0.02596304304 -0.00947164639 0.24801111948 2500.17375855403 0.00000000000 0.00000000000 0.00000000000 0.00000000000 0.00000000000 0.00000000000 0.24819191661
0.02596017600 -0.00947149891 0.24801126844 2500.13114588617 0.00000000000 0.00000000000 0.00000000000 0.00000000000 0.00000000000 0.00000000000 0.24819205983
0.02595731009 -0.00947133081 0.24801141813 2499.96057406704 0.00000000000 0.00000000000 0.00000000000 0.00000000000 0.00000000000 0.00000000000 0.24819220300
0.02595444546 -0.00947114210 0.24801156854 2499.91832922773 0.00000000000 0.00000000000 0.00000000000 0.00000000000 0.00000000000 0.00000000000 0.24819234610
0.02595158225 -0.00947093279 0.24801171967 2499.74819578866 0.00000000000 0.00000000000 0.00000000000 0.00000000000 0.00000000000 0.00000000000 0.24819248913
0.02594872061 -0.00947070290 0.24801187150 2499.70640783907 0.00000000000 0.00000000000 0.00000000000 0.00000000000 0.00000000000 0.00000000000 0.24819263208
0.02594586068 -0.00947045243 0.24801202404 2499.53679965383 0.00000000000 0.00000000000 0.00000000000 0.00000000000 0.00000000000 0.00000000000 0.24819277495
0.02594300262 -0.00947018139 0.24801217726 2499.49555628816 0.00000000000 0.00000000000 0.00000000000 0.00000000000 0.00000000000 0.00000000000 0.24819291772
0.02594014658 -0.00946988981 0.24801233117 2499.32656104356 0.00000000000 0.00000000000 0.00000000000 0.00000000000 0.00000000000 0.00000000000 0.24819306039
0.02593729269 -0.00946957769 0.24801248576 2499.28595074787 0.00000000000 0.00000000000 0.00000000000 0.00000000000 0.00000000000 0.00000000000 0.24819320296
0.02593444112 -0.00946924505 0.24801264101 2499.11765475723 0.00000000000 0.00000000000 0.00000000000 0.00000000000 0.00000000000 0.00000000000 0.24819334540
0.02593159200 -0.00946889191 0.24801279692 2499.07776439486 0.00000000000 0.00000000000 0.00000000000 0.00000000000 0.00000000000 0.00000000000 0.24819348773
0.02592874548 -0.00946851829 0.24801295349 2498.91025326101 0.00000000000 0.00000000000 0.00000000000 0.00000000000 0.00000000000 0.00000000000 0.24819362993
0.02592590171 -0.00946812420 0.24801311069 2498.87116938763 0.00000000000 0.00000000000 0.00000000000 0.00000000000 0.00000000000 0.00000000000 0.24819377199
0.02592306084 -0.00946770967 0.24801326854 2498.70452853257 0.00000000000 0.00000000000 0.00000000000 0.00000000000 0.00000000000 0.00000000000 0.24819391390
0.02592022302 -0.00946727471 0.24801342701 2498.66633682878 0.00000000000 0.00000000000 0.00000000000 0.00000000000 0.00000000000 0.00000000000 0.24819405566
0.02591738838 -0.00946681936 0.24801358609 2498.50065009601 0.00000000000 0.00000000000 0.00000000000 0.00000000000 0.00000000000 0.00000000000 0.24819419726
0.02591455708 -0.00946634363 0.24801374579 2498.46343533791 0.00000000000 0.00000000000 0.00000000000 0.00000000000 0.00000000000 0.00000000000 0.24819433870
0.02591172927 -0.00946584754 0.24801390609 2498.29878663364 0.00000000000 0.00000000000 0.00000000000 0.00000000000 0.00000000000 0.00000000000 0.24819447996
0.02590890509 -0.00946533113 0.24801406698 2498.26263324500 0.00000000000 0.00000000000 0.00000000000 0.00000000000 0.00000000000 0.00000000000 0.24819462104
0.02590608468 -0.00946479441 0.24801422846 2498.09910426692 0.00000000000 0.00000000000 0.00000000000 0.00000000000 0.00000000000 0.00000000000 0.24819476193
0.02590326819 -0.00946423743 0.24801439051 2498.06409434916 0.00000000000 0.00000000000 0.00000000000 0.00000000000 0.00000000000 0.00000000000 0.24819490263
0.02590045577 -0.00946366019 0.24801455313 2497.90176724619 0.00000000000 0.00000000000 0.00000000000 0.00000000000 0.00000000000 0.00000000000 0.24819504312
0.02589764756 -0.00946306275 0.24801471631 2497.86798354246 0.00000000000 0.00000000000 0.00000000000 0.00000000000 0.00000000000 0.00000000000 0.24819518340
0.02589484371 -0.00946244512 0.24801488005 2497.70693758512 0.00000000000 0.00000000000 0.00000000000 0.00000000000 0.00000000000 0.00000000000 0.24819532347
0.02589204436 -0.00946180734 0.24801504432 2497.67445986102 0.00000000000 0.00000000000 0.00000000000 0.00000000000 0.00000000000 0.00000000000 0.24819546331
0.02588924966 -0.00946114943 0.24801520913 2497.51477514429 0.00000000000 0.00000000000 0.00000000000 0.00000000000 0.00000000000 0.00000000000 0.24819560292
0.02588645975 -0.00946047145 0.24801537446 2497.48368409251 0.00000000000 0.00000000000 0.00000000000 0.00000000000 0.00000000000 0.00000000000 0.24819574229
0.02588367477 -0.00945977341 0.24801554031 2497.32543701875 0.00000000000 0.00000000000 0.00000000000 0.00000000000 0.00000000000 0.00000000000 0.24819588141
0.02588089488 -0.00945905535 0.24801570666 2497.29580956462 0.00000000000 0.00000000000 0.00000000000 0.00000000000 0.00000000000 0.00000000000 0.24819602027
0.02587812020 -0.00945831732 0.24801587352 2497.13907784518 0.00000000000 0.00000000000 0.00000000000 0.00000000000 0.00000000000 0.00000000000 0.24819615888
0.02587535090 -0.00945755935 0.24801604086 2497.11099181792 0.00000000000 0.00000000000 0.00000000000 0.00000000000 0.00000000000 0.00000000000 0.24819629722
0.02587258710 -0.00945678148 0.24801620869 2496.95584988587 0.00000000000 0.00000000000 0.00000000000 0.00000000000 0.00000000000 0.00000000000 0.24819643528
0.02586982896 -0.00945598375 0.24801637699 2496.92938034513 0.00000000000 0.00000000000 0.00000000000 0.00000000000 0.00000000000 0.00000000000 0.24819657307
0.02586707662 -0.00945516620 0.24801654575 2496.77590122467 0.00000000000 0.00000000000 0.00000000000 0.00000000000 0.00000000000 0.00000000000 0.24819671056
0.02586433021 -0.00945432887 0.24801671496 2496.75112169742 0.00000000000 0.00000000000 0.00000000000 0.00000000000 0.00000000000 0.00000000000 0.24819684775
0.02586158988 -0.00945347181 0.24801688462 2496.59937855674 0.00000000000 0.00000000000 0.00000000000 0.00000000000 0.00000000000 0.00000000000 0.24819698464
0.02585885577 -0.00945259505 0.24801705472 2496.57636236986 0.00000000000 0.00000000000 0.00000000000 0.00000000000 0.00000000000 0.00000000000 0.24819712123
0.02585612802 -0.00945169865 0.24801722524 2496.42642442149 0.00000000000 0.00000000000 0.00000000000 0.00000000000 0.00000000000 0.00000000000 0.24819725749
0.02585340678 -0.00945078266 0.24801739619 2496.40524116713 0.00000000000 0.00000000000 0.00000000000 0.00000000000 0.00000000000 0.00000000000 0.24819739343
0.02585069219 -0.00944984711 0.24801756754 2496.25717815576 0.00000000000 0.00000000000 0.00000000000 0.00000000000 0.00000000000 0.00000000000 0.24819752903
0.02584798437 -0.00944889206 0.24801773929 2496.23789791522 0.00000000000 0.00000000000 0.00000000000 0.00000000000 0.00000000000 0.00000000000 0.24819766430
0.02584528348 -0.00944791755 0.24801791143 2496.09177624363 0.00000000000 0.00000000000 0.00000000000 0.00000000000 0.00000000000 0.00000000000 0.24819779922
0.02584258966 -0.00944692364 0.24801808396 2496.07446558952 0.00000000000 0.00000000000 0.00000000000 0.00000000000 0.00000000000 0.00000000000 0.24819793379
0.02583990304 -0.00944591038 0.24801825686 2495.93035067685 0.00000000000 0.00000000000 0.00000000000 0.00000000000 0.00000000000 0.00000000000 0.24819806800
0.02583722376 -0.00944487781 0.24801843012 2495.91507566239 0.00000000000 0.00000000000 0.00000000000 0.00000000000 0.00000000000 0.00000000000 0.24819820184
0.02583455197 -0.00944382600 0.24801860374 2495.77303083189 0.00000000000 0.00000000000 0.00000000000 0.00000000000 0.00000000000 0.00000000000 0.24819833531
0.02583188779 -0.00944275500 0.24801877770 2495.75985464604 0.00000000000 0.00000000000 0.00000000000 0.00000000000 0.00000000000 0.00000000000 0.24819846839
0.02582923137 -0.00944166486 0.24801895200 2495.61994173130 0.00000000000 0.00000000000 0.00000000000 0.00000000000 0.00000000000 0.00000000000 0.24819860109
0.02582658284 -0.00944055563 0.24801912662 2495.60892668510 0.00000000000 0.00000000000 0.00000000000 0.00000000000 0.00000000000 0.00000000000 0.24819873340
0.02582394234 -0.00943942739 0.24801930157 2495.47120496962 0.00000000000 0.00000000000 0.00000000000 0.00000000000 0.00000000000 0.00000000000 0.24819886530
0.02582131001 -0.00943828017 0.24801947682 2495.46241022420 0.00000000000 0.00000000000 0.00000000000 0.00000000000 0.00000000000 0.00000000000 0.24819899680
0.02581868599 -0.00943711405 0.24801965237 2495.32693771284 0.00000000000 0.00000000000 0.00000000000 0.00000000000 0.00000000000 0.00000000000 0.24819912788
0.02581607040 -0.00943592908 0.24801982821 2495.32042185482 0.00000000000 0.00000000000 0.00000000000 0.00000000000 0.00000000000 0.00000000000 0.24819925854
0.02581346339 -0.00943472533 0.24802000433 2495.18725336398 0.00000000000 0.00000000000 0.00000000000 0.00000000000 0.00000000000 0.00000000000 0.24819938877
0.02581086509 -0.00943350285 0.24802018072 2495.18307109382 0.00000000000 0.00000000000 0.00000000000 0.00000000000 0.00000000000 0.00000000000 0.24819951857
0.02580827563 -0.00943226172 0.24802035737 2495.05226120115 0.00000000000 0.00000000000 0.00000000000 0.00000000000 0.00000000000 0.00000000000 0.24819964792
0.02580569515 -0.00943100198 0.24802053427 2495.05046710562 0.00000000000 0.00000000000 0.00000000000 0.00000000000 0.00000000000 0.00000000000 0.24819977683
0.02580312378 -0.00942972371 0.24802071142 2494.92206588886 0.00000000000 0.00000000000 0.00000000000 0.00000000000 0.00000000000 0.00000000000 0.24819990528
0.02580056165 -0.00942842698 0.24802088880 2494.92271059675 0.00000000000 0.00000000000 0.00000000000 0.00000000000 0.00000000000 0.00000000000 0.24820003327
0.02579800890 -0.00942711185 0.24802106640 2494.79676861559 0.00000000000 0.00000000000 0.00000000000 0.00000000000 0.00000000000 0.00000000000 0.24820016079
0.02579546566 -0.00942577839 0.24802124422 2494.79990257911 0.00000000000 0.00000000000 0.00000000000 0.00000000000 0.00000000000 0.00000000000 0.24820028784
0.02579293206 -0.00942442666 0.24802142224 2494.67646550927 0.00000000000 0.00000000000 0.00000000000 0.00000000000 0.00000000000 0.00000000000 0.24820041440
0.02579040823 -0.00942305675 0.24802160046 2494.68213454961 0.00000000000 0.00000000000 0.00000000000 0.00000000000 0.00000000000 0.00000000000 0.24820054048
0.02578789430 -0.00942166871 0.24802177887 2494.56124760730 0.00000000000 0.00000000000 0.00000000000 0.00000000000 0.00000000000 0.00000000000 0.24820066606
0.02578539041 -0.00942026262 0.24802195745 2494.56949707030 0.00000000000 0.00000000000 0.00000000000 0.00000000000 0.00000000000 0.00000000000 0.24820079114
0.02578289667 -0.00941883855 0.24802213619 2494.45120289093 0.00000000000 0.00000000000 0.00000000000 0.00000000000 0.00000000000 0.00000000000 0.24820091571
0.02578041322 -0.00941739658 0.24802231510 2494.46207558469 0.00000000000 0.00000000000 0.00000000000 0.00000000000 0.00000000000 0.00000000000 0.24820103977
0.02577794019 -0.00941593678 0.24802249415 2494.34641371048 0.00000000000 0.00000000000 0.00000000000 0.00000000000 0.00000000000 0.00000000000 0.24820116331
0.02577547771 -0.00941445922 0.24802267334 2494.35994912900 0.00000000000 0.00000000000 0.00000000000 0.00000000000 0.00000000000 0.00000000000 0.24820128632
0.02577302590 -0.00941296399 0.24802285266 2494.24695776890 0.00000000000 0.00000000000 0.00000000000 0.00000000000 0.00000000000 0.00000000000 0.24820140880
0.02577058489 -0.00941145116 0.24802303210 2494.26319435906 0.00000000000 0.00000000000 0.00000000000 0.00000000000 0.00000000000 0.00000000000 0.24820153074
0.02576815481 -0.00940992080 0.24802321164 2494.15290857743 0.00000000000 0.00000000000 0.00000000000 0.00000000000 0.00000000000 0.00000000000 0.24820165214
0.02576573578 -0.00940837300 0.24802339129 2494.17188117703 0.00000000000 0.00000000000 0.00000000000 0.00000000000 0.00000000000 0.00000000000 0.24820177298
0.02576332792 -0.00940680783 0.24802357102 2494.06433417522 0.00000000000 0.00000000000 0.00000000000 0.00000000000 0.00000000000 0.00000000000 0.24820189326
0.02576093137 -0.00940522538 0.24802375084 2494.08607595576 0.00000000000 0.00000000000 0.00000000000 0.00000000000 0.00000000000 0.00000000000 0.24820201298
0.02575854624 -0.00940362573 0.24802393073 2493.98129776416 0.00000000000 0.00000000000 0.00000000000 0.00000000000 0.00000000000 0.00000000000 0.24820213213
0.02575617267 -0.00940200896 0.24802411068 2494.00583906599 0.00000000000 0.00000000000 0.00000000000 0.00000000000 0.00000000000 0.00000000000 0.24820225070
0.02575381076 -0.00940037515 0.24802429068 2493.90385791936 0.00000000000 0.00000000000 0.00000000000 0.00000000000 0.00000000000 0.00000000000 0.24820236868
0.02575146065 -0.00939872439 0.24802447072 2493.93122692478 0.00000000000 0.00000000000 0.00000000000 0.00000000000 0.00000000000 0.00000000000 0.24820248608
0.02574912245 -0.00939705677 0.24802465080 2493.83206935632 0.00000000000 0.00000000000 0.00000000000 0.00000000000 0.00000000000 0.00000000000 0.24820260288
0.02574679629 -0.00939537236 0.24802483089 2493.86229233900 0.00000000000 0.00000000000 0.00000000000 0.00000000000 0.00000000000 0.00000000000 0.24820271909
0.02574448229 -0.00939367126 0.24802501100 2493.76597928989 0.00000000000 0.00000000000 0.00000000000 0.00000000000 0.00000000000 0.00000000000 0.24820283468
0.02574218056 -0.00939195356 0.24802519112 2493.79907769261 0.00000000000 0.00000000000 0.00000000000 0.00000000000 0.00000000000 0.00000000000 0.24820294966
0.02573989123 -0.00939021934 0.24802537123 2493.70563133069 0.00000000000 0.00000000000 0.00000000000 0.00000000000 0.00000000000 0.00000000000 0.24820306402
0.02573761441 -0.00938846869 0.24802555132 2493.74162711036 0.00000000000 0.00000000000 0.00000000000 0.00000000000 0.00000000000 0.00000000000 0.24820317776
0.02573535022 -0.00938670171 0.24802573138 2493.65106537265 0.00000000000 0.00000000000 0.00000000000 0.00000000000 0.00000000000 0.00000000000 0.24820329087
0.02573309878 -0.00938491847 0.24802591141 2493.68997627825 0.00000000000 0.00000000000 0.00000000000 0.00000000000 0.00000000000 0.00000000000 0.24820340334
0.02573086021 -0.00938311909 0.24802609140 2493.60231317926 0.00000000000 0.00000000000 0.00000000000 0.00000000000 0.00000000000 0.00000000000 0.24820351516
0.02572863462 -0.00938130364 0.24802627133 2493.64415329490 0.00000000000 0.00000000000 0.00000000000 0.00000000000 0.00000000000 0.00000000000 0.24820362634
0.02572642212 -0.00937947223 0.24802645120 2493.55940413765 0.00000000000 0.00000000000 0.00000000000 0.00000000000 0.00000000000 0.00000000000 0.24820373686
0.02572422283 -0.00937762495 0.24802663099 2493.60418906104 0.00000000000 0.00000000000 0.00000000000 0.00000000000 0.00000000000 0.00000000000 0.24820384673
0.02572203687 -0.00937576188 0.24802681070 2493.52236119567 0.00000000000 0.00000000000 0.00000000000 0.00000000000 0.00000000000 0.00000000000 0.24820395593
0.02571986435 -0.00937388314 0.24802699032 2493.57009807302 0.00000000000 0.00000000000 0.00000000000 0.00000000000 0.00000000000 0.00000000000 0.24820406445
0.02571770537 -0.00937198881 0.24802716983 2493.49120269774 0.00000000000 0.00000000000 0.00000000000 0.00000000000 0.00000000000 0.00000000000 0.24820417230
0.02571556006 -0.00937007900 0.24802734923 2493.54190240368 0.00000000000 0.00000000000 0.00000000000 0.00000000000 0.00000000000 0.00000000000 0.24820427947
0.02571342851 -0.00936815380 0.24802752851 2493.46594113175 0.00000000000 0.00000000000 0.00000000000 0.00000000000 0.00000000000 0.00000000000 0.24820438595
0.02571131085 -0.00936621331 0.24802770766 2493.51960561367 0.00000000000 0.00000000000 0.00000000000 0.00000000000 0.00000000000 0.00000000000 0.24820449174
0.02570920719 -0.00936425763 0.24802788667 2493.44658450003 0.00000000000 0.00000000000 0.00000000000 0.00000000000 0.00000000000 0.00000000000 0.24820459683
0.02570711762 -0.00936228686 0.24802806552 2493.50322024044 0.00000000000 0.00000000000 0.00000000000 0.00000000000 0.00000000000 0.00000000000 0.24820470121
0.02570504226 -0.00936030111 0.24802824422 2493.43313620272 0.00000000000 0.00000000000 0.00000000000 0.00000000000 0.00000000000 0.00000000000 0.24820480488
0.02570298122 -0.00935830048 0.24802842274 2493.49273923296 0.00000000000 0.00000000000 0.00000000000 0.00000000000 0.00000000000 0.00000000000 0.24820490784
0.02570093460 -0.00935628507 0.24802860109 2493.42559272704 0.00000000000 0.00000000000 0.00000000000 0.00000000000 0.00000000000 0.00000000000 0.24820501008
0.02569890251 -0.00935425498 0.24802877924 2493.48816385409 0.00000000000 0.00000000000 0.00000000000 0.00000000000 0.00000000000 0.00000000000 0.24820511159
0.02569688505 -0.00935221032 0.24802895720 2493.42394801046 0.00000000000 0.00000000000 0.00000000000 0.00000000000 0.00000000000 0.00000000000 0.24820521237
0.02569488233 -0.00935015119 0.24802913495 2493.48948048703 0.00000000000 0.00000000000 0.00000000000 0.00000000000 0.00000000000 0.00000000000 0.24820531241
0.02569289446 -0.00934807771 0.24802931248 2493.42818809493 0.00000000000 0.00000000000 0.00000000000 0.00000000000 0.00000000000 0.00000000000 0.24820541172
0.02569092152 -0.00934598998 0.24802948978 2493.49667459370 0.00000000000 0.00000000000 0.00000000000 0.00000000000 0.00000000000 0.00000000000 0.24820551027
0.02568896364 -0.00934388810 0.24802966685 2493.43829622066 0.00000000000 0.00000000000 0.00000000000 0.00000000000 0.00000000000 0.00000000000 0.24820560808
0.02568702090 -0.00934177218 0.24802984367 2493.50972715905 0.00000000000 0.00000000000 0.00000000000 0.00000000000 0.00000000000 0.00000000000 0.24820570513
0.02568509341 -0.00933964234 0.24803002023 2493.45424876408 0.00000000000 0.00000000000 0.00000000000 0.00000000000 0.00000000000 0.00000000000 0.24820580141
0.02568318127 -0.00933749868 0.24803019653 2493.52861019068 0.00000000000 0.00000000000 0.00000000000 0.00000000000 0.00000000000 0.00000000000 0.24820589693
0.02568128458 -0.00933534132 0.24803037255 2493.47602023270 0.00000000000 0.00000000000 0.00000000000 0.00000000000 0.00000000000 0.00000000000 0.24820599168
0.02567940343 -0.00933317037 0.24803054829 2493.55330053348 0.00000000000 0.00000000000 0.00000000000 0.00000000000 0.00000000000 0.00000000000 0.24820608565
0.02567753792 -0.00933098593 0.24803072374 2493.50357463357 0.00000000000 0.00000000000 0.00000000000 0.00000000000 0.00000000000 0.00000000000 0.24820617884
0.02567568816 -0.00932878812 0.24803089888 2493.58374970141 0.00000000000 0.00000000000 0.00000000000 0.00000000000 0.00000000000 0.00000000000 0.24820627125
0.02567385423 -0.00932657706 0.24803107371 2493.53688067400 0.00000000000 0.00000000000 0.00000000000 0.00000000000 0.00000000000 0.00000000000 0.24820636286
0.02567203622 -0.00932435285 0.24803124821 2493.61994364199 0.00000000000 0.00000000000 0.00000000000 0.00000000000 0.00000000000 0.00000000000 0.24820645368
0.02567023425 -0.00932211562 0.24803142239 2493.57587361816 0.00000000000 0.00000000000 0.00000000000 0.00000000000 0.00000000000 0.00000000000 0.24820654369
0.02566844839 -0.00931986548 0.24803159622 2493.66176605419 0.00000000000 0.00000000000 0.00000000000 0.00000000000 0.00000000000 0.00000000000 0.24820663290
0.02566667873 -0.00931760254 0.24803176971 2493.62059296259 0.00000000000 0.00000000000 0.00000000000 0.00000000000 0.00000000000 0.00000000000 0.24820672131
0.02566492538 -0.00931532692 0.24803194283 2493.70941340001 0.00000000000 0.00000000000 0.00000000000 0.00000000000 0.00000000000 0.00000000000 0.24820680889
0.02566318843 -0.00931303875 0.24803211559 2493.67065908284 0.00000000000 0.00000000000 0.00000000000 0.00000000000 0.00000000000 0.00000000000 0.24820689566
0.02566146795 -0.00931073813 0.24803228797 2493.76192795995 0.00000000000 0.00000000000 0.00000000000 0.00000000000 0.00000000000 0.00000000000 0.24820698161
0.02565976404 -0.00930842519 0.24803245996 2493.72724220605 0.00000000000 0.00000000000 0.00000000000 0.00000000000 0.00000000000 0.00000000000 0.24820706673
0.02565807679 -0.00930610004 0.24803263155 2493.82261433544 0.00000000000 0.00000000000 0.00000000000 0.00000000000 0.00000000000 0.00000000000 0.24820715101
0.02565640629 -0.00930376281 0.24803280274 2493.79622057924 0.00000000000 0.00000000000 0.00000000000 0.00000000000 0.00000000000 0.00000000000 0.24820723446
0.02565475262 -0.00930141362 0.24803297351 2493.89630806328 0.00000000000 0.00000000000 0.00000000000 0.00000000000 0.00000000000 0.00000000000 0.24820731707
0.02565311587 -0.00929905258 0.24803314386 2493.85649786776 0.00000000000 0.00000000000 0.00000000000 0.00000000000 0.00000000000 0.00000000000 0.24820739882
0.02565149612 -0.00929667982 0.24803331377 2493.95657725036 0.00000000000 0.00000000000 0.00000000000 0.00000000000 0.00000000000 0.00000000000 0.24820747973
0.02564989346 -0.00929429547 0.24803348324 2493.87366246514 0.00000000000 0.00000000000 0.00000000000 0.00000000000 0.00000000000 0.00000000000 0.24820755979
0.02564830798 -0.00929189965 0.24803365227 2493.92029841610 0.00000000000 0.00000000000 0.00000000000 0.00000000000 0.00000000000 0.00000000000 0.24820763900
0.02564673974 -0.00928949248 0.24803382084 2494.09659094107 0.00000000000 0.00000000000 0.00000000000 0.00000000000 0.00000000000 0.00000000000 0.24820771735
0.02564518884 -0.00928707408 0.24803398895 2494.40247205822 0.00000000000 0.00000000000 0.00000000000 0.00000000000 0.00000000000 0.00000000000 0.24820779484
