VARIABLES=
"CoordinateX"
"CoordinateY"
"CoordinateZ"
"Kappa1"
"Kappa2"
"dy"
"dz"
"d2x"
"d2y"
"d2z"
"R"
ZONE T="Konrollpunkte"
I=101, J=1, K=1
0.07101588632 0.00483915290 0.25386950999 0.00000000000 0.00000000000 0.00000000000 0.00000000000 0.00000000000 0.00000000000 0.00000000000 0.00000000000
0.07101463272 0.00484625012 0.25386927790 0.00000000000 0.00000000000 0.00000000000 0.00000000000 0.00000000000 0.00000000000 0.00000000000 0.00000000000
0.07101238624 0.00485703494 0.25386889849 0.00000000000 0.00000000000 0.00000000000 0.00000000000 0.00000000000 0.00000000000 0.00000000000 0.00000000000
0.07100889799 0.00487154571 0.25386835137 0.00000000000 0.00000000000 0.00000000000 0.00000000000 0.00000000000 0.00000000000 0.00000000000 0.00000000000
0.07100596220 0.00488267684 0.25386791105 0.00000000000 0.00000000000 0.00000000000 0.00000000000 0.00000000000 0.00000000000 0.00000000000 0.00000000000
0.07100270952 0.00489393839 0.25386744328 0.00000000000 0.00000000000 0.00000000000 0.00000000000 0.00000000000 0.00000000000 0.00000000000 0.00000000000
0.07099915508 0.00490523503 0.25386695106 0.00000000000 0.00000000000 0.00000000000 0.00000000000 0.00000000000 0.00000000000 0.00000000000 0.00000000000
0.07099531961 0.00491648379 0.25386643758 0.00000000000 0.00000000000 0.00000000000 0.00000000000 0.00000000000 0.00000000000 0.00000000000 0.00000000000
0.07099122800 0.00492760987 0.25386590623 0.00000000000 0.00000000000 0.00000000000 0.00000000000 0.00000000000 0.00000000000 0.00000000000 0.00000000000
0.07098689603 0.00493858127 0.25386535885 0.00000000000 0.00000000000 0.00000000000 0.00000000000 0.00000000000 0.00000000000 0.00000000000 0.00000000000
0.07098232747 0.00494939953 0.25386479573 0.00000000000 0.00000000000 0.00000000000 0.00000000000 0.00000000000 0.00000000000 0.00000000000 0.00000000000
0.07097752028 0.00496007699 0.25386421650 0.00000000000 0.00000000000 0.00000000000 0.00000000000 0.00000000000 0.00000000000 0.00000000000 0.00000000000
0.07097247371 0.00497061961 0.25386362098 0.00000000000 0.00000000000 0.00000000000 0.00000000000 0.00000000000 0.00000000000 0.00000000000 0.00000000000
0.07096718992 0.00498102585 0.25386300941 0.00000000000 0.00000000000 0.00000000000 0.00000000000 0.00000000000 0.00000000000 0.00000000000 0.00000000000
0.07096167153 0.00499129301 0.25386238204 0.00000000000 0.00000000000 0.00000000000 0.00000000000 0.00000000000 0.00000000000 0.00000000000 0.00000000000
0.07095592008 0.00500142011 0.25386173904 0.00000000000 0.00000000000 0.00000000000 0.00000000000 0.00000000000 0.00000000000 0.00000000000 0.00000000000
0.07094993632 0.00501140664 0.25386108049 0.00000000000 0.00000000000 0.00000000000 0.00000000000 0.00000000000 0.00000000000 0.00000000000 0.00000000000
0.07094372130 0.00502125102 0.25386040651 0.00000000000 0.00000000000 0.00000000000 0.00000000000 0.00000000000 0.00000000000 0.00000000000 0.00000000000
0.07093727697 0.00503094973 0.25385971735 0.00000000000 0.00000000000 0.00000000000 0.00000000000 0.00000000000 0.00000000000 0.00000000000 0.00000000000
0.07093060651 0.00504049777 0.25385901337 0.00000000000 0.00000000000 0.00000000000 0.00000000000 0.00000000000 0.00000000000 0.00000000000 0.00000000000
0.07092371375 0.00504988916 0.25385829499 0.00000000000 0.00000000000 0.00000000000 0.00000000000 0.00000000000 0.00000000000 0.00000000000 0.00000000000
0.07091660294 0.00505911792 0.25385756268 0.00000000000 0.00000000000 0.00000000000 0.00000000000 0.00000000000 0.00000000000 0.00000000000 0.00000000000
0.07090927832 0.00506817818 0.25385681691 0.00000000000 0.00000000000 0.00000000000 0.00000000000 0.00000000000 0.00000000000 0.00000000000 0.00000000000
0.07090174429 0.00507706464 0.25385605813 0.00000000000 0.00000000000 0.00000000000 0.00000000000 0.00000000000 0.00000000000 0.00000000000 0.00000000000
0.07089400507 0.00508577218 0.25385528680 0.00000000000 0.00000000000 0.00000000000 0.00000000000 0.00000000000 0.00000000000 0.00000000000 0.00000000000
0.07088606500 0.00509429602 0.25385450336 0.00000000000 0.00000000000 0.00000000000 0.00000000000 0.00000000000 0.00000000000 0.00000000000 0.00000000000
0.07087792839 0.00510263141 0.25385370826 0.00000000000 0.00000000000 0.00000000000 0.00000000000 0.00000000000 0.00000000000 0.00000000000 0.00000000000
0.07086959972 0.00511077382 0.25385290195 0.00000000000 0.00000000000 0.00000000000 0.00000000000 0.00000000000 0.00000000000 0.00000000000 0.00000000000
0.07086108353 0.00511871878 0.25385208490 0.00000000000 0.00000000000 0.00000000000 0.00000000000 0.00000000000 0.00000000000 0.00000000000 0.00000000000
0.07085238448 0.00512646197 0.25385125756 0.00000000000 0.00000000000 0.00000000000 0.00000000000 0.00000000000 0.00000000000 0.00000000000 0.00000000000
0.07084350733 0.00513399916 0.25385042042 0.00000000000 0.00000000000 0.00000000000 0.00000000000 0.00000000000 0.00000000000 0.00000000000 0.00000000000
0.07083445692 0.00514132623 0.25384957394 0.00000000000 0.00000000000 0.00000000000 0.00000000000 0.00000000000 0.00000000000 0.00000000000 0.00000000000
0.07082523820 0.00514843917 0.25384871861 0.00000000000 0.00000000000 0.00000000000 0.00000000000 0.00000000000 0.00000000000 0.00000000000 0.00000000000
0.07081585619 0.00515533408 0.25384785490 0.00000000000 0.00000000000 0.00000000000 0.00000000000 0.00000000000 0.00000000000 0.00000000000 0.00000000000
0.07080631603 0.00516200720 0.25384698332 0.00000000000 0.00000000000 0.00000000000 0.00000000000 0.00000000000 0.00000000000 0.00000000000 0.00000000000
0.07079662295 0.00516845492 0.25384610436 0.00000000000 0.00000000000 0.00000000000 0.00000000000 0.00000000000 0.00000000000 0.00000000000 0.00000000000
0.07078678223 0.00517467370 0.25384521851 0.00000000000 0.00000000000 0.00000000000 0.00000000000 0.00000000000 0.00000000000 0.00000000000 0.00000000000
0.07077679924 0.00518066012 0.25384432627 0.00000000000 0.00000000000 0.00000000000 0.00000000000 0.00000000000 0.00000000000 0.00000000000 0.00000000000
0.07076667942 0.00518641087 0.25384342815 0.00000000000 0.00000000000 0.00000000000 0.00000000000 0.00000000000 0.00000000000 0.00000000000 0.00000000000
0.07075642834 0.00519192292 0.25384252465 0.00000000000 0.00000000000 0.00000000000 0.00000000000 0.00000000000 0.00000000000 0.00000000000 0.00000000000
0.07074605158 0.00519719318 0.25384161629 0.00000000000 0.00000000000 0.00000000000 0.00000000000 0.00000000000 0.00000000000 0.00000000000 0.00000000000
0.07073555483 0.00520221883 0.25384070358 0.00000000000 0.00000000000 0.00000000000 0.00000000000 0.00000000000 0.00000000000 0.00000000000 0.00000000000
0.07072494376 0.00520699701 0.25383978702 0.00000000000 0.00000000000 0.00000000000 0.00000000000 0.00000000000 0.00000000000 0.00000000000 0.00000000000
0.07071422423 0.00521152521 0.25383886714 0.00000000000 0.00000000000 0.00000000000 0.00000000000 0.00000000000 0.00000000000 0.00000000000 0.00000000000
0.07070340208 0.00521580092 0.25383794445 0.00000000000 0.00000000000 0.00000000000 0.00000000000 0.00000000000 0.00000000000 0.00000000000 0.00000000000
0.07069248325 0.00521982186 0.25383701946 0.00000000000 0.00000000000 0.00000000000 0.00000000000 0.00000000000 0.00000000000 0.00000000000 0.00000000000
0.07068147365 0.00522358575 0.25383609270 0.00000000000 0.00000000000 0.00000000000 0.00000000000 0.00000000000 0.00000000000 0.00000000000 0.00000000000
0.07067037933 0.00522709056 0.25383516468 0.00000000000 0.00000000000 0.00000000000 0.00000000000 0.00000000000 0.00000000000 0.00000000000 0.00000000000
0.07065920635 0.00523033438 0.25383423593 0.00000000000 0.00000000000 0.00000000000 0.00000000000 0.00000000000 0.00000000000 0.00000000000 0.00000000000
0.07064796081 0.00523331546 0.25383330695 0.00000000000 0.00000000000 0.00000000000 0.00000000000 0.00000000000 0.00000000000 0.00000000000 0.00000000000
0.07063664886 0.00523603216 0.25383237826 0.00000000000 0.00000000000 0.00000000000 0.00000000000 0.00000000000 0.00000000000 0.00000000000 0.00000000000
0.07062527667 0.00523848298 0.25383145039 0.00000000000 0.00000000000 0.00000000000 0.00000000000 0.00000000000 0.00000000000 0.00000000000 0.00000000000
0.07061385046 0.00524066659 0.25383052384 0.00000000000 0.00000000000 0.00000000000 0.00000000000 0.00000000000 0.00000000000 0.00000000000 0.00000000000
0.07060237647 0.00524258178 0.25382959913 0.00000000000 0.00000000000 0.00000000000 0.00000000000 0.00000000000 0.00000000000 0.00000000000 0.00000000000
0.07059086098 0.00524422753 0.25382867677 0.00000000000 0.00000000000 0.00000000000 0.00000000000 0.00000000000 0.00000000000 0.00000000000 0.00000000000
0.07057931028 0.00524560295 0.25382775727 0.00000000000 0.00000000000 0.00000000000 0.00000000000 0.00000000000 0.00000000000 0.00000000000 0.00000000000
0.07056773067 0.00524670726 0.25382684114 0.00000000000 0.00000000000 0.00000000000 0.00000000000 0.00000000000 0.00000000000 0.00000000000 0.00000000000
0.07055612848 0.00524753987 0.25382592888 0.00000000000 0.00000000000 0.00000000000 0.00000000000 0.00000000000 0.00000000000 0.00000000000 0.00000000000
0.07054451005 0.00524810027 0.25382502099 0.00000000000 0.00000000000 0.00000000000 0.00000000000 0.00000000000 0.00000000000 0.00000000000 0.00000000000
0.07053288174 0.00524838827 0.25382411797 0.00000000000 0.00000000000 0.00000000000 0.00000000000 0.00000000000 0.00000000000 0.00000000000 0.00000000000
0.07052124988 0.00524840362 0.25382322031 0.00000000000 0.00000000000 0.00000000000 0.00000000000 0.00000000000 0.00000000000 0.00000000000 0.00000000000
0.07050962085 0.00524814639 0.25382232851 0.00000000000 0.00000000000 0.00000000000 0.00000000000 0.00000000000 0.00000000000 0.00000000000 0.00000000000
0.07049800100 0.00524761657 0.25382144305 0.00000000000 0.00000000000 0.00000000000 0.00000000000 0.00000000000 0.00000000000 0.00000000000 0.00000000000
0.07048639666 0.00524681460 0.25382056441 0.00000000000 0.00000000000 0.00000000000 0.00000000000 0.00000000000 0.00000000000 0.00000000000 0.00000000000
0.07047481419 0.00524574085 0.25381969308 0.00000000000 0.00000000000 0.00000000000 0.00000000000 0.00000000000 0.00000000000 0.00000000000 0.00000000000
0.07046325991 0.00524439598 0.25381882951 0.00000000000 0.00000000000 0.00000000000 0.00000000000 0.00000000000 0.00000000000 0.00000000000 0.00000000000
0.07045174014 0.00524278061 0.25381797419 0.00000000000 0.00000000000 0.00000000000 0.00000000000 0.00000000000 0.00000000000 0.00000000000 0.00000000000
0.07044026117 0.00524089568 0.25381712758 0.00000000000 0.00000000000 0.00000000000 0.00000000000 0.00000000000 0.00000000000 0.00000000000 0.00000000000
0.07042882927 0.00523874223 0.25381629012 0.00000000000 0.00000000000 0.00000000000 0.00000000000 0.00000000000 0.00000000000 0.00000000000 0.00000000000
0.07041745069 0.00523632144 0.25381546227 0.00000000000 0.00000000000 0.00000000000 0.00000000000 0.00000000000 0.00000000000 0.00000000000 0.00000000000
0.07040613164 0.00523363462 0.25381464448 0.00000000000 0.00000000000 0.00000000000 0.00000000000 0.00000000000 0.00000000000 0.00000000000 0.00000000000
0.07039487832 0.00523068322 0.25381383719 0.00000000000 0.00000000000 0.00000000000 0.00000000000 0.00000000000 0.00000000000 0.00000000000 0.00000000000
0.07038369686 0.00522746887 0.25381304082 0.00000000000 0.00000000000 0.00000000000 0.00000000000 0.00000000000 0.00000000000 0.00000000000 0.00000000000
0.07037259339 0.00522399331 0.25381225580 0.00000000000 0.00000000000 0.00000000000 0.00000000000 0.00000000000 0.00000000000 0.00000000000 0.00000000000
0.07036157396 0.00522025848 0.25381148255 0.00000000000 0.00000000000 0.00000000000 0.00000000000 0.00000000000 0.00000000000 0.00000000000 0.00000000000
0.07035064459 0.00521626639 0.25381072148 0.00000000000 0.00000000000 0.00000000000 0.00000000000 0.00000000000 0.00000000000 0.00000000000 0.00000000000
0.07033981127 0.00521201923 0.25380997300 0.00000000000 0.00000000000 0.00000000000 0.00000000000 0.00000000000 0.00000000000 0.00000000000 0.00000000000
0.07032907991 0.00520751930 0.25380923750 0.00000000000 0.00000000000 0.00000000000 0.00000000000 0.00000000000 0.00000000000 0.00000000000 0.00000000000
0.07031845638 0.00520276905 0.25380851537 0.00000000000 0.00000000000 0.00000000000 0.00000000000 0.00000000000 0.00000000000 0.00000000000 0.00000000000
0.07030794646 0.00519777114 0.25380780699 0.00000000000 0.00000000000 0.00000000000 0.00000000000 0.00000000000 0.00000000000 0.00000000000 0.00000000000
0.07029755591 0.00519252825 0.25380711273 0.00000000000 0.00000000000 0.00000000000 0.00000000000 0.00000000000 0.00000000000 0.00000000000 0.00000000000
0.07028729039 0.00518704328 0.25380643295 0.00000000000 0.00000000000 0.00000000000 0.00000000000 0.00000000000 0.00000000000 0.00000000000 0.00000000000
0.07027715554 0.00518131910 0.25380576803 0.00000000000 0.00000000000 0.00000000000 0.00000000000 0.00000000000 0.00000000000 0.00000000000 0.00000000000
0.07026715674 0.00517535892 0.25380511828 0.00000000000 0.00000000000 0.00000000000 0.00000000000 0.00000000000 0.00000000000 0.00000000000 0.00000000000
0.07025729928 0.00516916577 0.25380448404 0.00000000000 0.00000000000 0.00000000000 0.00000000000 0.00000000000 0.00000000000 0.00000000000 0.00000000000
0.07024758790 0.00516274252 0.25380386560 0.00000000000 0.00000000000 0.00000000000 0.00000000000 0.00000000000 0.00000000000 0.00000000000 0.00000000000
0.07023802685 0.00515609196 0.25380326321 0.00000000000 0.00000000000 0.00000000000 0.00000000000 0.00000000000 0.00000000000 0.00000000000 0.00000000000
0.07022861985 0.00514921594 0.25380267711 0.00000000000 0.00000000000 0.00000000000 0.00000000000 0.00000000000 0.00000000000 0.00000000000 0.00000000000
0.07021936996 0.00514211637 0.25380210747 0.00000000000 0.00000000000 0.00000000000 0.00000000000 0.00000000000 0.00000000000 0.00000000000 0.00000000000
0.07021027854 0.00513479869 0.25380157765 0.00000000000 0.00000000000 0.00000000000 0.00000000000 0.00000000000 0.00000000000 0.00000000000 0.00000000000
0.07020134820 0.00512727172 0.25380109667 0.00000000000 0.00000000000 0.00000000000 0.00000000000 0.00000000000 0.00000000000 0.00000000000 0.00000000000
0.07019258924 0.00511954673 0.25380063163 0.00000000000 0.00000000000 0.00000000000 0.00000000000 0.00000000000 0.00000000000 0.00000000000 0.00000000000
0.07018401634 0.00511163735 0.25380018325 0.00000000000 0.00000000000 0.00000000000 0.00000000000 0.00000000000 0.00000000000 0.00000000000 0.00000000000
0.07017564986 0.00510354951 0.25379975285 0.00000000000 0.00000000000 0.00000000000 0.00000000000 0.00000000000 0.00000000000 0.00000000000 0.00000000000
0.07016751917 0.00509527252 0.25379934271 0.00000000000 0.00000000000 0.00000000000 0.00000000000 0.00000000000 0.00000000000 0.00000000000 0.00000000000
0.07015965156 0.00508679622 0.25379895494 0.00000000000 0.00000000000 0.00000000000 0.00000000000 0.00000000000 0.00000000000 0.00000000000 0.00000000000
0.07015204787 0.00507813508 0.25379858930 0.00000000000 0.00000000000 0.00000000000 0.00000000000 0.00000000000 0.00000000000 0.00000000000 0.00000000000
0.07014469435 0.00506934172 0.25379824375 0.00000000000 0.00000000000 0.00000000000 0.00000000000 0.00000000000 0.00000000000 0.00000000000 0.00000000000
0.07013526146 0.00505759006 0.25379780943 0.00000000000 0.00000000000 0.00000000000 0.00000000000 0.00000000000 0.00000000000 0.00000000000 0.00000000000
0.07012864009 0.00504871164 0.25379751677 0.00000000000 0.00000000000 0.00000000000 0.00000000000 0.00000000000 0.00000000000 0.00000000000 0.00000000000
0.07012433385 0.00504265515 0.25379733187 0.00000000000 0.00000000000 0.00000000000 0.00000000000 0.00000000000 0.00000000000 0.00000000000 0.00000000000
ZONE T="NURB"
I=201, J=1, K=1
0.07101588632 0.00483915290 0.25386950999 2875.34808425103 0.00000000000 0.00000000000 0.00000000000 0.00000000000 0.00000000000 0.00000000000 0.25391562674
0.07101488016 0.00484460448 0.25386932833 2581.74291134546 0.00000000000 0.00000000000 0.00000000000 0.00000000000 0.00000000000 0.00000000000 0.25391554907
0.07101378795 0.00485008080 0.25386913946 2307.46119953322 0.00000000000 0.00000000000 0.00000000000 0.00000000000 0.00000000000 0.00000000000 0.25391546478
0.07101261771 0.00485557741 0.25386894409 2050.11221800026 0.00000000000 0.00000000000 0.00000000000 0.00000000000 0.00000000000 0.00000000000 0.25391537450
0.07101137741 0.00486108985 0.25386874292 1833.93936298698 0.00000000000 0.00000000000 0.00000000000 0.00000000000 0.00000000000 0.00000000000 0.25391527884
0.07101007190 0.00486661793 0.25386853632 1898.16268335493 0.00000000000 0.00000000000 0.00000000000 0.00000000000 0.00000000000 0.00000000000 0.25391517817
0.07100869611 0.00487217461 0.25386832363 1937.03950595976 0.00000000000 0.00000000000 0.00000000000 0.00000000000 0.00000000000 0.00000000000 0.25391507208
0.07100724458 0.00487776960 0.25386810423 1969.79203125541 0.00000000000 0.00000000000 0.00000000000 0.00000000000 0.00000000000 0.00000000000 0.25391496013
0.07100571615 0.00488339571 0.25386787816 2005.48655643385 0.00000000000 0.00000000000 0.00000000000 0.00000000000 0.00000000000 0.00000000000 0.25391484225
0.07100411089 0.00488904282 0.25386764563 2002.07891389466 0.00000000000 0.00000000000 0.00000000000 0.00000000000 0.00000000000 0.00000000000 0.25391471844
0.07100243022 0.00489470093 0.25386740695 2007.39251819150 0.00000000000 0.00000000000 0.00000000000 0.00000000000 0.00000000000 0.00000000000 0.25391458881
0.07100067596 0.00490036019 0.25386716245 2000.63368442444 0.00000000000 0.00000000000 0.00000000000 0.00000000000 0.00000000000 0.00000000000 0.25391445350
0.07099885054 0.00490601106 0.25386691249 2003.18232452981 0.00000000000 0.00000000000 0.00000000000 0.00000000000 0.00000000000 0.00000000000 0.25391431271
0.07099695663 0.00491164415 0.25386665746 1999.16303603143 0.00000000000 0.00000000000 0.00000000000 0.00000000000 0.00000000000 0.00000000000 0.25391416664
0.07099499733 0.00491725041 0.25386639779 2004.38065971668 0.00000000000 0.00000000000 0.00000000000 0.00000000000 0.00000000000 0.00000000000 0.25391401552
0.07099297550 0.00492282216 0.25386613384 2000.35590787013 0.00000000000 0.00000000000 0.00000000000 0.00000000000 0.00000000000 0.00000000000 0.25391385958
0.07099089321 0.00492835531 0.25386586585 2000.59697575010 0.00000000000 0.00000000000 0.00000000000 0.00000000000 0.00000000000 0.00000000000 0.25391369898
0.07098875200 0.00493384744 0.25386559399 2000.53032732752 0.00000000000 0.00000000000 0.00000000000 0.00000000000 0.00000000000 0.00000000000 0.25391353383
0.07098655232 0.00493929894 0.25386531830 1999.51631106304 0.00000000000 0.00000000000 0.00000000000 0.00000000000 0.00000000000 0.00000000000 0.25391336418
0.07098429430 0.00494471101 0.25386503875 2001.13711832843 0.00000000000 0.00000000000 0.00000000000 0.00000000000 0.00000000000 0.00000000000 0.25391319002
0.07098197752 0.00495008570 0.25386475528 1999.77889952006 0.00000000000 0.00000000000 0.00000000000 0.00000000000 0.00000000000 0.00000000000 0.25391301133
0.07097960155 0.00495542495 0.25386446783 2001.11974114277 0.00000000000 0.00000000000 0.00000000000 0.00000000000 0.00000000000 0.00000000000 0.25391282808
0.07097716607 0.00496073005 0.25386417634 2000.38681427329 0.00000000000 0.00000000000 0.00000000000 0.00000000000 0.00000000000 0.00000000000 0.25391264023
0.07097467091 0.00496600189 0.25386388078 2000.81575375414 0.00000000000 0.00000000000 0.00000000000 0.00000000000 0.00000000000 0.00000000000 0.25391244779
0.07097211617 0.00497124058 0.25386358117 2000.61166295042 0.00000000000 0.00000000000 0.00000000000 0.00000000000 0.00000000000 0.00000000000 0.25391225074
0.07096950204 0.00497644602 0.25386327752 2000.49399112814 0.00000000000 0.00000000000 0.00000000000 0.00000000000 0.00000000000 0.00000000000 0.25391204912
0.07096682881 0.00498161789 0.25386296986 2000.24489316648 0.00000000000 0.00000000000 0.00000000000 0.00000000000 0.00000000000 0.00000000000 0.25391184294
0.07096409677 0.00498675585 0.25386265823 2000.09125293064 0.00000000000 0.00000000000 0.00000000000 0.00000000000 0.00000000000 0.00000000000 0.25391163222
0.07096130614 0.00499185966 0.25386234264 1999.70157614700 0.00000000000 0.00000000000 0.00000000000 0.00000000000 0.00000000000 0.00000000000 0.25391141699
0.07095845714 0.00499692908 0.25386202313 1999.98099318256 0.00000000000 0.00000000000 0.00000000000 0.00000000000 0.00000000000 0.00000000000 0.25391119725
0.07095554990 0.00500196394 0.25386169970 1999.84226203338 0.00000000000 0.00000000000 0.00000000000 0.00000000000 0.00000000000 0.00000000000 0.25391097302
0.07095258458 0.00500696402 0.25386137238 1999.96055252473 0.00000000000 0.00000000000 0.00000000000 0.00000000000 0.00000000000 0.00000000000 0.25391074431
0.07094956136 0.00501192907 0.25386104118 1999.80398387342 0.00000000000 0.00000000000 0.00000000000 0.00000000000 0.00000000000 0.00000000000 0.25391051113
0.07094648041 0.00501685874 0.25386070613 2000.12511234284 0.00000000000 0.00000000000 0.00000000000 0.00000000000 0.00000000000 0.00000000000 0.25391027350
0.07094334199 0.00502175258 0.25386036727 2000.28853419847 0.00000000000 0.00000000000 0.00000000000 0.00000000000 0.00000000000 0.00000000000 0.25391003144
0.07094014641 0.00502661007 0.25386002461 1999.70634228266 0.00000000000 0.00000000000 0.00000000000 0.00000000000 0.00000000000 0.00000000000 0.25390978497
0.07093689406 0.00503143059 0.25385967822 1999.36945043023 0.00000000000 0.00000000000 0.00000000000 0.00000000000 0.00000000000 0.00000000000 0.25390953413
0.07093358536 0.00503621345 0.25385932814 1999.43856295204 0.00000000000 0.00000000000 0.00000000000 0.00000000000 0.00000000000 0.00000000000 0.25390927893
0.07093022078 0.00504095794 0.25385897441 1999.77676255041 0.00000000000 0.00000000000 0.00000000000 0.00000000000 0.00000000000 0.00000000000 0.25390901943
0.07092680082 0.00504566328 0.25385861711 1999.31683639330 0.00000000000 0.00000000000 0.00000000000 0.00000000000 0.00000000000 0.00000000000 0.25390875565
0.07092332600 0.00505032874 0.25385825627 1999.29448113925 0.00000000000 0.00000000000 0.00000000000 0.00000000000 0.00000000000 0.00000000000 0.25390848765
0.07091979685 0.00505495358 0.25385789197 1999.58940554150 0.00000000000 0.00000000000 0.00000000000 0.00000000000 0.00000000000 0.00000000000 0.25390821545
0.07091621391 0.00505953705 0.25385752426 2000.13349913380 0.00000000000 0.00000000000 0.00000000000 0.00000000000 0.00000000000 0.00000000000 0.25390793910
0.07091257770 0.00506407844 0.25385715320 1999.48918583525 0.00000000000 0.00000000000 0.00000000000 0.00000000000 0.00000000000 0.00000000000 0.25390765865
0.07090888877 0.00506857708 0.25385677884 1999.20900471503 0.00000000000 0.00000000000 0.00000000000 0.00000000000 0.00000000000 0.00000000000 0.25390737413
0.07090514766 0.00507303233 0.25385640124 1999.24747955378 0.00000000000 0.00000000000 0.00000000000 0.00000000000 0.00000000000 0.00000000000 0.25390708558
0.07090135490 0.00507744353 0.25385602046 1999.50846238953 0.00000000000 0.00000000000 0.00000000000 0.00000000000 0.00000000000 0.00000000000 0.25390679305
0.07089751102 0.00508181006 0.25385563656 1999.12617855569 0.00000000000 0.00000000000 0.00000000000 0.00000000000 0.00000000000 0.00000000000 0.25390649658
0.07089361656 0.00508613132 0.25385524959 1999.03547238781 0.00000000000 0.00000000000 0.00000000000 0.00000000000 0.00000000000 0.00000000000 0.25390619621
0.07088967206 0.00509040672 0.25385485960 1999.21181850811 0.00000000000 0.00000000000 0.00000000000 0.00000000000 0.00000000000 0.00000000000 0.25390589198
0.07088567806 0.00509463565 0.25385446665 1999.58225873032 0.00000000000 0.00000000000 0.00000000000 0.00000000000 0.00000000000 0.00000000000 0.25390558393
0.07088163509 0.00509881755 0.25385407080 1999.32939099373 0.00000000000 0.00000000000 0.00000000000 0.00000000000 0.00000000000 0.00000000000 0.25390527210
0.07087754372 0.00510295183 0.25385367210 1999.31896068139 0.00000000000 0.00000000000 0.00000000000 0.00000000000 0.00000000000 0.00000000000 0.25390495654
0.07087340449 0.00510703793 0.25385327061 1999.22125388492 0.00000000000 0.00000000000 0.00000000000 0.00000000000 0.00000000000 0.00000000000 0.25390463729
0.07086921798 0.00511107530 0.25385286639 1999.34851543170 0.00000000000 0.00000000000 0.00000000000 0.00000000000 0.00000000000 0.00000000000 0.25390431439
0.07086498476 0.00511506340 0.25385245950 1999.19396597305 0.00000000000 0.00000000000 0.00000000000 0.00000000000 0.00000000000 0.00000000000 0.25390398789
0.07086070540 0.00511900166 0.25385204998 1999.27129423146 0.00000000000 0.00000000000 0.00000000000 0.00000000000 0.00000000000 0.00000000000 0.25390365783
0.07085638049 0.00512288957 0.25385163791 1999.13332911396 0.00000000000 0.00000000000 0.00000000000 0.00000000000 0.00000000000 0.00000000000 0.25390332426
0.07085201061 0.00512672659 0.25385122334 1999.23481115263 0.00000000000 0.00000000000 0.00000000000 0.00000000000 0.00000000000 0.00000000000 0.25390298722
0.07084759637 0.00513051219 0.25385080633 1999.19165575553 0.00000000000 0.00000000000 0.00000000000 0.00000000000 0.00000000000 0.00000000000 0.25390264675
0.07084313836 0.00513424587 0.25385038693 1999.37555465851 0.00000000000 0.00000000000 0.00000000000 0.00000000000 0.00000000000 0.00000000000 0.25390230291
0.07083863719 0.00513792711 0.25384996521 1999.25126099142 0.00000000000 0.00000000000 0.00000000000 0.00000000000 0.00000000000 0.00000000000 0.25390195575
0.07083409347 0.00514155541 0.25384954123 1999.37049473509 0.00000000000 0.00000000000 0.00000000000 0.00000000000 0.00000000000 0.00000000000 0.25390160530
0.07082950783 0.00514513027 0.25384911504 1999.36661071314 0.00000000000 0.00000000000 0.00000000000 0.00000000000 0.00000000000 0.00000000000 0.25390125162
0.07082488088 0.00514865121 0.25384868671 1999.58706208502 0.00000000000 0.00000000000 0.00000000000 0.00000000000 0.00000000000 0.00000000000 0.25390089475
0.07082021326 0.00515211775 0.25384825630 1999.41823256564 0.00000000000 0.00000000000 0.00000000000 0.00000000000 0.00000000000 0.00000000000 0.25390053474
0.07081550560 0.00515552941 0.25384782386 1999.48465644004 0.00000000000 0.00000000000 0.00000000000 0.00000000000 0.00000000000 0.00000000000 0.25390017165
0.07081075855 0.00515888573 0.25384738947 1999.28593331332 0.00000000000 0.00000000000 0.00000000000 0.00000000000 0.00000000000 0.00000000000 0.25389980552
0.07080597275 0.00516218626 0.25384695317 1999.34088605575 0.00000000000 0.00000000000 0.00000000000 0.00000000000 0.00000000000 0.00000000000 0.25389943639
0.07080114886 0.00516543054 0.25384651504 1999.36900460398 0.00000000000 0.00000000000 0.00000000000 0.00000000000 0.00000000000 0.00000000000 0.25389906434
0.07079628753 0.00516861815 0.25384607513 1999.63009029230 0.00000000000 0.00000000000 0.00000000000 0.00000000000 0.00000000000 0.00000000000 0.25389868939
0.07079138943 0.00517174863 0.25384563351 1999.55101901599 0.00000000000 0.00000000000 0.00000000000 0.00000000000 0.00000000000 0.00000000000 0.25389831161
0.07078645521 0.00517482156 0.25384519024 1999.72739220412 0.00000000000 0.00000000000 0.00000000000 0.00000000000 0.00000000000 0.00000000000 0.25389793104
0.07078148557 0.00517783653 0.25384474538 1999.87759911659 0.00000000000 0.00000000000 0.00000000000 0.00000000000 0.00000000000 0.00000000000 0.25389754774
0.07077648116 0.00518079311 0.25384429899 2000.23186185081 0.00000000000 0.00000000000 0.00000000000 0.00000000000 0.00000000000 0.00000000000 0.25389716176
0.07077144266 0.00518369090 0.25384385114 1999.72611127537 0.00000000000 0.00000000000 0.00000000000 0.00000000000 0.00000000000 0.00000000000 0.25389677315
0.07076637078 0.00518652951 0.25384340189 1999.50335268992 0.00000000000 0.00000000000 0.00000000000 0.00000000000 0.00000000000 0.00000000000 0.25389638196
0.07076126620 0.00518930858 0.25384295131 1999.68930380805 0.00000000000 0.00000000000 0.00000000000 0.00000000000 0.00000000000 0.00000000000 0.25389598825
0.07075612963 0.00519202770 0.25384249945 2000.09593812618 0.00000000000 0.00000000000 0.00000000000 0.00000000000 0.00000000000 0.00000000000 0.25389559208
0.07075096175 0.00519468651 0.25384204638 1999.82994374945 0.00000000000 0.00000000000 0.00000000000 0.00000000000 0.00000000000 0.00000000000 0.25389519349
0.07074576327 0.00519728466 0.25384159216 1999.84680840230 0.00000000000 0.00000000000 0.00000000000 0.00000000000 0.00000000000 0.00000000000 0.25389479254
0.07074053490 0.00519982178 0.25384113686 2000.28840078750 0.00000000000 0.00000000000 0.00000000000 0.00000000000 0.00000000000 0.00000000000 0.25389438928
0.07073527735 0.00520229752 0.25384068054 2000.92993138854 0.00000000000 0.00000000000 0.00000000000 0.00000000000 0.00000000000 0.00000000000 0.25389398378
0.07072999134 0.00520471154 0.25384022327 2000.39176363037 0.00000000000 0.00000000000 0.00000000000 0.00000000000 0.00000000000 0.00000000000 0.25389357608
0.07072467758 0.00520706351 0.25383976511 2000.13442497005 0.00000000000 0.00000000000 0.00000000000 0.00000000000 0.00000000000 0.00000000000 0.25389316623
0.07071933680 0.00520935313 0.25383930612 2000.27682750617 0.00000000000 0.00000000000 0.00000000000 0.00000000000 0.00000000000 0.00000000000 0.25389275431
0.07071396974 0.00521158008 0.25383884637 2000.65093711094 0.00000000000 0.00000000000 0.00000000000 0.00000000000 0.00000000000 0.00000000000 0.25389234036
0.07070857711 0.00521374405 0.25383838592 2000.36893243818 0.00000000000 0.00000000000 0.00000000000 0.00000000000 0.00000000000 0.00000000000 0.25389192443
0.07070315967 0.00521584475 0.25383792483 2000.36364489327 0.00000000000 0.00000000000 0.00000000000 0.00000000000 0.00000000000 0.00000000000 0.25389150659
0.07069771814 0.00521788191 0.25383746318 2000.68859036579 0.00000000000 0.00000000000 0.00000000000 0.00000000000 0.00000000000 0.00000000000 0.25389108690
0.07069225327 0.00521985524 0.25383700103 2001.24570908096 0.00000000000 0.00000000000 0.00000000000 0.00000000000 0.00000000000 0.00000000000 0.25389066540
0.07068676580 0.00522176445 0.25383653843 2001.03632748417 0.00000000000 0.00000000000 0.00000000000 0.00000000000 0.00000000000 0.00000000000 0.25389024216
0.07068125648 0.00522360929 0.25383607545 2001.08732403225 0.00000000000 0.00000000000 0.00000000000 0.00000000000 0.00000000000 0.00000000000 0.25388981724
0.07067572605 0.00522538952 0.25383561217 2001.04732832469 0.00000000000 0.00000000000 0.00000000000 0.00000000000 0.00000000000 0.00000000000 0.25388939068
0.07067017528 0.00522710489 0.25383514864 2001.26097459991 0.00000000000 0.00000000000 0.00000000000 0.00000000000 0.00000000000 0.00000000000 0.25388896256
0.07066460491 0.00522875516 0.25383468493 2001.16143766060 0.00000000000 0.00000000000 0.00000000000 0.00000000000 0.00000000000 0.00000000000 0.25388853293
0.07065901572 0.00523034013 0.25383422110 2001.32151542685 0.00000000000 0.00000000000 0.00000000000 0.00000000000 0.00000000000 0.00000000000 0.25388810184
0.07065340845 0.00523185956 0.25383375721 2001.31747047087 0.00000000000 0.00000000000 0.00000000000 0.00000000000 0.00000000000 0.00000000000 0.25388766936
0.07064778388 0.00523331326 0.25383329334 2001.57321628564 0.00000000000 0.00000000000 0.00000000000 0.00000000000 0.00000000000 0.00000000000 0.25388723555
0.07064214277 0.00523470102 0.25383282954 2001.62653772395 0.00000000000 0.00000000000 0.00000000000 0.00000000000 0.00000000000 0.00000000000 0.25388680046
0.07063648589 0.00523602266 0.25383236588 2001.93498748831 0.00000000000 0.00000000000 0.00000000000 0.00000000000 0.00000000000 0.00000000000 0.25388636415
0.07063081401 0.00523727799 0.25383190243 2001.83732459127 0.00000000000 0.00000000000 0.00000000000 0.00000000000 0.00000000000 0.00000000000 0.25388592669
0.07062512790 0.00523846683 0.25383143924 2002.00375678167 0.00000000000 0.00000000000 0.00000000000 0.00000000000 0.00000000000 0.00000000000 0.25388548813
0.07061942834 0.00523958904 0.25383097639 2002.04729646587 0.00000000000 0.00000000000 0.00000000000 0.00000000000 0.00000000000 0.00000000000 0.25388504853
0.07061371611 0.00524064446 0.25383051393 2002.34918093098 0.00000000000 0.00000000000 0.00000000000 0.00000000000 0.00000000000 0.00000000000 0.25388460796
0.07060799197 0.00524163293 0.25383005193 2002.23499026025 0.00000000000 0.00000000000 0.00000000000 0.00000000000 0.00000000000 0.00000000000 0.25388416646
0.07060225672 0.00524255434 0.25382959046 2002.38495593253 0.00000000000 0.00000000000 0.00000000000 0.00000000000 0.00000000000 0.00000000000 0.25388372411
0.07059651114 0.00524340855 0.25382912957 2002.32893847292 0.00000000000 0.00000000000 0.00000000000 0.00000000000 0.00000000000 0.00000000000 0.25388328096
0.07059075600 0.00524419545 0.25382866934 2002.53895176376 0.00000000000 0.00000000000 0.00000000000 0.00000000000 0.00000000000 0.00000000000 0.25388283708
0.07058499209 0.00524491493 0.25382820981 2002.58418673140 0.00000000000 0.00000000000 0.00000000000 0.00000000000 0.00000000000 0.00000000000 0.25388239252
0.07057922021 0.00524556690 0.25382775107 2002.89393545317 0.00000000000 0.00000000000 0.00000000000 0.00000000000 0.00000000000 0.00000000000 0.25388194734
0.07057344112 0.00524615126 0.25382729317 2002.87754842931 0.00000000000 0.00000000000 0.00000000000 0.00000000000 0.00000000000 0.00000000000 0.25388150161
0.07056765563 0.00524666793 0.25382683617 2003.12993474439 0.00000000000 0.00000000000 0.00000000000 0.00000000000 0.00000000000 0.00000000000 0.25388105538
0.07056186451 0.00524711684 0.25382638013 2003.26480238833 0.00000000000 0.00000000000 0.00000000000 0.00000000000 0.00000000000 0.00000000000 0.25388060872
0.07055606857 0.00524749793 0.25382592512 2003.66253603119 0.00000000000 0.00000000000 0.00000000000 0.00000000000 0.00000000000 0.00000000000 0.25388016169
0.07055026858 0.00524781114 0.25382547121 2003.27174126849 0.00000000000 0.00000000000 0.00000000000 0.00000000000 0.00000000000 0.00000000000 0.25387971435
0.07054446534 0.00524805644 0.25382501845 2003.15469805688 0.00000000000 0.00000000000 0.00000000000 0.00000000000 0.00000000000 0.00000000000 0.25387926675
0.07053865964 0.00524823380 0.25382456690 2003.36569125128 0.00000000000 0.00000000000 0.00000000000 0.00000000000 0.00000000000 0.00000000000 0.25387881897
0.07053285227 0.00524834320 0.25382411663 2003.84499998033 0.00000000000 0.00000000000 0.00000000000 0.00000000000 0.00000000000 0.00000000000 0.25387837105
0.07052704403 0.00524838461 0.25382366769 2003.64725208137 0.00000000000 0.00000000000 0.00000000000 0.00000000000 0.00000000000 0.00000000000 0.25387792307
0.07052123570 0.00524835804 0.25382322016 2003.72278436807 0.00000000000 0.00000000000 0.00000000000 0.00000000000 0.00000000000 0.00000000000 0.25387747508
0.07051542807 0.00524826348 0.25382277409 2004.16052342424 0.00000000000 0.00000000000 0.00000000000 0.00000000000 0.00000000000 0.00000000000 0.25387702715
0.07050962194 0.00524810094 0.25382232953 2004.87136579174 0.00000000000 0.00000000000 0.00000000000 0.00000000000 0.00000000000 0.00000000000 0.25387657933
0.07050381810 0.00524787043 0.25382188656 2004.35725494161 0.00000000000 0.00000000000 0.00000000000 0.00000000000 0.00000000000 0.00000000000 0.25387613169
0.07049801733 0.00524757200 0.25382144523 2004.11602802425 0.00000000000 0.00000000000 0.00000000000 0.00000000000 0.00000000000 0.00000000000 0.25387568429
0.07049222044 0.00524720569 0.25382100560 2004.28037632644 0.00000000000 0.00000000000 0.00000000000 0.00000000000 0.00000000000 0.00000000000 0.25387523718
0.07048642820 0.00524677156 0.25382056774 2004.71786910172 0.00000000000 0.00000000000 0.00000000000 0.00000000000 0.00000000000 0.00000000000 0.25387479043
0.07048064142 0.00524626965 0.25382013169 2004.47200942308 0.00000000000 0.00000000000 0.00000000000 0.00000000000 0.00000000000 0.00000000000 0.25387434411
0.07047486087 0.00524570005 0.25381969752 2004.49393873242 0.00000000000 0.00000000000 0.00000000000 0.00000000000 0.00000000000 0.00000000000 0.25387389826
0.07046908734 0.00524506283 0.25381926529 2004.87299973739 0.00000000000 0.00000000000 0.00000000000 0.00000000000 0.00000000000 0.00000000000 0.25387345296
0.07046332162 0.00524435808 0.25381883506 2005.52553749376 0.00000000000 0.00000000000 0.00000000000 0.00000000000 0.00000000000 0.00000000000 0.25387300826
0.07045756451 0.00524358587 0.25381840688 2005.29761923581 0.00000000000 0.00000000000 0.00000000000 0.00000000000 0.00000000000 0.00000000000 0.25387256422
0.07045181677 0.00524274631 0.25381798081 2005.33081392458 0.00000000000 0.00000000000 0.00000000000 0.00000000000 0.00000000000 0.00000000000 0.25387212090
0.07044607921 0.00524183953 0.25381755692 2005.27963060393 0.00000000000 0.00000000000 0.00000000000 0.00000000000 0.00000000000 0.00000000000 0.25387167837
0.07044035258 0.00524086565 0.25381713525 2005.49664549816 0.00000000000 0.00000000000 0.00000000000 0.00000000000 0.00000000000 0.00000000000 0.25387123669
0.07043463769 0.00523982481 0.25381671586 2005.39160836921 0.00000000000 0.00000000000 0.00000000000 0.00000000000 0.00000000000 0.00000000000 0.25387079591
0.07042893530 0.00523871714 0.25381629881 2005.54980464349 0.00000000000 0.00000000000 0.00000000000 0.00000000000 0.00000000000 0.00000000000 0.25387035609
0.07042324619 0.00523754281 0.25381588416 2005.60198503148 0.00000000000 0.00000000000 0.00000000000 0.00000000000 0.00000000000 0.00000000000 0.25386991730
0.07041757114 0.00523630196 0.25381547196 2005.91993220225 0.00000000000 0.00000000000 0.00000000000 0.00000000000 0.00000000000 0.00000000000 0.25386947959
0.07041191093 0.00523499477 0.25381506227 2005.98614533735 0.00000000000 0.00000000000 0.00000000000 0.00000000000 0.00000000000 0.00000000000 0.25386904302
0.07040626631 0.00523362141 0.25381465514 2006.31399157879 0.00000000000 0.00000000000 0.00000000000 0.00000000000 0.00000000000 0.00000000000 0.25386860766
0.07040063807 0.00523218207 0.25381425062 2006.16699874669 0.00000000000 0.00000000000 0.00000000000 0.00000000000 0.00000000000 0.00000000000 0.25386817357
0.07039502697 0.00523067693 0.25381384878 2006.27540682023 0.00000000000 0.00000000000 0.00000000000 0.00000000000 0.00000000000 0.00000000000 0.25386774079
0.07038943377 0.00522910623 0.25381344966 2006.28978110944 0.00000000000 0.00000000000 0.00000000000 0.00000000000 0.00000000000 0.00000000000 0.25386730939
0.07038385924 0.00522747015 0.25381305331 2006.56692056641 0.00000000000 0.00000000000 0.00000000000 0.00000000000 0.00000000000 0.00000000000 0.25386687944
0.07037830414 0.00522576894 0.25381265980 2006.44300708334 0.00000000000 0.00000000000 0.00000000000 0.00000000000 0.00000000000 0.00000000000 0.25386645098
0.07037276922 0.00522400281 0.25381226916 2006.57231751315 0.00000000000 0.00000000000 0.00000000000 0.00000000000 0.00000000000 0.00000000000 0.25386602408
0.07036725523 0.00522217202 0.25381188146 2006.57832750361 0.00000000000 0.00000000000 0.00000000000 0.00000000000 0.00000000000 0.00000000000 0.25386559879
0.07036176293 0.00522027681 0.25381149674 2006.84388494987 0.00000000000 0.00000000000 0.00000000000 0.00000000000 0.00000000000 0.00000000000 0.25386517518
0.07035629307 0.00521831744 0.25381111506 2006.81837111491 0.00000000000 0.00000000000 0.00000000000 0.00000000000 0.00000000000 0.00000000000 0.25386475330
0.07035084639 0.00521629418 0.25381073647 2007.04468016056 0.00000000000 0.00000000000 0.00000000000 0.00000000000 0.00000000000 0.00000000000 0.25386433320
0.07034542363 0.00521420729 0.25381036101 2007.01048860363 0.00000000000 0.00000000000 0.00000000000 0.00000000000 0.00000000000 0.00000000000 0.25386391495
0.07034002553 0.00521205707 0.25380998874 2007.22465012325 0.00000000000 0.00000000000 0.00000000000 0.00000000000 0.00000000000 0.00000000000 0.25386349860
0.07033465281 0.00520984379 0.25380961970 2007.26844173183 0.00000000000 0.00000000000 0.00000000000 0.00000000000 0.00000000000 0.00000000000 0.25386308421
0.07032930622 0.00520756777 0.25380925395 2007.55483089853 0.00000000000 0.00000000000 0.00000000000 0.00000000000 0.00000000000 0.00000000000 0.25386267184
0.07032398646 0.00520522930 0.25380889153 2007.24647225957 0.00000000000 0.00000000000 0.00000000000 0.00000000000 0.00000000000 0.00000000000 0.25386226153
0.07031869425 0.00520282870 0.25380853248 2007.14810633568 0.00000000000 0.00000000000 0.00000000000 0.00000000000 0.00000000000 0.00000000000 0.25386185335
0.07031343027 0.00520036629 0.25380817686 2007.29805197857 0.00000000000 0.00000000000 0.00000000000 0.00000000000 0.00000000000 0.00000000000 0.25386144735
0.07030819523 0.00519784239 0.25380782470 2007.67168254977 0.00000000000 0.00000000000 0.00000000000 0.00000000000 0.00000000000 0.00000000000 0.25386104358
0.07030298981 0.00519525731 0.25380747606 2007.50712363931 0.00000000000 0.00000000000 0.00000000000 0.00000000000 0.00000000000 0.00000000000 0.25386064209
0.07029781467 0.00519261139 0.25380713097 2007.51045620134 0.00000000000 0.00000000000 0.00000000000 0.00000000000 0.00000000000 0.00000000000 0.25386024294
0.07029267049 0.00518990496 0.25380678948 2007.85914376972 0.00000000000 0.00000000000 0.00000000000 0.00000000000 0.00000000000 0.00000000000 0.25385984617
0.07028755791 0.00518713834 0.25380645163 2008.41204852216 0.00000000000 0.00000000000 0.00000000000 0.00000000000 0.00000000000 0.00000000000 0.25385945185
0.07028247761 0.00518431188 0.25380611746 2007.93945198561 0.00000000000 0.00000000000 0.00000000000 0.00000000000 0.00000000000 0.00000000000 0.25385906001
0.07027743024 0.00518142593 0.25380578701 2007.62731297489 0.00000000000 0.00000000000 0.00000000000 0.00000000000 0.00000000000 0.00000000000 0.25385867071
0.07027241647 0.00517848087 0.25380546033 2007.72249238338 0.00000000000 0.00000000000 0.00000000000 0.00000000000 0.00000000000 0.00000000000 0.25385828401
0.07026743699 0.00517547710 0.25380513746 2008.11977117758 0.00000000000 0.00000000000 0.00000000000 0.00000000000 0.00000000000 0.00000000000 0.25385789995
0.07026249252 0.00517241501 0.25380481845 2008.31051752087 0.00000000000 0.00000000000 0.00000000000 0.00000000000 0.00000000000 0.00000000000 0.25385751859
0.07025758378 0.00516929504 0.25380450333 2008.81315322266 0.00000000000 0.00000000000 0.00000000000 0.00000000000 0.00000000000 0.00000000000 0.25385713998
0.07025271149 0.00516611761 0.25380419215 2008.18460162308 0.00000000000 0.00000000000 0.00000000000 0.00000000000 0.00000000000 0.00000000000 0.25385676419
0.07024787639 0.00516288322 0.25380388496 2007.86692375941 0.00000000000 0.00000000000 0.00000000000 0.00000000000 0.00000000000 0.00000000000 0.25385639126
0.07024307919 0.00515959234 0.25380358181 2009.04606424794 0.00000000000 0.00000000000 0.00000000000 0.00000000000 0.00000000000 0.00000000000 0.25385602126
0.07023832059 0.00515624542 0.25380328272 2010.56710994817 0.00000000000 0.00000000000 0.00000000000 0.00000000000 0.00000000000 0.00000000000 0.25385565424
0.07023360126 0.00515284286 0.25380298776 2009.99129436869 0.00000000000 0.00000000000 0.00000000000 0.00000000000 0.00000000000 0.00000000000 0.25385529024
0.07022892178 0.00514938509 0.25380269694 2009.43077760801 0.00000000000 0.00000000000 0.00000000000 0.00000000000 0.00000000000 0.00000000000 0.25385492932
0.07022428268 0.00514587261 0.25380241070 2001.79019478123 0.00000000000 0.00000000000 0.00000000000 0.00000000000 0.00000000000 0.00000000000 0.25385457192
0.07021968436 0.00514230622 0.25380213139 1997.73867598401 0.00000000000 0.00000000000 0.00000000000 0.00000000000 0.00000000000 0.00000000000 0.25385422039
0.07021512720 0.00513868690 0.25380186166 1982.27129295783 0.00000000000 0.00000000000 0.00000000000 0.00000000000 0.00000000000 0.00000000000 0.25385387742
0.07021061177 0.00513501598 0.25380160299 1967.60102266534 0.00000000000 0.00000000000 0.00000000000 0.00000000000 0.00000000000 0.00000000000 0.25385354453
0.07020613884 0.00513129498 0.25380135583 1940.48608217233 0.00000000000 0.00000000000 0.00000000000 0.00000000000 0.00000000000 0.00000000000 0.25385322218
0.07020170992 0.00512752574 0.25380111715 1921.95485337571 0.00000000000 0.00000000000 0.00000000000 0.00000000000 0.00000000000 0.00000000000 0.25385290738
0.07019732681 0.00512371023 0.25380088345 1919.36056305770 0.00000000000 0.00000000000 0.00000000000 0.00000000000 0.00000000000 0.00000000000 0.25385259669
0.07019299156 0.00511985062 0.25380065398 1920.81906209526 0.00000000000 0.00000000000 0.00000000000 0.00000000000 0.00000000000 0.00000000000 0.25385228939
0.07018870632 0.00511594892 0.25380042884 1956.21501400509 0.00000000000 0.00000000000 0.00000000000 0.00000000000 0.00000000000 0.00000000000 0.25385198564
0.07018447324 0.00511200613 0.25380020817 1996.80983435487 0.00000000000 0.00000000000 0.00000000000 0.00000000000 0.00000000000 0.00000000000 0.25385168559
0.07018029447 0.00510802253 0.25379999211 2101.07701699055 0.00000000000 0.00000000000 0.00000000000 0.00000000000 0.00000000000 0.00000000000 0.25385138938
0.07017617215 0.00510399634 0.25379978085 2212.01484332040 0.00000000000 0.00000000000 0.00000000000 0.00000000000 0.00000000000 0.00000000000 0.25385109718
0.07017210829 0.00509992490 0.25379957457 2322.62247503469 0.00000000000 0.00000000000 0.00000000000 0.00000000000 0.00000000000 0.00000000000 0.25385080912
0.07016810403 0.00509580468 0.25379937344 2429.38060430996 0.00000000000 0.00000000000 0.00000000000 0.00000000000 0.00000000000 0.00000000000 0.25385052528
0.07016415983 0.00509163203 0.25379917755 2428.17982418730 0.00000000000 0.00000000000 0.00000000000 0.00000000000 0.00000000000 0.00000000000 0.25385024570
0.07016027380 0.00508740452 0.25379898681 2403.59321640148 0.00000000000 0.00000000000 0.00000000000 0.00000000000 0.00000000000 0.00000000000 0.25384997024
0.07015644311 0.00508312070 0.25379880106 2269.51102898150 0.00000000000 0.00000000000 0.00000000000 0.00000000000 0.00000000000 0.00000000000 0.25384969871
0.07015266417 0.00507878227 0.25379862000 2115.24053770220 0.00000000000 0.00000000000 0.00000000000 0.00000000000 0.00000000000 0.00000000000 0.25384943085
0.07014893342 0.00507439255 0.25379844330 1949.30469400525 0.00000000000 0.00000000000 0.00000000000 0.00000000000 0.00000000000 0.00000000000 0.25384916640
0.07014524903 0.00506995746 0.25379827071 1786.80029680457 0.00000000000 0.00000000000 0.00000000000 0.00000000000 0.00000000000 0.00000000000 0.25384890523
0.07014161148 0.00506548422 0.25379810212 1902.89110170478 0.00000000000 0.00000000000 0.00000000000 0.00000000000 0.00000000000 0.00000000000 0.25384864737
0.07013803125 0.00506098156 0.25379793811 2089.07605190737 0.00000000000 0.00000000000 0.00000000000 0.00000000000 0.00000000000 0.00000000000 0.25384839358
0.07013451991 0.00505645640 0.25379777936 2122.97527018404 0.00000000000 0.00000000000 0.00000000000 0.00000000000 0.00000000000 0.00000000000 0.25384814468
0.07013107319 0.00505190165 0.25379762571 2111.76415587493 0.00000000000 0.00000000000 0.00000000000 0.00000000000 0.00000000000 0.00000000000 0.25384790038
0.07012768114 0.00504730525 0.25379747671 2076.62350917440 0.00000000000 0.00000000000 0.00000000000 0.00000000000 0.00000000000 0.00000000000 0.25384765997
0.07012433385 0.00504265515 0.25379733187 2018.65108034193 0.00000000000 0.00000000000 0.00000000000 0.00000000000 0.00000000000 0.00000000000 0.25384742275
