VARIABLES=
"CoordinateX"
"CoordinateY"
"CoordinateZ"
"Kappa1"
"Kappa2"
"dy"
"dz"
"d2x"
"d2y"
"d2z"
"R"
ZONE T="Konrollpunkte"
I=101, J=1, K=1
0.03716171956 -0.02756049734 0.22448054496 0.00000000000 0.00000000000 0.00000000000 0.00000000000 0.00000000000 0.00000000000 0.00000000000 0.00000000000
0.03716396760 -0.02757275871 0.22447934975 0.00000000000 0.00000000000 0.00000000000 0.00000000000 0.00000000000 0.00000000000 0.00000000000 0.00000000000
0.03716621444 -0.02758502022 0.22447815368 0.00000000000 0.00000000000 0.00000000000 0.00000000000 0.00000000000 0.00000000000 0.00000000000 0.00000000000
0.03716846008 -0.02759728188 0.22447695675 0.00000000000 0.00000000000 0.00000000000 0.00000000000 0.00000000000 0.00000000000 0.00000000000 0.00000000000
0.03717070451 -0.02760954367 0.22447575896 0.00000000000 0.00000000000 0.00000000000 0.00000000000 0.00000000000 0.00000000000 0.00000000000 0.00000000000
0.03717294775 -0.02762180560 0.22447456031 0.00000000000 0.00000000000 0.00000000000 0.00000000000 0.00000000000 0.00000000000 0.00000000000 0.00000000000
0.03717518978 -0.02763406767 0.22447336081 0.00000000000 0.00000000000 0.00000000000 0.00000000000 0.00000000000 0.00000000000 0.00000000000 0.00000000000
0.03717743062 -0.02764632988 0.22447216044 0.00000000000 0.00000000000 0.00000000000 0.00000000000 0.00000000000 0.00000000000 0.00000000000 0.00000000000
0.03717967025 -0.02765859223 0.22447095922 0.00000000000 0.00000000000 0.00000000000 0.00000000000 0.00000000000 0.00000000000 0.00000000000 0.00000000000
0.03718190868 -0.02767085471 0.22446975713 0.00000000000 0.00000000000 0.00000000000 0.00000000000 0.00000000000 0.00000000000 0.00000000000 0.00000000000
0.03718414591 -0.02768311733 0.22446855419 0.00000000000 0.00000000000 0.00000000000 0.00000000000 0.00000000000 0.00000000000 0.00000000000 0.00000000000
0.03718638193 -0.02769538009 0.22446735039 0.00000000000 0.00000000000 0.00000000000 0.00000000000 0.00000000000 0.00000000000 0.00000000000 0.00000000000
0.03718861676 -0.02770764299 0.22446614573 0.00000000000 0.00000000000 0.00000000000 0.00000000000 0.00000000000 0.00000000000 0.00000000000 0.00000000000
0.03719085038 -0.02771990603 0.22446494021 0.00000000000 0.00000000000 0.00000000000 0.00000000000 0.00000000000 0.00000000000 0.00000000000 0.00000000000
0.03719308280 -0.02773216920 0.22446373383 0.00000000000 0.00000000000 0.00000000000 0.00000000000 0.00000000000 0.00000000000 0.00000000000 0.00000000000
0.03719531402 -0.02774443251 0.22446252659 0.00000000000 0.00000000000 0.00000000000 0.00000000000 0.00000000000 0.00000000000 0.00000000000 0.00000000000
0.03719754404 -0.02775669596 0.22446131850 0.00000000000 0.00000000000 0.00000000000 0.00000000000 0.00000000000 0.00000000000 0.00000000000 0.00000000000
0.03719977286 -0.02776895954 0.22446010954 0.00000000000 0.00000000000 0.00000000000 0.00000000000 0.00000000000 0.00000000000 0.00000000000 0.00000000000
0.03720200048 -0.02778122326 0.22445889973 0.00000000000 0.00000000000 0.00000000000 0.00000000000 0.00000000000 0.00000000000 0.00000000000 0.00000000000
0.03720422689 -0.02779348712 0.22445768906 0.00000000000 0.00000000000 0.00000000000 0.00000000000 0.00000000000 0.00000000000 0.00000000000 0.00000000000
0.03720645211 -0.02780575111 0.22445647753 0.00000000000 0.00000000000 0.00000000000 0.00000000000 0.00000000000 0.00000000000 0.00000000000 0.00000000000
0.03720867612 -0.02781801524 0.22445526513 0.00000000000 0.00000000000 0.00000000000 0.00000000000 0.00000000000 0.00000000000 0.00000000000 0.00000000000
0.03721089893 -0.02783027951 0.22445405188 0.00000000000 0.00000000000 0.00000000000 0.00000000000 0.00000000000 0.00000000000 0.00000000000 0.00000000000
0.03721312054 -0.02784254391 0.22445283778 0.00000000000 0.00000000000 0.00000000000 0.00000000000 0.00000000000 0.00000000000 0.00000000000 0.00000000000
0.03721534095 -0.02785480845 0.22445162281 0.00000000000 0.00000000000 0.00000000000 0.00000000000 0.00000000000 0.00000000000 0.00000000000 0.00000000000
0.03721756016 -0.02786707312 0.22445040698 0.00000000000 0.00000000000 0.00000000000 0.00000000000 0.00000000000 0.00000000000 0.00000000000 0.00000000000
0.03721977817 -0.02787933792 0.22444919030 0.00000000000 0.00000000000 0.00000000000 0.00000000000 0.00000000000 0.00000000000 0.00000000000 0.00000000000
0.03722199498 -0.02789160287 0.22444797275 0.00000000000 0.00000000000 0.00000000000 0.00000000000 0.00000000000 0.00000000000 0.00000000000 0.00000000000
0.03722421059 -0.02790386794 0.22444675435 0.00000000000 0.00000000000 0.00000000000 0.00000000000 0.00000000000 0.00000000000 0.00000000000 0.00000000000
0.03722642500 -0.02791613315 0.22444553508 0.00000000000 0.00000000000 0.00000000000 0.00000000000 0.00000000000 0.00000000000 0.00000000000 0.00000000000
0.03722863821 -0.02792839850 0.22444431496 0.00000000000 0.00000000000 0.00000000000 0.00000000000 0.00000000000 0.00000000000 0.00000000000 0.00000000000
0.03723085022 -0.02794066398 0.22444309398 0.00000000000 0.00000000000 0.00000000000 0.00000000000 0.00000000000 0.00000000000 0.00000000000 0.00000000000
0.03723306102 -0.02795292959 0.22444187214 0.00000000000 0.00000000000 0.00000000000 0.00000000000 0.00000000000 0.00000000000 0.00000000000 0.00000000000
0.03723527063 -0.02796519534 0.22444064944 0.00000000000 0.00000000000 0.00000000000 0.00000000000 0.00000000000 0.00000000000 0.00000000000 0.00000000000
0.03723747904 -0.02797746122 0.22443942588 0.00000000000 0.00000000000 0.00000000000 0.00000000000 0.00000000000 0.00000000000 0.00000000000 0.00000000000
0.03723968625 -0.02798972724 0.22443820147 0.00000000000 0.00000000000 0.00000000000 0.00000000000 0.00000000000 0.00000000000 0.00000000000 0.00000000000
0.03724189226 -0.02800199338 0.22443697619 0.00000000000 0.00000000000 0.00000000000 0.00000000000 0.00000000000 0.00000000000 0.00000000000 0.00000000000
0.03724409707 -0.02801425967 0.22443575006 0.00000000000 0.00000000000 0.00000000000 0.00000000000 0.00000000000 0.00000000000 0.00000000000 0.00000000000
0.03724630068 -0.02802652608 0.22443452306 0.00000000000 0.00000000000 0.00000000000 0.00000000000 0.00000000000 0.00000000000 0.00000000000 0.00000000000
0.03724850309 -0.02803879263 0.22443329521 0.00000000000 0.00000000000 0.00000000000 0.00000000000 0.00000000000 0.00000000000 0.00000000000 0.00000000000
0.03725070431 -0.02805105931 0.22443206650 0.00000000000 0.00000000000 0.00000000000 0.00000000000 0.00000000000 0.00000000000 0.00000000000 0.00000000000
0.03725290432 -0.02806332612 0.22443083693 0.00000000000 0.00000000000 0.00000000000 0.00000000000 0.00000000000 0.00000000000 0.00000000000 0.00000000000
0.03725510313 -0.02807559306 0.22442960650 0.00000000000 0.00000000000 0.00000000000 0.00000000000 0.00000000000 0.00000000000 0.00000000000 0.00000000000
0.03725730075 -0.02808786014 0.22442837521 0.00000000000 0.00000000000 0.00000000000 0.00000000000 0.00000000000 0.00000000000 0.00000000000 0.00000000000
0.03725949716 -0.02810012735 0.22442714306 0.00000000000 0.00000000000 0.00000000000 0.00000000000 0.00000000000 0.00000000000 0.00000000000 0.00000000000
0.03726169238 -0.02811239469 0.22442591005 0.00000000000 0.00000000000 0.00000000000 0.00000000000 0.00000000000 0.00000000000 0.00000000000 0.00000000000
0.03726388640 -0.02812466216 0.22442467619 0.00000000000 0.00000000000 0.00000000000 0.00000000000 0.00000000000 0.00000000000 0.00000000000 0.00000000000
0.03726607921 -0.02813692977 0.22442344146 0.00000000000 0.00000000000 0.00000000000 0.00000000000 0.00000000000 0.00000000000 0.00000000000 0.00000000000
0.03726827083 -0.02814919750 0.22442220588 0.00000000000 0.00000000000 0.00000000000 0.00000000000 0.00000000000 0.00000000000 0.00000000000 0.00000000000
0.03727046125 -0.02816146537 0.22442096943 0.00000000000 0.00000000000 0.00000000000 0.00000000000 0.00000000000 0.00000000000 0.00000000000 0.00000000000
0.03727265047 -0.02817373336 0.22441973213 0.00000000000 0.00000000000 0.00000000000 0.00000000000 0.00000000000 0.00000000000 0.00000000000 0.00000000000
0.03727483849 -0.02818600149 0.22441849397 0.00000000000 0.00000000000 0.00000000000 0.00000000000 0.00000000000 0.00000000000 0.00000000000 0.00000000000
0.03727702532 -0.02819826975 0.22441725495 0.00000000000 0.00000000000 0.00000000000 0.00000000000 0.00000000000 0.00000000000 0.00000000000 0.00000000000
0.03727921094 -0.02821053814 0.22441601507 0.00000000000 0.00000000000 0.00000000000 0.00000000000 0.00000000000 0.00000000000 0.00000000000 0.00000000000
0.03728139536 -0.02822280666 0.22441477433 0.00000000000 0.00000000000 0.00000000000 0.00000000000 0.00000000000 0.00000000000 0.00000000000 0.00000000000
0.03728357859 -0.02823507531 0.22441353273 0.00000000000 0.00000000000 0.00000000000 0.00000000000 0.00000000000 0.00000000000 0.00000000000 0.00000000000
0.03728576062 -0.02824734408 0.22441229027 0.00000000000 0.00000000000 0.00000000000 0.00000000000 0.00000000000 0.00000000000 0.00000000000 0.00000000000
0.03728794145 -0.02825961299 0.22441104696 0.00000000000 0.00000000000 0.00000000000 0.00000000000 0.00000000000 0.00000000000 0.00000000000 0.00000000000
0.03729012108 -0.02827188203 0.22440980278 0.00000000000 0.00000000000 0.00000000000 0.00000000000 0.00000000000 0.00000000000 0.00000000000 0.00000000000
0.03729229951 -0.02828415120 0.22440855774 0.00000000000 0.00000000000 0.00000000000 0.00000000000 0.00000000000 0.00000000000 0.00000000000 0.00000000000
0.03729447675 -0.02829642049 0.22440731185 0.00000000000 0.00000000000 0.00000000000 0.00000000000 0.00000000000 0.00000000000 0.00000000000 0.00000000000
0.03729665279 -0.02830868992 0.22440606510 0.00000000000 0.00000000000 0.00000000000 0.00000000000 0.00000000000 0.00000000000 0.00000000000 0.00000000000
0.03729882762 -0.02832095947 0.22440481748 0.00000000000 0.00000000000 0.00000000000 0.00000000000 0.00000000000 0.00000000000 0.00000000000 0.00000000000
0.03730100127 -0.02833322916 0.22440356901 0.00000000000 0.00000000000 0.00000000000 0.00000000000 0.00000000000 0.00000000000 0.00000000000 0.00000000000
0.03730317371 -0.02834549897 0.22440231968 0.00000000000 0.00000000000 0.00000000000 0.00000000000 0.00000000000 0.00000000000 0.00000000000 0.00000000000
0.03730534496 -0.02835776891 0.22440106949 0.00000000000 0.00000000000 0.00000000000 0.00000000000 0.00000000000 0.00000000000 0.00000000000 0.00000000000
0.03730751501 -0.02837003897 0.22439981844 0.00000000000 0.00000000000 0.00000000000 0.00000000000 0.00000000000 0.00000000000 0.00000000000 0.00000000000
0.03730968386 -0.02838230917 0.22439856653 0.00000000000 0.00000000000 0.00000000000 0.00000000000 0.00000000000 0.00000000000 0.00000000000 0.00000000000
0.03731185151 -0.02839457949 0.22439731377 0.00000000000 0.00000000000 0.00000000000 0.00000000000 0.00000000000 0.00000000000 0.00000000000 0.00000000000
0.03731401797 -0.02840684994 0.22439606014 0.00000000000 0.00000000000 0.00000000000 0.00000000000 0.00000000000 0.00000000000 0.00000000000 0.00000000000
0.03731618323 -0.02841912052 0.22439480566 0.00000000000 0.00000000000 0.00000000000 0.00000000000 0.00000000000 0.00000000000 0.00000000000 0.00000000000
0.03731834729 -0.02843139123 0.22439355031 0.00000000000 0.00000000000 0.00000000000 0.00000000000 0.00000000000 0.00000000000 0.00000000000 0.00000000000
0.03732051016 -0.02844366206 0.22439229411 0.00000000000 0.00000000000 0.00000000000 0.00000000000 0.00000000000 0.00000000000 0.00000000000 0.00000000000
0.03732267183 -0.02845593302 0.22439103704 0.00000000000 0.00000000000 0.00000000000 0.00000000000 0.00000000000 0.00000000000 0.00000000000 0.00000000000
0.03732483231 -0.02846820410 0.22438977912 0.00000000000 0.00000000000 0.00000000000 0.00000000000 0.00000000000 0.00000000000 0.00000000000 0.00000000000
0.03732699158 -0.02848047531 0.22438852034 0.00000000000 0.00000000000 0.00000000000 0.00000000000 0.00000000000 0.00000000000 0.00000000000 0.00000000000
0.03732914966 -0.02849274665 0.22438726070 0.00000000000 0.00000000000 0.00000000000 0.00000000000 0.00000000000 0.00000000000 0.00000000000 0.00000000000
0.03733130655 -0.02850501812 0.22438600020 0.00000000000 0.00000000000 0.00000000000 0.00000000000 0.00000000000 0.00000000000 0.00000000000 0.00000000000
0.03733346224 -0.02851728971 0.22438473884 0.00000000000 0.00000000000 0.00000000000 0.00000000000 0.00000000000 0.00000000000 0.00000000000 0.00000000000
0.03733561673 -0.02852956142 0.22438347662 0.00000000000 0.00000000000 0.00000000000 0.00000000000 0.00000000000 0.00000000000 0.00000000000 0.00000000000
0.03733777003 -0.02854183326 0.22438221355 0.00000000000 0.00000000000 0.00000000000 0.00000000000 0.00000000000 0.00000000000 0.00000000000 0.00000000000
0.03733992213 -0.02855410523 0.22438094961 0.00000000000 0.00000000000 0.00000000000 0.00000000000 0.00000000000 0.00000000000 0.00000000000 0.00000000000
0.03734207303 -0.02856637732 0.22437968482 0.00000000000 0.00000000000 0.00000000000 0.00000000000 0.00000000000 0.00000000000 0.00000000000 0.00000000000
0.03734422274 -0.02857864954 0.22437841916 0.00000000000 0.00000000000 0.00000000000 0.00000000000 0.00000000000 0.00000000000 0.00000000000 0.00000000000
0.03734637126 -0.02859092188 0.22437715265 0.00000000000 0.00000000000 0.00000000000 0.00000000000 0.00000000000 0.00000000000 0.00000000000 0.00000000000
0.03734872063 -0.02860435872 0.22437576477 0.00000000000 0.00000000000 0.00000000000 0.00000000000 0.00000000000 0.00000000000 0.00000000000 0.00000000000
0.03735103996 -0.02861762569 0.22437439358 0.00000000000 0.00000000000 0.00000000000 0.00000000000 0.00000000000 0.00000000000 0.00000000000 0.00000000000
0.03735332462 -0.02863069641 0.22437304186 0.00000000000 0.00000000000 0.00000000000 0.00000000000 0.00000000000 0.00000000000 0.00000000000 0.00000000000
0.03735557194 -0.02864355580 0.22437171118 0.00000000000 0.00000000000 0.00000000000 0.00000000000 0.00000000000 0.00000000000 0.00000000000 0.00000000000
0.03735778181 -0.02865620317 0.22437040167 0.00000000000 0.00000000000 0.00000000000 0.00000000000 0.00000000000 0.00000000000 0.00000000000 0.00000000000
0.03735995444 -0.02866863980 0.22436911321 0.00000000000 0.00000000000 0.00000000000 0.00000000000 0.00000000000 0.00000000000 0.00000000000 0.00000000000
0.03736209009 -0.02868086727 0.22436784568 0.00000000000 0.00000000000 0.00000000000 0.00000000000 0.00000000000 0.00000000000 0.00000000000 0.00000000000
0.03736418931 -0.02869288873 0.22436659879 0.00000000000 0.00000000000 0.00000000000 0.00000000000 0.00000000000 0.00000000000 0.00000000000 0.00000000000
0.03736625295 -0.02870470915 0.22436537206 0.00000000000 0.00000000000 0.00000000000 0.00000000000 0.00000000000 0.00000000000 0.00000000000 0.00000000000
0.03736828192 -0.02871633384 0.22436416495 0.00000000000 0.00000000000 0.00000000000 0.00000000000 0.00000000000 0.00000000000 0.00000000000 0.00000000000
0.03737027735 -0.02872776910 0.22436297685 0.00000000000 0.00000000000 0.00000000000 0.00000000000 0.00000000000 0.00000000000 0.00000000000 0.00000000000
0.03737224044 -0.02873902179 0.22436180708 0.00000000000 0.00000000000 0.00000000000 0.00000000000 0.00000000000 0.00000000000 0.00000000000 0.00000000000
0.03737417240 -0.02875009863 0.22436065498 0.00000000000 0.00000000000 0.00000000000 0.00000000000 0.00000000000 0.00000000000 0.00000000000 0.00000000000
0.03737607525 -0.02876101098 0.22435951938 0.00000000000 0.00000000000 0.00000000000 0.00000000000 0.00000000000 0.00000000000 0.00000000000 0.00000000000
0.03737795472 -0.02877179198 0.22435839686 0.00000000000 0.00000000000 0.00000000000 0.00000000000 0.00000000000 0.00000000000 0.00000000000 0.00000000000
0.03737981785 -0.02878248235 0.22435728318 0.00000000000 0.00000000000 0.00000000000 0.00000000000 0.00000000000 0.00000000000 0.00000000000 0.00000000000
ZONE T="NURB"
I=201, J=1, K=1
0.03716171956 -0.02756049734 0.22448054496 4.18288084345 0.00000000000 0.00000000000 0.00000000000 0.00000000000 0.00000000000 0.00000000000 0.22616608075
0.03716346363 -0.02757001096 0.22447961747 5.98389625111 0.00000000000 0.00000000000 0.00000000000 0.00000000000 0.00000000000 0.00000000000 0.22616631969
0.03716491031 -0.02757790426 0.22447884770 7.86683440536 0.00000000000 0.00000000000 0.00000000000 0.00000000000 0.00000000000 0.00000000000 0.22616651801
0.03716612918 -0.02758455631 0.22447819876 8.72752085451 0.00000000000 0.00000000000 0.00000000000 0.00000000000 0.00000000000 0.00000000000 0.22616668514
0.03716719145 -0.02759035521 0.22447763286 10.85633479762 0.00000000000 0.00000000000 0.00000000000 0.00000000000 0.00000000000 0.00000000000 0.22616683080
0.03716821000 -0.02759591701 0.22447708990 11.73474696745 0.00000000000 0.00000000000 0.00000000000 0.00000000000 0.00000000000 0.00000000000 0.22616697046
0.03716932749 -0.02760202097 0.22447649378 8.95226270794 0.00000000000 0.00000000000 0.00000000000 0.00000000000 0.00000000000 0.00000000000 0.22616712365
0.03717053963 -0.02760864376 0.22447584676 9.24203472662 0.00000000000 0.00000000000 0.00000000000 0.00000000000 0.00000000000 0.00000000000 0.22616728983
0.03717176331 -0.02761533154 0.22447519314 9.45920193127 0.00000000000 0.00000000000 0.00000000000 0.00000000000 0.00000000000 0.00000000000 0.22616745759
0.03717297630 -0.02762196282 0.22447454480 9.45843027487 0.00000000000 0.00000000000 0.00000000000 0.00000000000 0.00000000000 0.00000000000 0.22616762388
0.03717417852 -0.02762853718 0.22447390178 9.45971651485 0.00000000000 0.00000000000 0.00000000000 0.00000000000 0.00000000000 0.00000000000 0.22616778870
0.03717537002 -0.02763505484 0.22447326406 9.45841470506 0.00000000000 0.00000000000 0.00000000000 0.00000000000 0.00000000000 0.00000000000 0.22616795205
0.03717655089 -0.02764151618 0.22447263162 9.45969442017 0.00000000000 0.00000000000 0.00000000000 0.00000000000 0.00000000000 0.00000000000 0.22616811394
0.03717772122 -0.02764792171 0.22447200441 9.45854045900 0.00000000000 0.00000000000 0.00000000000 0.00000000000 0.00000000000 0.00000000000 0.22616827439
0.03717888112 -0.02765427198 0.22447138238 9.45954504542 0.00000000000 0.00000000000 0.00000000000 0.00000000000 0.00000000000 0.00000000000 0.22616843340
0.03718003072 -0.02766056765 0.22447076548 9.45857840340 0.00000000000 0.00000000000 0.00000000000 0.00000000000 0.00000000000 0.00000000000 0.22616859101
0.03718117017 -0.02766680941 0.22447015364 9.45940540790 0.00000000000 0.00000000000 0.00000000000 0.00000000000 0.00000000000 0.00000000000 0.22616874722
0.03718229960 -0.02767299804 0.22446954680 9.45849510040 0.00000000000 0.00000000000 0.00000000000 0.00000000000 0.00000000000 0.00000000000 0.22616890206
0.03718341917 -0.02767913438 0.22446894486 9.45934021792 0.00000000000 0.00000000000 0.00000000000 0.00000000000 0.00000000000 0.00000000000 0.22616905555
0.03718452907 -0.02768521933 0.22446834776 9.45827004354 0.00000000000 0.00000000000 0.00000000000 0.00000000000 0.00000000000 0.00000000000 0.22616920771
0.03718562947 -0.02769125383 0.22446775541 9.45937609339 0.00000000000 0.00000000000 0.00000000000 0.00000000000 0.00000000000 0.00000000000 0.22616935857
0.03718672056 -0.02769723889 0.22446716770 9.45803670641 0.00000000000 0.00000000000 0.00000000000 0.00000000000 0.00000000000 0.00000000000 0.22616950815
0.03718780254 -0.02770317558 0.22446658455 9.45964519942 0.00000000000 0.00000000000 0.00000000000 0.00000000000 0.00000000000 0.00000000000 0.22616965649
0.03718887565 -0.02770906512 0.22446600583 9.45729008478 0.00000000000 0.00000000000 0.00000000000 0.00000000000 0.00000000000 0.00000000000 0.22616980360
0.03718994013 -0.02771490888 0.22446543142 9.46015990307 0.00000000000 0.00000000000 0.00000000000 0.00000000000 0.00000000000 0.00000000000 0.22616994954
0.03719099629 -0.02772070846 0.22446486116 9.46523062006 0.00000000000 0.00000000000 0.00000000000 0.00000000000 0.00000000000 0.00000000000 0.22617009434
0.03719204510 -0.02772646915 0.22446429453 9.48453832165 0.00000000000 0.00000000000 0.00000000000 0.00000000000 0.00000000000 0.00000000000 0.22617023812
0.03719308917 -0.02773220532 0.22446373014 9.40309546426 0.00000000000 0.00000000000 0.00000000000 0.00000000000 0.00000000000 0.00000000000 0.22617038126
0.03719413143 -0.02773793300 0.22446316639 9.46256052780 0.00000000000 0.00000000000 0.00000000000 0.00000000000 0.00000000000 0.00000000000 0.22617052415
0.03719517492 -0.02774366893 0.22446260165 9.41042090118 0.00000000000 0.00000000000 0.00000000000 0.00000000000 0.00000000000 0.00000000000 0.22617066720
0.03719622280 -0.02774943043 0.22446203420 9.48440788809 0.00000000000 0.00000000000 0.00000000000 0.00000000000 0.00000000000 0.00000000000 0.22617081086
0.03719727864 -0.02775523720 0.22446146211 9.46423073664 0.00000000000 0.00000000000 0.00000000000 0.00000000000 0.00000000000 0.00000000000 0.22617095561
0.03719834585 -0.02776110809 0.22446088350 9.43453609969 0.00000000000 0.00000000000 0.00000000000 0.00000000000 0.00000000000 0.00000000000 0.22617110192
0.03719942480 -0.02776704512 0.22446029819 9.47090093403 0.00000000000 0.00000000000 0.00000000000 0.00000000000 0.00000000000 0.00000000000 0.22617124984
0.03720051411 -0.02777304075 0.22445970689 9.46426547586 0.00000000000 0.00000000000 0.00000000000 0.00000000000 0.00000000000 0.00000000000 0.22617139918
0.03720161190 -0.02777908464 0.22445911063 9.48197534915 0.00000000000 0.00000000000 0.00000000000 0.00000000000 0.00000000000 0.00000000000 0.22617154968
0.03720271591 -0.02778516448 0.22445851061 9.44687962348 0.00000000000 0.00000000000 0.00000000000 0.00000000000 0.00000000000 0.00000000000 0.22617170104
0.03720382353 -0.02779126587 0.22445790826 9.43593855204 0.00000000000 0.00000000000 0.00000000000 0.00000000000 0.00000000000 0.00000000000 0.22617185289
0.03720493202 -0.02779737372 0.22445730506 9.45594704892 0.00000000000 0.00000000000 0.00000000000 0.00000000000 0.00000000000 0.00000000000 0.22617200486
0.03720604023 -0.02780348173 0.22445670164 9.45561909794 0.00000000000 0.00000000000 0.00000000000 0.00000000000 0.00000000000 0.00000000000 0.22617215679
0.03720714815 -0.02780958977 0.22445609800 9.45529123084 0.00000000000 0.00000000000 0.00000000000 0.00000000000 0.00000000000 0.00000000000 0.22617230868
0.03720825576 -0.02781569785 0.22445549415 9.45496308073 0.00000000000 0.00000000000 0.00000000000 0.00000000000 0.00000000000 0.00000000000 0.22617246053
0.03720936309 -0.02782180596 0.22445489009 9.45463534422 0.00000000000 0.00000000000 0.00000000000 0.00000000000 0.00000000000 0.00000000000 0.22617261233
0.03721047011 -0.02782791410 0.22445428581 9.45430760095 0.00000000000 0.00000000000 0.00000000000 0.00000000000 0.00000000000 0.00000000000 0.22617276410
0.03721157683 -0.02783402228 0.22445368132 9.45397984890 0.00000000000 0.00000000000 0.00000000000 0.00000000000 0.00000000000 0.00000000000 0.22617291583
0.03721268326 -0.02784013049 0.22445307662 9.45365166757 0.00000000000 0.00000000000 0.00000000000 0.00000000000 0.00000000000 0.00000000000 0.22617306751
0.03721378939 -0.02784623874 0.22445247170 9.45332440699 0.00000000000 0.00000000000 0.00000000000 0.00000000000 0.00000000000 0.00000000000 0.22617321916
0.03721489522 -0.02785234702 0.22445186657 9.45299608350 0.00000000000 0.00000000000 0.00000000000 0.00000000000 0.00000000000 0.00000000000 0.22617337076
0.03721600076 -0.02785845533 0.22445126123 9.45266834462 0.00000000000 0.00000000000 0.00000000000 0.00000000000 0.00000000000 0.00000000000 0.22617352233
0.03721710599 -0.02786456367 0.22445065568 9.45234012804 0.00000000000 0.00000000000 0.00000000000 0.00000000000 0.00000000000 0.00000000000 0.22617367385
0.03721821093 -0.02787067205 0.22445004991 9.45201228978 0.00000000000 0.00000000000 0.00000000000 0.00000000000 0.00000000000 0.00000000000 0.22617382533
0.03721931557 -0.02787678047 0.22444944393 9.45168428624 0.00000000000 0.00000000000 0.00000000000 0.00000000000 0.00000000000 0.00000000000 0.22617397677
0.03722041991 -0.02788288891 0.22444883773 9.45135671160 0.00000000000 0.00000000000 0.00000000000 0.00000000000 0.00000000000 0.00000000000 0.22617412817
0.03722152396 -0.02788899739 0.22444823133 9.45102895275 0.00000000000 0.00000000000 0.00000000000 0.00000000000 0.00000000000 0.00000000000 0.22617427953
0.03722262770 -0.02789510591 0.22444762471 9.45070089487 0.00000000000 0.00000000000 0.00000000000 0.00000000000 0.00000000000 0.00000000000 0.22617443085
0.03722373115 -0.02790121445 0.22444701787 9.45037288938 0.00000000000 0.00000000000 0.00000000000 0.00000000000 0.00000000000 0.00000000000 0.22617458213
0.03722483430 -0.02790732303 0.22444641083 9.45004518655 0.00000000000 0.00000000000 0.00000000000 0.00000000000 0.00000000000 0.00000000000 0.22617473336
0.03722593716 -0.02791343165 0.22444580357 9.44971742610 0.00000000000 0.00000000000 0.00000000000 0.00000000000 0.00000000000 0.00000000000 0.22617488456
0.03722703972 -0.02791954029 0.22444519610 9.44938946579 0.00000000000 0.00000000000 0.00000000000 0.00000000000 0.00000000000 0.00000000000 0.22617503571
0.03722814197 -0.02792564897 0.22444458841 9.44906132838 0.00000000000 0.00000000000 0.00000000000 0.00000000000 0.00000000000 0.00000000000 0.22617518683
0.03722924393 -0.02793175769 0.22444398051 9.44873398988 0.00000000000 0.00000000000 0.00000000000 0.00000000000 0.00000000000 0.00000000000 0.22617533790
0.03723034560 -0.02793786643 0.22444337240 9.44840604134 0.00000000000 0.00000000000 0.00000000000 0.00000000000 0.00000000000 0.00000000000 0.22617548893
0.03723144696 -0.02794397521 0.22444276407 9.44807821061 0.00000000000 0.00000000000 0.00000000000 0.00000000000 0.00000000000 0.00000000000 0.22617563993
0.03723254803 -0.02795008403 0.22444215554 9.44775001316 0.00000000000 0.00000000000 0.00000000000 0.00000000000 0.00000000000 0.00000000000 0.22617579088
0.03723364880 -0.02795619287 0.22444154679 9.44742360633 0.00000000000 0.00000000000 0.00000000000 0.00000000000 0.00000000000 0.00000000000 0.22617594179
0.03723474927 -0.02796230175 0.22444093782 9.44709824486 0.00000000000 0.00000000000 0.00000000000 0.00000000000 0.00000000000 0.00000000000 0.22617609266
0.03723584945 -0.02796841067 0.22444032865 9.44681463954 0.00000000000 0.00000000000 0.00000000000 0.00000000000 0.00000000000 0.00000000000 0.22617624349
0.03723694933 -0.02797451961 0.22443971926 9.44656965380 0.00000000000 0.00000000000 0.00000000000 0.00000000000 0.00000000000 0.00000000000 0.22617639427
0.03723804891 -0.02798062859 0.22443910965 9.44637926409 0.00000000000 0.00000000000 0.00000000000 0.00000000000 0.00000000000 0.00000000000 0.22617654502
0.03723914819 -0.02798673760 0.22443849984 9.44624028550 0.00000000000 0.00000000000 0.00000000000 0.00000000000 0.00000000000 0.00000000000 0.22617669573
0.03724024718 -0.02799284665 0.22443788981 9.44610474443 0.00000000000 0.00000000000 0.00000000000 0.00000000000 0.00000000000 0.00000000000 0.22617684639
0.03724134586 -0.02799895573 0.22443727956 9.44597235080 0.00000000000 0.00000000000 0.00000000000 0.00000000000 0.00000000000 0.00000000000 0.22617699702
0.03724244425 -0.02800506484 0.22443666911 9.44584014656 0.00000000000 0.00000000000 0.00000000000 0.00000000000 0.00000000000 0.00000000000 0.22617714760
0.03724354235 -0.02801117398 0.22443605844 9.44570833095 0.00000000000 0.00000000000 0.00000000000 0.00000000000 0.00000000000 0.00000000000 0.22617729815
0.03724464014 -0.02801728316 0.22443544756 9.44557605766 0.00000000000 0.00000000000 0.00000000000 0.00000000000 0.00000000000 0.00000000000 0.22617744865
0.03724573764 -0.02802339237 0.22443483646 9.44544386929 0.00000000000 0.00000000000 0.00000000000 0.00000000000 0.00000000000 0.00000000000 0.22617759911
0.03724683484 -0.02802950162 0.22443422516 9.44531219929 0.00000000000 0.00000000000 0.00000000000 0.00000000000 0.00000000000 0.00000000000 0.22617774953
0.03724793174 -0.02803561089 0.22443361364 9.44518025102 0.00000000000 0.00000000000 0.00000000000 0.00000000000 0.00000000000 0.00000000000 0.22617789991
0.03724902834 -0.02804172020 0.22443300190 9.44504776648 0.00000000000 0.00000000000 0.00000000000 0.00000000000 0.00000000000 0.00000000000 0.22617805025
0.03725012465 -0.02804782954 0.22443238995 9.44491580745 0.00000000000 0.00000000000 0.00000000000 0.00000000000 0.00000000000 0.00000000000 0.22617820055
0.03725122066 -0.02805393892 0.22443177779 9.44478327642 0.00000000000 0.00000000000 0.00000000000 0.00000000000 0.00000000000 0.00000000000 0.22617835081
0.03725231637 -0.02806004833 0.22443116542 9.44465134228 0.00000000000 0.00000000000 0.00000000000 0.00000000000 0.00000000000 0.00000000000 0.22617850102
0.03725341179 -0.02806615777 0.22443055284 9.44451898430 0.00000000000 0.00000000000 0.00000000000 0.00000000000 0.00000000000 0.00000000000 0.22617865120
0.03725450691 -0.02807226724 0.22442994004 9.44438716079 0.00000000000 0.00000000000 0.00000000000 0.00000000000 0.00000000000 0.00000000000 0.22617880133
0.03725560173 -0.02807837675 0.22442932702 9.44425474907 0.00000000000 0.00000000000 0.00000000000 0.00000000000 0.00000000000 0.00000000000 0.22617895143
0.03725669625 -0.02808448629 0.22442871380 9.44412279871 0.00000000000 0.00000000000 0.00000000000 0.00000000000 0.00000000000 0.00000000000 0.22617910148
0.03725779047 -0.02809059586 0.22442810036 9.44399063497 0.00000000000 0.00000000000 0.00000000000 0.00000000000 0.00000000000 0.00000000000 0.22617925149
0.03725888440 -0.02809670546 0.22442748671 9.44385845732 0.00000000000 0.00000000000 0.00000000000 0.00000000000 0.00000000000 0.00000000000 0.22617940147
0.03725997803 -0.02810281510 0.22442687284 9.44372628936 0.00000000000 0.00000000000 0.00000000000 0.00000000000 0.00000000000 0.00000000000 0.22617955140
0.03726107136 -0.02810892477 0.22442625877 9.44359453223 0.00000000000 0.00000000000 0.00000000000 0.00000000000 0.00000000000 0.00000000000 0.22617970129
0.03726216440 -0.02811503447 0.22442564447 9.44346214560 0.00000000000 0.00000000000 0.00000000000 0.00000000000 0.00000000000 0.00000000000 0.22617985114
0.03726325714 -0.02812114421 0.22442502997 9.44332998008 0.00000000000 0.00000000000 0.00000000000 0.00000000000 0.00000000000 0.00000000000 0.22618000095
0.03726434958 -0.02812725398 0.22442441525 9.44319767815 0.00000000000 0.00000000000 0.00000000000 0.00000000000 0.00000000000 0.00000000000 0.22618015072
0.03726544172 -0.02813336378 0.22442380032 9.44306540150 0.00000000000 0.00000000000 0.00000000000 0.00000000000 0.00000000000 0.00000000000 0.22618030044
0.03726653356 -0.02813947361 0.22442318518 9.44293309199 0.00000000000 0.00000000000 0.00000000000 0.00000000000 0.00000000000 0.00000000000 0.22618045013
0.03726762511 -0.02814558347 0.22442256982 9.44280135720 0.00000000000 0.00000000000 0.00000000000 0.00000000000 0.00000000000 0.00000000000 0.22618059978
0.03726871636 -0.02815169337 0.22442195425 9.44266911465 0.00000000000 0.00000000000 0.00000000000 0.00000000000 0.00000000000 0.00000000000 0.22618074938
0.03726980732 -0.02815780330 0.22442133847 9.44253723625 0.00000000000 0.00000000000 0.00000000000 0.00000000000 0.00000000000 0.00000000000 0.22618089895
0.03727089797 -0.02816391327 0.22442072247 9.44240207135 0.00000000000 0.00000000000 0.00000000000 0.00000000000 0.00000000000 0.00000000000 0.22618104847
0.03727198833 -0.02817002326 0.22442010627 9.44226306529 0.00000000000 0.00000000000 0.00000000000 0.00000000000 0.00000000000 0.00000000000 0.22618119795
0.03727307839 -0.02817613329 0.22441948984 9.44208232170 0.00000000000 0.00000000000 0.00000000000 0.00000000000 0.00000000000 0.00000000000 0.22618134739
0.03727416815 -0.02818224335 0.22441887321 9.44183829717 0.00000000000 0.00000000000 0.00000000000 0.00000000000 0.00000000000 0.00000000000 0.22618149680
0.03727525762 -0.02818835344 0.22441825636 9.44156237933 0.00000000000 0.00000000000 0.00000000000 0.00000000000 0.00000000000 0.00000000000 0.22618164616
0.03727634679 -0.02819446357 0.22441763930 9.44123644051 0.00000000000 0.00000000000 0.00000000000 0.00000000000 0.00000000000 0.00000000000 0.22618179548
0.03727743566 -0.02820057373 0.22441702202 9.44090964758 0.00000000000 0.00000000000 0.00000000000 0.00000000000 0.00000000000 0.00000000000 0.22618194475
0.03727852423 -0.02820668392 0.22441640454 9.44058199683 0.00000000000 0.00000000000 0.00000000000 0.00000000000 0.00000000000 0.00000000000 0.22618209399
0.03727961251 -0.02821279414 0.22441578684 9.44025397104 0.00000000000 0.00000000000 0.00000000000 0.00000000000 0.00000000000 0.00000000000 0.22618224319
0.03728070049 -0.02821890439 0.22441516892 9.43992633844 0.00000000000 0.00000000000 0.00000000000 0.00000000000 0.00000000000 0.00000000000 0.22618239235
0.03728178817 -0.02822501468 0.22441455080 9.43959876099 0.00000000000 0.00000000000 0.00000000000 0.00000000000 0.00000000000 0.00000000000 0.22618254146
0.03728287556 -0.02823112500 0.22441393246 9.43927080878 0.00000000000 0.00000000000 0.00000000000 0.00000000000 0.00000000000 0.00000000000 0.22618269054
0.03728396264 -0.02823723535 0.22441331390 9.43894284443 0.00000000000 0.00000000000 0.00000000000 0.00000000000 0.00000000000 0.00000000000 0.22618283957
0.03728504943 -0.02824334573 0.22441269514 9.43861525700 0.00000000000 0.00000000000 0.00000000000 0.00000000000 0.00000000000 0.00000000000 0.22618298857
0.03728613593 -0.02824945615 0.22441207616 9.43828725314 0.00000000000 0.00000000000 0.00000000000 0.00000000000 0.00000000000 0.00000000000 0.22618313752
0.03728722212 -0.02825556660 0.22441145696 9.43795925294 0.00000000000 0.00000000000 0.00000000000 0.00000000000 0.00000000000 0.00000000000 0.22618328643
0.03728830802 -0.02826167708 0.22441083756 9.43763126672 0.00000000000 0.00000000000 0.00000000000 0.00000000000 0.00000000000 0.00000000000 0.22618343530
0.03728939362 -0.02826778759 0.22441021794 9.43730375164 0.00000000000 0.00000000000 0.00000000000 0.00000000000 0.00000000000 0.00000000000 0.22618358413
0.03729047893 -0.02827389814 0.22440959811 9.43697596947 0.00000000000 0.00000000000 0.00000000000 0.00000000000 0.00000000000 0.00000000000 0.22618373292
0.03729156393 -0.02828000871 0.22440897806 9.43664807828 0.00000000000 0.00000000000 0.00000000000 0.00000000000 0.00000000000 0.00000000000 0.22618388167
0.03729264864 -0.02828611932 0.22440835781 9.43632014148 0.00000000000 0.00000000000 0.00000000000 0.00000000000 0.00000000000 0.00000000000 0.22618403038
0.03729373305 -0.02829222996 0.22440773733 9.43599210040 0.00000000000 0.00000000000 0.00000000000 0.00000000000 0.00000000000 0.00000000000 0.22618417905
0.03729481717 -0.02829834063 0.22440711665 9.43566422249 0.00000000000 0.00000000000 0.00000000000 0.00000000000 0.00000000000 0.00000000000 0.22618432768
0.03729590099 -0.02830445134 0.22440649575 9.43533670592 0.00000000000 0.00000000000 0.00000000000 0.00000000000 0.00000000000 0.00000000000 0.22618447626
0.03729698451 -0.02831056207 0.22440587464 9.43500927278 0.00000000000 0.00000000000 0.00000000000 0.00000000000 0.00000000000 0.00000000000 0.22618462481
0.03729806773 -0.02831667284 0.22440525332 9.43468066295 0.00000000000 0.00000000000 0.00000000000 0.00000000000 0.00000000000 0.00000000000 0.22618477331
0.03729915066 -0.02832278364 0.22440463178 9.43435271009 0.00000000000 0.00000000000 0.00000000000 0.00000000000 0.00000000000 0.00000000000 0.22618492178
0.03730023329 -0.02832889447 0.22440401003 9.43402518717 0.00000000000 0.00000000000 0.00000000000 0.00000000000 0.00000000000 0.00000000000 0.22618507020
0.03730131562 -0.02833500534 0.22440338807 9.43369772257 0.00000000000 0.00000000000 0.00000000000 0.00000000000 0.00000000000 0.00000000000 0.22618521858
0.03730239766 -0.02834111623 0.22440276589 9.43336956974 0.00000000000 0.00000000000 0.00000000000 0.00000000000 0.00000000000 0.00000000000 0.22618536692
0.03730347940 -0.02834722716 0.22440214351 9.43304165114 0.00000000000 0.00000000000 0.00000000000 0.00000000000 0.00000000000 0.00000000000 0.22618551522
0.03730456084 -0.02835333812 0.22440152090 9.43271367568 0.00000000000 0.00000000000 0.00000000000 0.00000000000 0.00000000000 0.00000000000 0.22618566349
0.03730564198 -0.02835944911 0.22440089809 9.43238582975 0.00000000000 0.00000000000 0.00000000000 0.00000000000 0.00000000000 0.00000000000 0.22618581171
0.03730672283 -0.02836556014 0.22440027506 9.43205831733 0.00000000000 0.00000000000 0.00000000000 0.00000000000 0.00000000000 0.00000000000 0.22618595988
0.03730780338 -0.02837167119 0.22439965182 9.43173102716 0.00000000000 0.00000000000 0.00000000000 0.00000000000 0.00000000000 0.00000000000 0.22618610802
0.03730888363 -0.02837778228 0.22439902836 9.43140291038 0.00000000000 0.00000000000 0.00000000000 0.00000000000 0.00000000000 0.00000000000 0.22618625612
0.03730996359 -0.02838389340 0.22439840470 9.43107490691 0.00000000000 0.00000000000 0.00000000000 0.00000000000 0.00000000000 0.00000000000 0.22618640418
0.03731104325 -0.02839000455 0.22439778081 9.43074719813 0.00000000000 0.00000000000 0.00000000000 0.00000000000 0.00000000000 0.00000000000 0.22618655219
0.03731212261 -0.02839611573 0.22439715672 9.43041968516 0.00000000000 0.00000000000 0.00000000000 0.00000000000 0.00000000000 0.00000000000 0.22618670017
0.03731320168 -0.02840222694 0.22439653241 9.43009151048 0.00000000000 0.00000000000 0.00000000000 0.00000000000 0.00000000000 0.00000000000 0.22618684810
0.03731428045 -0.02840833819 0.22439590789 9.42976345435 0.00000000000 0.00000000000 0.00000000000 0.00000000000 0.00000000000 0.00000000000 0.22618699600
0.03731535892 -0.02841444946 0.22439528316 9.42943590083 0.00000000000 0.00000000000 0.00000000000 0.00000000000 0.00000000000 0.00000000000 0.22618714385
0.03731643709 -0.02842056077 0.22439465821 9.42910844005 0.00000000000 0.00000000000 0.00000000000 0.00000000000 0.00000000000 0.00000000000 0.22618729166
0.03731751497 -0.02842667211 0.22439403305 9.42878075888 0.00000000000 0.00000000000 0.00000000000 0.00000000000 0.00000000000 0.00000000000 0.22618743943
0.03731859255 -0.02843278348 0.22439340768 9.42845352133 0.00000000000 0.00000000000 0.00000000000 0.00000000000 0.00000000000 0.00000000000 0.22618758717
0.03731966984 -0.02843889488 0.22439278210 9.42812534752 0.00000000000 0.00000000000 0.00000000000 0.00000000000 0.00000000000 0.00000000000 0.22618773486
0.03732074682 -0.02844500632 0.22439215630 9.42779727606 0.00000000000 0.00000000000 0.00000000000 0.00000000000 0.00000000000 0.00000000000 0.22618788251
0.03732182352 -0.02845111778 0.22439153029 9.42746954584 0.00000000000 0.00000000000 0.00000000000 0.00000000000 0.00000000000 0.00000000000 0.22618803011
0.03732289991 -0.02845722928 0.22439090406 9.42714159300 0.00000000000 0.00000000000 0.00000000000 0.00000000000 0.00000000000 0.00000000000 0.22618817768
0.03732397601 -0.02846334081 0.22439027762 9.42681390052 0.00000000000 0.00000000000 0.00000000000 0.00000000000 0.00000000000 0.00000000000 0.22618832521
0.03732505181 -0.02846945237 0.22438965097 9.42648630597 0.00000000000 0.00000000000 0.00000000000 0.00000000000 0.00000000000 0.00000000000 0.22618847270
0.03732612731 -0.02847556396 0.22438902411 9.42615857500 0.00000000000 0.00000000000 0.00000000000 0.00000000000 0.00000000000 0.00000000000 0.22618862014
0.03732720252 -0.02848167558 0.22438839703 9.42583087838 0.00000000000 0.00000000000 0.00000000000 0.00000000000 0.00000000000 0.00000000000 0.22618876755
0.03732827743 -0.02848778724 0.22438776974 9.42550298928 0.00000000000 0.00000000000 0.00000000000 0.00000000000 0.00000000000 0.00000000000 0.22618891492
0.03732935204 -0.02849389892 0.22438714224 9.42517583511 0.00000000000 0.00000000000 0.00000000000 0.00000000000 0.00000000000 0.00000000000 0.22618906224
0.03733042636 -0.02850001064 0.22438651452 9.42484750034 0.00000000000 0.00000000000 0.00000000000 0.00000000000 0.00000000000 0.00000000000 0.22618920952
0.03733150038 -0.02850612239 0.22438588659 9.42451939162 0.00000000000 0.00000000000 0.00000000000 0.00000000000 0.00000000000 0.00000000000 0.22618935677
0.03733257410 -0.02851223416 0.22438525845 9.42419181023 0.00000000000 0.00000000000 0.00000000000 0.00000000000 0.00000000000 0.00000000000 0.22618950397
0.03733364753 -0.02851834597 0.22438463009 9.42386378767 0.00000000000 0.00000000000 0.00000000000 0.00000000000 0.00000000000 0.00000000000 0.22618965113
0.03733472066 -0.02852445782 0.22438400152 9.42353675289 0.00000000000 0.00000000000 0.00000000000 0.00000000000 0.00000000000 0.00000000000 0.22618979825
0.03733579349 -0.02853056969 0.22438337274 9.42320921955 0.00000000000 0.00000000000 0.00000000000 0.00000000000 0.00000000000 0.00000000000 0.22618994533
0.03733686603 -0.02853668159 0.22438274374 9.42288091306 0.00000000000 0.00000000000 0.00000000000 0.00000000000 0.00000000000 0.00000000000 0.22619009237
0.03733793827 -0.02854279353 0.22438211454 9.42255338686 0.00000000000 0.00000000000 0.00000000000 0.00000000000 0.00000000000 0.00000000000 0.22619023937
0.03733901021 -0.02854890549 0.22438148511 9.42222548439 0.00000000000 0.00000000000 0.00000000000 0.00000000000 0.00000000000 0.00000000000 0.22619038633
0.03734008186 -0.02855501749 0.22438085548 9.42189778845 0.00000000000 0.00000000000 0.00000000000 0.00000000000 0.00000000000 0.00000000000 0.22619053325
0.03734115321 -0.02856112952 0.22438022563 9.42157030637 0.00000000000 0.00000000000 0.00000000000 0.00000000000 0.00000000000 0.00000000000 0.22619068012
0.03734222426 -0.02856724158 0.22437959557 9.42124241730 0.00000000000 0.00000000000 0.00000000000 0.00000000000 0.00000000000 0.00000000000 0.22619082696
0.03734329502 -0.02857335367 0.22437896530 9.42091480861 0.00000000000 0.00000000000 0.00000000000 0.00000000000 0.00000000000 0.00000000000 0.22619097375
0.03734436549 -0.02857946584 0.22437833480 10.14568544333 0.00000000000 0.00000000000 0.00000000000 0.00000000000 0.00000000000 0.00000000000 0.22619112051
0.03734544170 -0.02858561286 0.22437770050 14.99177909120 0.00000000000 0.00000000000 0.00000000000 0.00000000000 0.00000000000 0.00000000000 0.22619126805
0.03734654590 -0.02859192286 0.22437704911 16.64382669427 0.00000000000 0.00000000000 0.00000000000 0.00000000000 0.00000000000 0.00000000000 0.22619141942
0.03734769037 -0.02859846660 0.22437637332 9.19408102909 0.00000000000 0.00000000000 0.00000000000 0.00000000000 0.00000000000 0.00000000000 0.22619157632
0.03734885257 -0.02860511368 0.22437568662 4.95910764484 0.00000000000 0.00000000000 0.00000000000 0.00000000000 0.00000000000 0.00000000000 0.22619173565
0.03735001044 -0.02861173672 0.22437500219 4.99732880969 0.00000000000 0.00000000000 0.00000000000 0.00000000000 0.00000000000 0.00000000000 0.22619189439
0.03735116022 -0.02861831398 0.22437432229 5.04547478083 0.00000000000 0.00000000000 0.00000000000 0.00000000000 0.00000000000 0.00000000000 0.22619205202
0.03735230139 -0.02862484253 0.22437364721 5.08927909696 0.00000000000 0.00000000000 0.00000000000 0.00000000000 0.00000000000 0.00000000000 0.22619220847
0.03735343360 -0.02863132033 0.22437297718 5.14022718538 0.00000000000 0.00000000000 0.00000000000 0.00000000000 0.00000000000 0.00000000000 0.22619236369
0.03735455658 -0.02863774591 0.22437231235 5.19055309273 0.00000000000 0.00000000000 0.00000000000 0.00000000000 0.00000000000 0.00000000000 0.22619251765
0.03735567029 -0.02864411898 0.22437165276 5.24330874828 0.00000000000 0.00000000000 0.00000000000 0.00000000000 0.00000000000 0.00000000000 0.22619267033
0.03735677471 -0.02865043950 0.22437099841 5.29855457068 0.00000000000 0.00000000000 0.00000000000 0.00000000000 0.00000000000 0.00000000000 0.22619282175
0.03735786987 -0.02865670761 0.22437034929 5.35569290206 0.00000000000 0.00000000000 0.00000000000 0.00000000000 0.00000000000 0.00000000000 0.22619297189
0.03735895580 -0.02866292346 0.22436970540 5.41589557366 0.00000000000 0.00000000000 0.00000000000 0.00000000000 0.00000000000 0.00000000000 0.22619312077
0.03736003253 -0.02866908725 0.22436906672 5.47811389103 0.00000000000 0.00000000000 0.00000000000 0.00000000000 0.00000000000 0.00000000000 0.22619326839
0.03736110009 -0.02867519922 0.22436843322 5.54379171308 0.00000000000 0.00000000000 0.00000000000 0.00000000000 0.00000000000 0.00000000000 0.22619341474
0.03736215856 -0.02868125972 0.22436780487 5.61100807675 0.00000000000 0.00000000000 0.00000000000 0.00000000000 0.00000000000 0.00000000000 0.22619355986
0.03736320799 -0.02868726920 0.22436718163 5.68191703586 0.00000000000 0.00000000000 0.00000000000 0.00000000000 0.00000000000 0.00000000000 0.22619370373
0.03736424851 -0.02869322823 0.22436656345 5.75364624275 0.00000000000 0.00000000000 0.00000000000 0.00000000000 0.00000000000 0.00000000000 0.22619384638
0.03736528020 -0.02869913745 0.22436595026 5.82918504297 0.00000000000 0.00000000000 0.00000000000 0.00000000000 0.00000000000 0.00000000000 0.22619398783
0.03736630320 -0.02870499749 0.22436534201 5.90412476841 0.00000000000 0.00000000000 0.00000000000 0.00000000000 0.00000000000 0.00000000000 0.22619412807
0.03736731760 -0.02871080905 0.22436473861 5.96009815640 0.00000000000 0.00000000000 0.00000000000 0.00000000000 0.00000000000 0.00000000000 0.22619426715
0.03736832356 -0.02871657287 0.22436414001 6.01146617838 0.00000000000 0.00000000000 0.00000000000 0.00000000000 0.00000000000 0.00000000000 0.22619440506
0.03736932119 -0.02872228976 0.22436354612 5.99885222075 0.00000000000 0.00000000000 0.00000000000 0.00000000000 0.00000000000 0.00000000000 0.22619454183
0.03737031067 -0.02872796054 0.22436295685 5.98074501135 0.00000000000 0.00000000000 0.00000000000 0.00000000000 0.00000000000 0.00000000000 0.22619467749
0.03737129213 -0.02873358607 0.22436237212 5.95313454999 0.00000000000 0.00000000000 0.00000000000 0.00000000000 0.00000000000 0.00000000000 0.22619481204
0.03737226572 -0.02873916718 0.22436179186 5.88813408948 0.00000000000 0.00000000000 0.00000000000 0.00000000000 0.00000000000 0.00000000000 0.22619494552
0.03737322087 -0.02874464316 0.22436122238 5.51043721033 0.00000000000 0.00000000000 0.00000000000 0.00000000000 0.00000000000 0.00000000000 0.22619507647
0.03737410794 -0.02874972937 0.22436069331 6.66656991618 0.00000000000 0.00000000000 0.00000000000 0.00000000000 0.00000000000 0.00000000000 0.22619519809
0.03737489668 -0.02875425224 0.22436022271 7.82313015623 0.00000000000 0.00000000000 0.00000000000 0.00000000000 0.00000000000 0.00000000000 0.22619530622
0.03737566215 -0.02875864228 0.22435976581 5.39449857034 0.00000000000 0.00000000000 0.00000000000 0.00000000000 0.00000000000 0.00000000000 0.22619541114
0.03737649322 -0.02876340896 0.22435926961 5.82826473341 0.00000000000 0.00000000000 0.00000000000 0.00000000000 0.00000000000 0.00000000000 0.22619552505
0.03737743758 -0.02876882611 0.22435870557 5.14210415220 0.00000000000 0.00000000000 0.00000000000 0.00000000000 0.00000000000 0.00000000000 0.22619565451
0.03737853316 -0.02877511136 0.22435805099 4.05310272347 0.00000000000 0.00000000000 0.00000000000 0.00000000000 0.00000000000 0.00000000000 0.22619580473
0.03737981785 -0.02878248235 0.22435728318 3.00255328894 0.00000000000 0.00000000000 0.00000000000 0.00000000000 0.00000000000 0.00000000000 0.22619598097
