VARIABLES=
"CoordinateX"
"CoordinateY"
"CoordinateZ"
"Kappa1"
"Kappa2"
"dy"
"dz"
"d2x"
"d2y"
"d2z"
"R"
ZONE T="Konrollpunkte"
I=101, J=1, K=1
0.05864801850 -0.00798792331 0.24396668323 0.00000000000 0.00000000000 0.00000000000 0.00000000000 0.00000000000 0.00000000000 0.00000000000 0.00000000000
0.05865157892 -0.00798903170 0.24396673823 0.00000000000 0.00000000000 0.00000000000 0.00000000000 0.00000000000 0.00000000000 0.00000000000 0.00000000000
0.05865695056 -0.00799059467 0.24396682478 0.00000000000 0.00000000000 0.00000000000 0.00000000000 0.00000000000 0.00000000000 0.00000000000 0.00000000000
0.05866416730 -0.00799247728 0.24396694815 0.00000000000 0.00000000000 0.00000000000 0.00000000000 0.00000000000 0.00000000000 0.00000000000 0.00000000000
0.05866960524 -0.00799378806 0.24396704464 0.00000000000 0.00000000000 0.00000000000 0.00000000000 0.00000000000 0.00000000000 0.00000000000 0.00000000000
0.05867506667 -0.00799499721 0.24396714505 0.00000000000 0.00000000000 0.00000000000 0.00000000000 0.00000000000 0.00000000000 0.00000000000 0.00000000000
0.05868054969 -0.00799610432 0.24396724936 0.00000000000 0.00000000000 0.00000000000 0.00000000000 0.00000000000 0.00000000000 0.00000000000 0.00000000000
0.05868605241 -0.00799710899 0.24396735752 0.00000000000 0.00000000000 0.00000000000 0.00000000000 0.00000000000 0.00000000000 0.00000000000 0.00000000000
0.05869157289 -0.00799801089 0.24396746951 0.00000000000 0.00000000000 0.00000000000 0.00000000000 0.00000000000 0.00000000000 0.00000000000 0.00000000000
0.05869710923 -0.00799880969 0.24396758528 0.00000000000 0.00000000000 0.00000000000 0.00000000000 0.00000000000 0.00000000000 0.00000000000 0.00000000000
0.05870265949 -0.00799950512 0.24396770479 0.00000000000 0.00000000000 0.00000000000 0.00000000000 0.00000000000 0.00000000000 0.00000000000 0.00000000000
0.05870822175 -0.00800009694 0.24396782800 0.00000000000 0.00000000000 0.00000000000 0.00000000000 0.00000000000 0.00000000000 0.00000000000 0.00000000000
0.05871379407 -0.00800058494 0.24396795488 0.00000000000 0.00000000000 0.00000000000 0.00000000000 0.00000000000 0.00000000000 0.00000000000 0.00000000000
0.05871937451 -0.00800096895 0.24396808537 0.00000000000 0.00000000000 0.00000000000 0.00000000000 0.00000000000 0.00000000000 0.00000000000 0.00000000000
0.05872496114 -0.00800124884 0.24396821944 0.00000000000 0.00000000000 0.00000000000 0.00000000000 0.00000000000 0.00000000000 0.00000000000 0.00000000000
0.05873055200 -0.00800142451 0.24396835703 0.00000000000 0.00000000000 0.00000000000 0.00000000000 0.00000000000 0.00000000000 0.00000000000 0.00000000000
0.05873614515 -0.00800149591 0.24396849810 0.00000000000 0.00000000000 0.00000000000 0.00000000000 0.00000000000 0.00000000000 0.00000000000 0.00000000000
0.05874173865 -0.00800146300 0.24396864260 0.00000000000 0.00000000000 0.00000000000 0.00000000000 0.00000000000 0.00000000000 0.00000000000 0.00000000000
0.05874733056 -0.00800132580 0.24396879048 0.00000000000 0.00000000000 0.00000000000 0.00000000000 0.00000000000 0.00000000000 0.00000000000 0.00000000000
0.05875291892 -0.00800108436 0.24396894169 0.00000000000 0.00000000000 0.00000000000 0.00000000000 0.00000000000 0.00000000000 0.00000000000 0.00000000000
0.05875850179 -0.00800073876 0.24396909617 0.00000000000 0.00000000000 0.00000000000 0.00000000000 0.00000000000 0.00000000000 0.00000000000 0.00000000000
0.05876407723 -0.00800028912 0.24396925388 0.00000000000 0.00000000000 0.00000000000 0.00000000000 0.00000000000 0.00000000000 0.00000000000 0.00000000000
0.05876964331 -0.00799973561 0.24396941475 0.00000000000 0.00000000000 0.00000000000 0.00000000000 0.00000000000 0.00000000000 0.00000000000 0.00000000000
0.05877519808 -0.00799907840 0.24396957872 0.00000000000 0.00000000000 0.00000000000 0.00000000000 0.00000000000 0.00000000000 0.00000000000 0.00000000000
0.05878073961 -0.00799831774 0.24396974575 0.00000000000 0.00000000000 0.00000000000 0.00000000000 0.00000000000 0.00000000000 0.00000000000 0.00000000000
0.05878626598 -0.00799745388 0.24396991577 0.00000000000 0.00000000000 0.00000000000 0.00000000000 0.00000000000 0.00000000000 0.00000000000 0.00000000000
0.05879177526 -0.00799648713 0.24397008872 0.00000000000 0.00000000000 0.00000000000 0.00000000000 0.00000000000 0.00000000000 0.00000000000 0.00000000000
0.05879726554 -0.00799541782 0.24397026454 0.00000000000 0.00000000000 0.00000000000 0.00000000000 0.00000000000 0.00000000000 0.00000000000 0.00000000000
0.05880273491 -0.00799424633 0.24397044317 0.00000000000 0.00000000000 0.00000000000 0.00000000000 0.00000000000 0.00000000000 0.00000000000 0.00000000000
0.05880818146 -0.00799297306 0.24397062454 0.00000000000 0.00000000000 0.00000000000 0.00000000000 0.00000000000 0.00000000000 0.00000000000 0.00000000000
0.05881360330 -0.00799159846 0.24397080859 0.00000000000 0.00000000000 0.00000000000 0.00000000000 0.00000000000 0.00000000000 0.00000000000 0.00000000000
0.05881899854 -0.00799012301 0.24397099526 0.00000000000 0.00000000000 0.00000000000 0.00000000000 0.00000000000 0.00000000000 0.00000000000 0.00000000000
0.05882436532 -0.00798854721 0.24397118447 0.00000000000 0.00000000000 0.00000000000 0.00000000000 0.00000000000 0.00000000000 0.00000000000 0.00000000000
0.05882970175 -0.00798687163 0.24397137616 0.00000000000 0.00000000000 0.00000000000 0.00000000000 0.00000000000 0.00000000000 0.00000000000 0.00000000000
0.05883500599 -0.00798509683 0.24397157026 0.00000000000 0.00000000000 0.00000000000 0.00000000000 0.00000000000 0.00000000000 0.00000000000 0.00000000000
0.05884027619 -0.00798322345 0.24397176670 0.00000000000 0.00000000000 0.00000000000 0.00000000000 0.00000000000 0.00000000000 0.00000000000 0.00000000000
0.05884551051 -0.00798125212 0.24397196541 0.00000000000 0.00000000000 0.00000000000 0.00000000000 0.00000000000 0.00000000000 0.00000000000 0.00000000000
0.05885070714 -0.00797918354 0.24397216632 0.00000000000 0.00000000000 0.00000000000 0.00000000000 0.00000000000 0.00000000000 0.00000000000 0.00000000000
0.05885586427 -0.00797701843 0.24397236935 0.00000000000 0.00000000000 0.00000000000 0.00000000000 0.00000000000 0.00000000000 0.00000000000 0.00000000000
0.05886098010 -0.00797475754 0.24397257443 0.00000000000 0.00000000000 0.00000000000 0.00000000000 0.00000000000 0.00000000000 0.00000000000 0.00000000000
0.05886605286 -0.00797240165 0.24397278150 0.00000000000 0.00000000000 0.00000000000 0.00000000000 0.00000000000 0.00000000000 0.00000000000 0.00000000000
0.05887108079 -0.00796995159 0.24397299047 0.00000000000 0.00000000000 0.00000000000 0.00000000000 0.00000000000 0.00000000000 0.00000000000 0.00000000000
0.05887606212 -0.00796740821 0.24397320127 0.00000000000 0.00000000000 0.00000000000 0.00000000000 0.00000000000 0.00000000000 0.00000000000 0.00000000000
0.05888099513 -0.00796477240 0.24397341381 0.00000000000 0.00000000000 0.00000000000 0.00000000000 0.00000000000 0.00000000000 0.00000000000 0.00000000000
0.05888587811 -0.00796204506 0.24397362804 0.00000000000 0.00000000000 0.00000000000 0.00000000000 0.00000000000 0.00000000000 0.00000000000 0.00000000000
0.05889070935 -0.00795922716 0.24397384386 0.00000000000 0.00000000000 0.00000000000 0.00000000000 0.00000000000 0.00000000000 0.00000000000 0.00000000000
0.05889548718 -0.00795631967 0.24397406120 0.00000000000 0.00000000000 0.00000000000 0.00000000000 0.00000000000 0.00000000000 0.00000000000 0.00000000000
0.05890020993 -0.00795332360 0.24397427998 0.00000000000 0.00000000000 0.00000000000 0.00000000000 0.00000000000 0.00000000000 0.00000000000 0.00000000000
0.05890487597 -0.00795023999 0.24397450013 0.00000000000 0.00000000000 0.00000000000 0.00000000000 0.00000000000 0.00000000000 0.00000000000 0.00000000000
0.05890948366 -0.00794706992 0.24397472155 0.00000000000 0.00000000000 0.00000000000 0.00000000000 0.00000000000 0.00000000000 0.00000000000 0.00000000000
0.05891403140 -0.00794381450 0.24397494418 0.00000000000 0.00000000000 0.00000000000 0.00000000000 0.00000000000 0.00000000000 0.00000000000 0.00000000000
0.05891851763 -0.00794047484 0.24397516792 0.00000000000 0.00000000000 0.00000000000 0.00000000000 0.00000000000 0.00000000000 0.00000000000 0.00000000000
0.05892294076 -0.00793705212 0.24397539271 0.00000000000 0.00000000000 0.00000000000 0.00000000000 0.00000000000 0.00000000000 0.00000000000 0.00000000000
0.05892729927 -0.00793354753 0.24397561845 0.00000000000 0.00000000000 0.00000000000 0.00000000000 0.00000000000 0.00000000000 0.00000000000 0.00000000000
0.05893159164 -0.00792996229 0.24397584506 0.00000000000 0.00000000000 0.00000000000 0.00000000000 0.00000000000 0.00000000000 0.00000000000 0.00000000000
0.05893581637 -0.00792629763 0.24397607247 0.00000000000 0.00000000000 0.00000000000 0.00000000000 0.00000000000 0.00000000000 0.00000000000 0.00000000000
0.05893997201 -0.00792255485 0.24397630059 0.00000000000 0.00000000000 0.00000000000 0.00000000000 0.00000000000 0.00000000000 0.00000000000 0.00000000000
0.05894405709 -0.00791873523 0.24397652934 0.00000000000 0.00000000000 0.00000000000 0.00000000000 0.00000000000 0.00000000000 0.00000000000 0.00000000000
0.05894807021 -0.00791484011 0.24397675863 0.00000000000 0.00000000000 0.00000000000 0.00000000000 0.00000000000 0.00000000000 0.00000000000 0.00000000000
0.05895200996 -0.00791087085 0.24397698838 0.00000000000 0.00000000000 0.00000000000 0.00000000000 0.00000000000 0.00000000000 0.00000000000 0.00000000000
0.05895587498 -0.00790682882 0.24397721851 0.00000000000 0.00000000000 0.00000000000 0.00000000000 0.00000000000 0.00000000000 0.00000000000 0.00000000000
0.05895966392 -0.00790271544 0.24397744893 0.00000000000 0.00000000000 0.00000000000 0.00000000000 0.00000000000 0.00000000000 0.00000000000 0.00000000000
0.05896337546 -0.00789853212 0.24397767956 0.00000000000 0.00000000000 0.00000000000 0.00000000000 0.00000000000 0.00000000000 0.00000000000 0.00000000000
0.05896700832 -0.00789428033 0.24397791032 0.00000000000 0.00000000000 0.00000000000 0.00000000000 0.00000000000 0.00000000000 0.00000000000 0.00000000000
0.05897056123 -0.00788996155 0.24397814112 0.00000000000 0.00000000000 0.00000000000 0.00000000000 0.00000000000 0.00000000000 0.00000000000 0.00000000000
0.05897403295 -0.00788557728 0.24397837188 0.00000000000 0.00000000000 0.00000000000 0.00000000000 0.00000000000 0.00000000000 0.00000000000 0.00000000000
0.05897742227 -0.00788112904 0.24397860252 0.00000000000 0.00000000000 0.00000000000 0.00000000000 0.00000000000 0.00000000000 0.00000000000 0.00000000000
0.05898072796 -0.00787661839 0.24397883566 0.00000000000 0.00000000000 0.00000000000 0.00000000000 0.00000000000 0.00000000000 0.00000000000 0.00000000000
0.05898394874 -0.00787204688 0.24397907504 0.00000000000 0.00000000000 0.00000000000 0.00000000000 0.00000000000 0.00000000000 0.00000000000 0.00000000000
0.05898708369 -0.00786741612 0.24397931380 0.00000000000 0.00000000000 0.00000000000 0.00000000000 0.00000000000 0.00000000000 0.00000000000 0.00000000000
0.05899013171 -0.00786272770 0.24397955185 0.00000000000 0.00000000000 0.00000000000 0.00000000000 0.00000000000 0.00000000000 0.00000000000 0.00000000000
0.05899309175 -0.00785798327 0.24397978910 0.00000000000 0.00000000000 0.00000000000 0.00000000000 0.00000000000 0.00000000000 0.00000000000 0.00000000000
0.05899596278 -0.00785318448 0.24398002547 0.00000000000 0.00000000000 0.00000000000 0.00000000000 0.00000000000 0.00000000000 0.00000000000 0.00000000000
0.05899874379 -0.00784833299 0.24398026088 0.00000000000 0.00000000000 0.00000000000 0.00000000000 0.00000000000 0.00000000000 0.00000000000 0.00000000000
0.05900143382 -0.00784343049 0.24398049523 0.00000000000 0.00000000000 0.00000000000 0.00000000000 0.00000000000 0.00000000000 0.00000000000 0.00000000000
0.05900403194 -0.00783847868 0.24398072845 0.00000000000 0.00000000000 0.00000000000 0.00000000000 0.00000000000 0.00000000000 0.00000000000 0.00000000000
0.05900653724 -0.00783347929 0.24398096046 0.00000000000 0.00000000000 0.00000000000 0.00000000000 0.00000000000 0.00000000000 0.00000000000 0.00000000000
0.05900894885 -0.00782843407 0.24398119115 0.00000000000 0.00000000000 0.00000000000 0.00000000000 0.00000000000 0.00000000000 0.00000000000 0.00000000000
0.05901126593 -0.00782334475 0.24398142046 0.00000000000 0.00000000000 0.00000000000 0.00000000000 0.00000000000 0.00000000000 0.00000000000 0.00000000000
0.05901348768 -0.00781821312 0.24398164831 0.00000000000 0.00000000000 0.00000000000 0.00000000000 0.00000000000 0.00000000000 0.00000000000 0.00000000000
0.05901561333 -0.00781304095 0.24398187460 0.00000000000 0.00000000000 0.00000000000 0.00000000000 0.00000000000 0.00000000000 0.00000000000 0.00000000000
0.05901764213 -0.00780783006 0.24398209926 0.00000000000 0.00000000000 0.00000000000 0.00000000000 0.00000000000 0.00000000000 0.00000000000 0.00000000000
0.05901957337 -0.00780258224 0.24398232221 0.00000000000 0.00000000000 0.00000000000 0.00000000000 0.00000000000 0.00000000000 0.00000000000 0.00000000000
0.05902140640 -0.00779729933 0.24398254336 0.00000000000 0.00000000000 0.00000000000 0.00000000000 0.00000000000 0.00000000000 0.00000000000 0.00000000000
0.05902314057 -0.00779198317 0.24398276265 0.00000000000 0.00000000000 0.00000000000 0.00000000000 0.00000000000 0.00000000000 0.00000000000 0.00000000000
0.05902477528 -0.00778663560 0.24398297998 0.00000000000 0.00000000000 0.00000000000 0.00000000000 0.00000000000 0.00000000000 0.00000000000 0.00000000000
0.05902630995 -0.00778125848 0.24398319529 0.00000000000 0.00000000000 0.00000000000 0.00000000000 0.00000000000 0.00000000000 0.00000000000 0.00000000000
0.05902774407 -0.00777585368 0.24398340850 0.00000000000 0.00000000000 0.00000000000 0.00000000000 0.00000000000 0.00000000000 0.00000000000 0.00000000000
0.05902907712 -0.00777042309 0.24398361952 0.00000000000 0.00000000000 0.00000000000 0.00000000000 0.00000000000 0.00000000000 0.00000000000 0.00000000000
0.05903030865 -0.00776496859 0.24398382829 0.00000000000 0.00000000000 0.00000000000 0.00000000000 0.00000000000 0.00000000000 0.00000000000 0.00000000000
0.05903143822 -0.00775949208 0.24398403473 0.00000000000 0.00000000000 0.00000000000 0.00000000000 0.00000000000 0.00000000000 0.00000000000 0.00000000000
0.05903246545 -0.00775399547 0.24398423877 0.00000000000 0.00000000000 0.00000000000 0.00000000000 0.00000000000 0.00000000000 0.00000000000 0.00000000000
0.05903338998 -0.00774848067 0.24398444033 0.00000000000 0.00000000000 0.00000000000 0.00000000000 0.00000000000 0.00000000000 0.00000000000 0.00000000000
0.05903421148 -0.00774294959 0.24398463935 0.00000000000 0.00000000000 0.00000000000 0.00000000000 0.00000000000 0.00000000000 0.00000000000 0.00000000000
0.05903492968 -0.00773740416 0.24398483575 0.00000000000 0.00000000000 0.00000000000 0.00000000000 0.00000000000 0.00000000000 0.00000000000 0.00000000000
0.05903554431 -0.00773184631 0.24398502946 0.00000000000 0.00000000000 0.00000000000 0.00000000000 0.00000000000 0.00000000000 0.00000000000 0.00000000000
0.05903605518 -0.00772627797 0.24398522043 0.00000000000 0.00000000000 0.00000000000 0.00000000000 0.00000000000 0.00000000000 0.00000000000 0.00000000000
0.05903646209 -0.00772070108 0.24398540857 0.00000000000 0.00000000000 0.00000000000 0.00000000000 0.00000000000 0.00000000000 0.00000000000 0.00000000000
0.05903686586 -0.00771325642 0.24398565555 0.00000000000 0.00000000000 0.00000000000 0.00000000000 0.00000000000 0.00000000000 0.00000000000 0.00000000000
0.05903701239 -0.00770766591 0.24398583640 0.00000000000 0.00000000000 0.00000000000 0.00000000000 0.00000000000 0.00000000000 0.00000000000 0.00000000000
0.05903704053 -0.00770393839 0.24398595493 0.00000000000 0.00000000000 0.00000000000 0.00000000000 0.00000000000 0.00000000000 0.00000000000 0.00000000000
ZONE T="NURB"
I=201, J=1, K=1
0.05864801850 -0.00798792331 0.24396668323 3336.48262403899 0.00000000000 0.00000000000 0.00000000000 0.00000000000 0.00000000000 0.00000000000 0.24409741794
0.05865069278 -0.00798874218 0.24396672499 3335.82136162883 0.00000000000 0.00000000000 0.00000000000 0.00000000000 0.00000000000 0.00000000000 0.24409748648
0.05865337459 -0.00798953608 0.24396676776 3335.44871188116 0.00000000000 0.00000000000 0.00000000000 0.00000000000 0.00000000000 0.00000000000 0.24409755520
0.05865606368 -0.00799030494 0.24396681153 3335.36492297804 0.00000000000 0.00000000000 0.00000000000 0.00000000000 0.00000000000 0.00000000000 0.24409762412
0.05865875983 -0.00799104869 0.24396685630 3335.56986567273 0.00000000000 0.00000000000 0.00000000000 0.00000000000 0.00000000000 0.00000000000 0.24409769321
0.05866146279 -0.00799176727 0.24396690207 3335.32138834416 0.00000000000 0.00000000000 0.00000000000 0.00000000000 0.00000000000 0.00000000000 0.24409776248
0.05866417234 -0.00799246062 0.24396694883 3335.36976777686 0.00000000000 0.00000000000 0.00000000000 0.00000000000 0.00000000000 0.00000000000 0.24409783192
0.05866688823 -0.00799312867 0.24396699658 3335.17028500284 0.00000000000 0.00000000000 0.00000000000 0.00000000000 0.00000000000 0.00000000000 0.24409790152
0.05866961023 -0.00799377137 0.24396704531 3335.25708112070 0.00000000000 0.00000000000 0.00000000000 0.00000000000 0.00000000000 0.00000000000 0.24409797127
0.05867233810 -0.00799438866 0.24396709503 3335.04281101921 0.00000000000 0.00000000000 0.00000000000 0.00000000000 0.00000000000 0.00000000000 0.24409804118
0.05867507160 -0.00799498049 0.24396714573 3335.11771190164 0.00000000000 0.00000000000 0.00000000000 0.00000000000 0.00000000000 0.00000000000 0.24409811123
0.05867781050 -0.00799554680 0.24396719740 3334.90520652059 0.00000000000 0.00000000000 0.00000000000 0.00000000000 0.00000000000 0.00000000000 0.24409818142
0.05868055457 -0.00799608755 0.24396725003 3334.98184903102 0.00000000000 0.00000000000 0.00000000000 0.00000000000 0.00000000000 0.00000000000 0.24409825175
0.05868330355 -0.00799660270 0.24396730364 3334.76742644616 0.00000000000 0.00000000000 0.00000000000 0.00000000000 0.00000000000 0.00000000000 0.24409832219
0.05868605721 -0.00799709218 0.24396735820 3334.84214198380 0.00000000000 0.00000000000 0.00000000000 0.00000000000 0.00000000000 0.00000000000 0.24409839276
0.05868881532 -0.00799755597 0.24396741371 3334.62691776134 0.00000000000 0.00000000000 0.00000000000 0.00000000000 0.00000000000 0.00000000000 0.24409846344
0.05869157763 -0.00799799403 0.24396747018 3334.70082040449 0.00000000000 0.00000000000 0.00000000000 0.00000000000 0.00000000000 0.00000000000 0.24409853423
0.05869434389 -0.00799840631 0.24396752759 3334.48463345259 0.00000000000 0.00000000000 0.00000000000 0.00000000000 0.00000000000 0.00000000000 0.24409860513
0.05869711388 -0.00799879278 0.24396758595 3334.55756458691 0.00000000000 0.00000000000 0.00000000000 0.00000000000 0.00000000000 0.00000000000 0.24409867611
0.05869988735 -0.00799915340 0.24396764524 3334.34059348072 0.00000000000 0.00000000000 0.00000000000 0.00000000000 0.00000000000 0.00000000000 0.24409874719
0.05870266406 -0.00799948815 0.24396770546 3334.41273341576 0.00000000000 0.00000000000 0.00000000000 0.00000000000 0.00000000000 0.00000000000 0.24409881835
0.05870544377 -0.00799979699 0.24396776661 3334.19506987525 0.00000000000 0.00000000000 0.00000000000 0.00000000000 0.00000000000 0.00000000000 0.24409888958
0.05870822623 -0.00800007991 0.24396782867 3334.26651203099 0.00000000000 0.00000000000 0.00000000000 0.00000000000 0.00000000000 0.00000000000 0.24409896089
0.05871101121 -0.00800033686 0.24396789166 3334.04827052524 0.00000000000 0.00000000000 0.00000000000 0.00000000000 0.00000000000 0.00000000000 0.24409903226
0.05871379845 -0.00800056784 0.24396795555 3334.11913111477 0.00000000000 0.00000000000 0.00000000000 0.00000000000 0.00000000000 0.00000000000 0.24409910369
0.05871658773 -0.00800077282 0.24396802035 3333.90042346041 0.00000000000 0.00000000000 0.00000000000 0.00000000000 0.00000000000 0.00000000000 0.24409917517
0.05871937879 -0.00800095179 0.24396808604 3333.97081548672 0.00000000000 0.00000000000 0.00000000000 0.00000000000 0.00000000000 0.00000000000 0.24409924670
0.05872217140 -0.00800110472 0.24396815263 3333.75175278641 0.00000000000 0.00000000000 0.00000000000 0.00000000000 0.00000000000 0.00000000000 0.24409931826
0.05872496531 -0.00800123161 0.24396822011 3333.82178878816 0.00000000000 0.00000000000 0.00000000000 0.00000000000 0.00000000000 0.00000000000 0.24409938986
0.05872776027 -0.00800133244 0.24396828847 3333.60248512936 0.00000000000 0.00000000000 0.00000000000 0.00000000000 0.00000000000 0.00000000000 0.24409946149
0.05873055605 -0.00800140721 0.24396835770 3333.67228059836 0.00000000000 0.00000000000 0.00000000000 0.00000000000 0.00000000000 0.00000000000 0.24409953313
0.05873335240 -0.00800145591 0.24396842780 3333.45284827135 0.00000000000 0.00000000000 0.00000000000 0.00000000000 0.00000000000 0.00000000000 0.24409960480
0.05873614908 -0.00800147854 0.24396849877 3333.52251659394 0.00000000000 0.00000000000 0.00000000000 0.00000000000 0.00000000000 0.00000000000 0.24409967647
0.05873894584 -0.00800147508 0.24396857060 3333.30307000123 0.00000000000 0.00000000000 0.00000000000 0.00000000000 0.00000000000 0.00000000000 0.24409974814
0.05874174245 -0.00800144555 0.24396864327 3333.37272710532 0.00000000000 0.00000000000 0.00000000000 0.00000000000 0.00000000000 0.00000000000 0.24409981981
0.05874453865 -0.00800138995 0.24396871679 3333.15337906374 0.00000000000 0.00000000000 0.00000000000 0.00000000000 0.00000000000 0.00000000000 0.24409989147
0.05874733421 -0.00800130828 0.24396879115 3333.22313893642 0.00000000000 0.00000000000 0.00000000000 0.00000000000 0.00000000000 0.00000000000 0.24409996311
0.05875012889 -0.00800120055 0.24396886634 3333.00400264208 0.00000000000 0.00000000000 0.00000000000 0.00000000000 0.00000000000 0.00000000000 0.24410003473
0.05875292243 -0.00800106677 0.24396894236 3333.07397932274 0.00000000000 0.00000000000 0.00000000000 0.00000000000 0.00000000000 0.00000000000 0.24410010632
0.05875571460 -0.00800090694 0.24396901919 3332.85516820543 0.00000000000 0.00000000000 0.00000000000 0.00000000000 0.00000000000 0.00000000000 0.24410017787
0.05875850515 -0.00800072109 0.24396909684 3332.92547622014 0.00000000000 0.00000000000 0.00000000000 0.00000000000 0.00000000000 0.00000000000 0.24410024939
0.05876129384 -0.00800050923 0.24396917529 3332.70710317544 0.00000000000 0.00000000000 0.00000000000 0.00000000000 0.00000000000 0.00000000000 0.24410032085
0.05876408043 -0.00800027138 0.24396925454 3332.77785654894 0.00000000000 0.00000000000 0.00000000000 0.00000000000 0.00000000000 0.00000000000 0.24410039226
0.05876686468 -0.00800000756 0.24396933458 3332.56003248627 0.00000000000 0.00000000000 0.00000000000 0.00000000000 0.00000000000 0.00000000000 0.24410046362
0.05876964634 -0.00799971779 0.24396941541 3332.63134266882 0.00000000000 0.00000000000 0.00000000000 0.00000000000 0.00000000000 0.00000000000 0.24410053490
0.05877242517 -0.00799940210 0.24396949701 3332.41417921198 0.00000000000 0.00000000000 0.00000000000 0.00000000000 0.00000000000 0.00000000000 0.24410060612
0.05877520093 -0.00799906051 0.24396957938 3332.48615899661 0.00000000000 0.00000000000 0.00000000000 0.00000000000 0.00000000000 0.00000000000 0.24410067725
0.05877797338 -0.00799869306 0.24396966252 3332.26976660486 0.00000000000 0.00000000000 0.00000000000 0.00000000000 0.00000000000 0.00000000000 0.24410074830
0.05878074228 -0.00799829977 0.24396974641 3332.34252730941 0.00000000000 0.00000000000 0.00000000000 0.00000000000 0.00000000000 0.00000000000 0.24410081926
0.05878350739 -0.00799788069 0.24396983105 3332.12701335386 0.00000000000 0.00000000000 0.00000000000 0.00000000000 0.00000000000 0.00000000000 0.24410089012
0.05878626846 -0.00799743585 0.24396991643 3332.20066314679 0.00000000000 0.00000000000 0.00000000000 0.00000000000 0.00000000000 0.00000000000 0.24410096088
0.05878902526 -0.00799696528 0.24397000254 3331.98613687642 0.00000000000 0.00000000000 0.00000000000 0.00000000000 0.00000000000 0.00000000000 0.24410103153
0.05879177754 -0.00799646903 0.24397008937 3332.06078522889 0.00000000000 0.00000000000 0.00000000000 0.00000000000 0.00000000000 0.00000000000 0.24410110206
0.05879452508 -0.00799594714 0.24397017693 3331.84735152223 0.00000000000 0.00000000000 0.00000000000 0.00000000000 0.00000000000 0.00000000000 0.24410117247
0.05879726762 -0.00799539965 0.24397026519 3331.92310400316 0.00000000000 0.00000000000 0.00000000000 0.00000000000 0.00000000000 0.00000000000 0.24410124275
0.05880000493 -0.00799482662 0.24397035416 3331.71086727933 0.00000000000 0.00000000000 0.00000000000 0.00000000000 0.00000000000 0.00000000000 0.24410131290
0.05880273677 -0.00799422810 0.24397044382 3331.78782889595 0.00000000000 0.00000000000 0.00000000000 0.00000000000 0.00000000000 0.00000000000 0.24410138291
0.05880546291 -0.00799360413 0.24397053416 3331.57689268758 0.00000000000 0.00000000000 0.00000000000 0.00000000000 0.00000000000 0.00000000000 0.24410145277
0.05880818310 -0.00799295477 0.24397062518 3331.65516767902 0.00000000000 0.00000000000 0.00000000000 0.00000000000 0.00000000000 0.00000000000 0.24410152248
0.05881089711 -0.00799228008 0.24397071688 3331.44563095113 0.00000000000 0.00000000000 0.00000000000 0.00000000000 0.00000000000 0.00000000000 0.24410159204
0.05881360471 -0.00799158011 0.24397080923 3331.52531870542 0.00000000000 0.00000000000 0.00000000000 0.00000000000 0.00000000000 0.00000000000 0.24410166142
0.05881630566 -0.00799085493 0.24397090224 3331.31728078811 0.00000000000 0.00000000000 0.00000000000 0.00000000000 0.00000000000 0.00000000000 0.24410173064
0.05881899972 -0.00799010461 0.24397099589 3331.39848074019 0.00000000000 0.00000000000 0.00000000000 0.00000000000 0.00000000000 0.00000000000 0.24410179968
0.05882168667 -0.00798932919 0.24397109018 3331.19203845722 0.00000000000 0.00000000000 0.00000000000 0.00000000000 0.00000000000 0.00000000000 0.24410186854
0.05882436625 -0.00798852876 0.24397118510 3331.27484774041 0.00000000000 0.00000000000 0.00000000000 0.00000000000 0.00000000000 0.00000000000 0.24410193721
0.05882703826 -0.00798770338 0.24397128063 3331.07009299150 0.00000000000 0.00000000000 0.00000000000 0.00000000000 0.00000000000 0.00000000000 0.24410200568
0.05882970244 -0.00798685313 0.24397137678 3331.15460375963 0.00000000000 0.00000000000 0.00000000000 0.00000000000 0.00000000000 0.00000000000 0.24410207396
0.05883235857 -0.00798597807 0.24397147353 3330.95162916528 0.00000000000 0.00000000000 0.00000000000 0.00000000000 0.00000000000 0.00000000000 0.24410214203
0.05883500642 -0.00798507829 0.24397157087 3331.03793439436 0.00000000000 0.00000000000 0.00000000000 0.00000000000 0.00000000000 0.00000000000 0.24410220988
0.05883764576 -0.00798415387 0.24397166880 3330.83682860804 0.00000000000 0.00000000000 0.00000000000 0.00000000000 0.00000000000 0.00000000000 0.24410227752
0.05884027636 -0.00798320487 0.24397176731 3330.92501697861 0.00000000000 0.00000000000 0.00000000000 0.00000000000 0.00000000000 0.00000000000 0.24410234494
0.05884289799 -0.00798223139 0.24397186638 3330.72586361478 0.00000000000 0.00000000000 0.00000000000 0.00000000000 0.00000000000 0.00000000000 0.24410241212
0.05884551041 -0.00798123351 0.24397196601 3330.81601879101 0.00000000000 0.00000000000 0.00000000000 0.00000000000 0.00000000000 0.00000000000 0.24410247907
0.05884811342 -0.00798021132 0.24397206619 3330.61890322031 0.00000000000 0.00000000000 0.00000000000 0.00000000000 0.00000000000 0.00000000000 0.24410254578
0.05885070677 -0.00797916491 0.24397216691 3330.71111058738 0.00000000000 0.00000000000 0.00000000000 0.00000000000 0.00000000000 0.00000000000 0.24410261224
0.05885329025 -0.00797809437 0.24397226816 3330.51611039648 0.00000000000 0.00000000000 0.00000000000 0.00000000000 0.00000000000 0.00000000000 0.24410267844
0.05885586362 -0.00797699978 0.24397236994 3330.61044746824 0.00000000000 0.00000000000 0.00000000000 0.00000000000 0.00000000000 0.00000000000 0.24410274439
0.05885842667 -0.00797588125 0.24397247223 3330.41763993709 0.00000000000 0.00000000000 0.00000000000 0.00000000000 0.00000000000 0.00000000000 0.24410281007
0.05886097917 -0.00797473888 0.24397257502 3330.51418453784 0.00000000000 0.00000000000 0.00000000000 0.00000000000 0.00000000000 0.00000000000 0.24410287549
0.05886352090 -0.00797357275 0.24397267830 3330.32364246293 0.00000000000 0.00000000000 0.00000000000 0.00000000000 0.00000000000 0.00000000000 0.24410294062
0.05886605163 -0.00797238298 0.24397278207 3330.42246644836 0.00000000000 0.00000000000 0.00000000000 0.00000000000 0.00000000000 0.00000000000 0.24410300548
0.05886857116 -0.00797116967 0.24397288632 3330.23425927802 0.00000000000 0.00000000000 0.00000000000 0.00000000000 0.00000000000 0.00000000000 0.24410307005
0.05887107925 -0.00796993293 0.24397299103 3330.33543236730 0.00000000000 0.00000000000 0.00000000000 0.00000000000 0.00000000000 0.00000000000 0.24410313432
0.05887357570 -0.00796867285 0.24397309620 3330.14962824954 0.00000000000 0.00000000000 0.00000000000 0.00000000000 0.00000000000 0.00000000000 0.24410319830
0.05887606028 -0.00796738956 0.24397320182 3330.25321975650 0.00000000000 0.00000000000 0.00000000000 0.00000000000 0.00000000000 0.00000000000 0.24410326197
0.05887853278 -0.00796608315 0.24397330788 3330.06987522391 0.00000000000 0.00000000000 0.00000000000 0.00000000000 0.00000000000 0.00000000000 0.24410332533
0.05888099299 -0.00796475376 0.24397341436 3330.17594022870 0.00000000000 0.00000000000 0.00000000000 0.00000000000 0.00000000000 0.00000000000 0.24410338838
0.05888344068 -0.00796340148 0.24397352127 3329.99512301519 0.00000000000 0.00000000000 0.00000000000 0.00000000000 0.00000000000 0.00000000000 0.24410345111
0.05888587565 -0.00796202645 0.24397362858 3330.10372928883 0.00000000000 0.00000000000 0.00000000000 0.00000000000 0.00000000000 0.00000000000 0.24410351351
0.05888829768 -0.00796062877 0.24397373629 3329.92548731316 0.00000000000 0.00000000000 0.00000000000 0.00000000000 0.00000000000 0.00000000000 0.24410357558
0.05889070657 -0.00795920858 0.24397384439 3330.03668107169 0.00000000000 0.00000000000 0.00000000000 0.00000000000 0.00000000000 0.00000000000 0.24410363731
0.05889310211 -0.00795776599 0.24397395287 3329.86106984108 0.00000000000 0.00000000000 0.00000000000 0.00000000000 0.00000000000 0.00000000000 0.24410369870
0.05889548408 -0.00795630113 0.24397406172 3329.97490798371 0.00000000000 0.00000000000 0.00000000000 0.00000000000 0.00000000000 0.00000000000 0.24410375974
0.05889785228 -0.00795481412 0.24397417093 3329.80197194891 0.00000000000 0.00000000000 0.00000000000 0.00000000000 0.00000000000 0.00000000000 0.24410382043
0.05890020650 -0.00795330511 0.24397428049 3329.91849840327 0.00000000000 0.00000000000 0.00000000000 0.00000000000 0.00000000000 0.00000000000 0.24410388076
0.05890254654 -0.00795177421 0.24397439039 3329.74828283979 0.00000000000 0.00000000000 0.00000000000 0.00000000000 0.00000000000 0.00000000000 0.24410394073
0.05890487220 -0.00795022156 0.24397450062 3329.86754283204 0.00000000000 0.00000000000 0.00000000000 0.00000000000 0.00000000000 0.00000000000 0.24410400033
0.05890718327 -0.00794864730 0.24397461117 3329.70008484076 0.00000000000 0.00000000000 0.00000000000 0.00000000000 0.00000000000 0.00000000000 0.24410405956
0.05890947956 -0.00794705156 0.24397472204 3329.82211516367 0.00000000000 0.00000000000 0.00000000000 0.00000000000 0.00000000000 0.00000000000 0.24410411840
0.05891176085 -0.00794543449 0.24397483320 3329.65745297723 0.00000000000 0.00000000000 0.00000000000 0.00000000000 0.00000000000 0.00000000000 0.24410417687
0.05891402696 -0.00794379621 0.24397494465 3329.78229086978 0.00000000000 0.00000000000 0.00000000000 0.00000000000 0.00000000000 0.00000000000 0.24410423494
0.05891627769 -0.00794213689 0.24397505638 3329.62045239585 0.00000000000 0.00000000000 0.00000000000 0.00000000000 0.00000000000 0.00000000000 0.24410429262
0.05891851284 -0.00794045665 0.24397516838 3329.74812543822 0.00000000000 0.00000000000 0.00000000000 0.00000000000 0.00000000000 0.00000000000 0.24410434990
0.05892073222 -0.00793875565 0.24397528064 3329.58913957606 0.00000000000 0.00000000000 0.00000000000 0.00000000000 0.00000000000 0.00000000000 0.24410440677
0.05892293563 -0.00793703403 0.24397539315 3329.71967643066 0.00000000000 0.00000000000 0.00000000000 0.00000000000 0.00000000000 0.00000000000 0.24410446324
0.05892512289 -0.00793529194 0.24397550590 3329.56356604584 0.00000000000 0.00000000000 0.00000000000 0.00000000000 0.00000000000 0.00000000000 0.24410451929
0.05892729379 -0.00793352954 0.24397561888 3329.69698908775 0.00000000000 0.00000000000 0.00000000000 0.00000000000 0.00000000000 0.00000000000 0.24410457493
0.05892944817 -0.00793174698 0.24397573208 3329.54376946984 0.00000000000 0.00000000000 0.00000000000 0.00000000000 0.00000000000 0.00000000000 0.24410463014
0.05893158581 -0.00792994442 0.24397584549 3329.68009396502 0.00000000000 0.00000000000 0.00000000000 0.00000000000 0.00000000000 0.00000000000 0.24410468492
0.05893370655 -0.00792812200 0.24397595909 3329.52978370695 0.00000000000 0.00000000000 0.00000000000 0.00000000000 0.00000000000 0.00000000000 0.24410473927
0.05893581020 -0.00792627989 0.24397607288 3329.66902772355 0.00000000000 0.00000000000 0.00000000000 0.00000000000 0.00000000000 0.00000000000 0.24410479318
0.05893789657 -0.00792441825 0.24397618685 3329.52163157461 0.00000000000 0.00000000000 0.00000000000 0.00000000000 0.00000000000 0.00000000000 0.24410484664
0.05893996548 -0.00792253725 0.24397630099 3329.66380004085 0.00000000000 0.00000000000 0.00000000000 0.00000000000 0.00000000000 0.00000000000 0.24410489966
0.05894201675 -0.00792063703 0.24397641528 3329.51933096848 0.00000000000 0.00000000000 0.00000000000 0.00000000000 0.00000000000 0.00000000000 0.24410495223
0.05894405021 -0.00791871778 0.24397652972 3329.66443507882 0.00000000000 0.00000000000 0.00000000000 0.00000000000 0.00000000000 0.00000000000 0.24410500434
0.05894606567 -0.00791677965 0.24397664429 3329.52288386625 0.00000000000 0.00000000000 0.00000000000 0.00000000000 0.00000000000 0.00000000000 0.24410505599
0.05894806297 -0.00791482283 0.24397675899 3329.67091490123 0.00000000000 0.00000000000 0.00000000000 0.00000000000 0.00000000000 0.00000000000 0.24410510718
0.05895004193 -0.00791284746 0.24397687381 3329.53228948701 0.00000000000 0.00000000000 0.00000000000 0.00000000000 0.00000000000 0.00000000000 0.24410515789
0.05895200237 -0.00791085374 0.24397698873 3329.68325395672 0.00000000000 0.00000000000 0.00000000000 0.00000000000 0.00000000000 0.00000000000 0.24410520813
0.05895394413 -0.00790884182 0.24397710375 3329.54754109038 0.00000000000 0.00000000000 0.00000000000 0.00000000000 0.00000000000 0.00000000000 0.24410525789
0.05895586703 -0.00790681189 0.24397721884 3329.70142633782 0.00000000000 0.00000000000 0.00000000000 0.00000000000 0.00000000000 0.00000000000 0.24410530717
0.05895777092 -0.00790476413 0.24397733402 3329.56861240658 0.00000000000 0.00000000000 0.00000000000 0.00000000000 0.00000000000 0.00000000000 0.24410535596
0.05895965561 -0.00790269870 0.24397744925 3329.72540504884 0.00000000000 0.00000000000 0.00000000000 0.00000000000 0.00000000000 0.00000000000 0.24410540426
0.05896152096 -0.00790061580 0.24397756454 3329.59548340885 0.00000000000 0.00000000000 0.00000000000 0.00000000000 0.00000000000 0.00000000000 0.24410545206
0.05896336680 -0.00789851559 0.24397767987 3329.75517578376 0.00000000000 0.00000000000 0.00000000000 0.00000000000 0.00000000000 0.00000000000 0.24410549937
0.05896519297 -0.00789639827 0.24397779523 3329.62811333607 0.00000000000 0.00000000000 0.00000000000 0.00000000000 0.00000000000 0.00000000000 0.24410554617
0.05896699931 -0.00789426402 0.24397791061 3329.79067147740 0.00000000000 0.00000000000 0.00000000000 0.00000000000 0.00000000000 0.00000000000 0.24410559246
0.05896878566 -0.00789211303 0.24397802600 3329.66645968483 0.00000000000 0.00000000000 0.00000000000 0.00000000000 0.00000000000 0.00000000000 0.24410563824
0.05897055186 -0.00788994547 0.24397814139 3329.83187476172 0.00000000000 0.00000000000 0.00000000000 0.00000000000 0.00000000000 0.00000000000 0.24410568350
0.05897229777 -0.00788776155 0.24397825677 3329.71047077275 0.00000000000 0.00000000000 0.00000000000 0.00000000000 0.00000000000 0.00000000000 0.24410572824
0.05897402323 -0.00788556145 0.24397837213 3329.88075446458 0.00000000000 0.00000000000 0.00000000000 0.00000000000 0.00000000000 0.00000000000 0.24410577246
0.05897572809 -0.00788334535 0.24397848752 3330.90182612623 0.00000000000 0.00000000000 0.00000000000 0.00000000000 0.00000000000 0.00000000000 0.24410581621
0.05897741220 -0.00788111346 0.24397860320 3332.73812497722 0.00000000000 0.00000000000 0.00000000000 0.00000000000 0.00000000000 0.00000000000 0.24410585976
0.05897907539 -0.00787886597 0.24397871954 3335.85921302929 0.00000000000 0.00000000000 0.00000000000 0.00000000000 0.00000000000 0.00000000000 0.24410590349
0.05898071752 -0.00787660307 0.24397883697 3340.27652215617 0.00000000000 0.00000000000 0.00000000000 0.00000000000 0.00000000000 0.00000000000 0.24410594783
0.05898233843 -0.00787432497 0.24397895574 3333.00308730161 0.00000000000 0.00000000000 0.00000000000 0.00000000000 0.00000000000 0.00000000000 0.24410599304
0.05898393799 -0.00787203185 0.24397907521 3329.62683118924 0.00000000000 0.00000000000 0.00000000000 0.00000000000 0.00000000000 0.00000000000 0.24410603848
0.05898551610 -0.00786972392 0.24397919466 3329.51972573711 0.00000000000 0.00000000000 0.00000000000 0.00000000000 0.00000000000 0.00000000000 0.24410608346
0.05898707260 -0.00786740138 0.24397931394 3329.70238740637 0.00000000000 0.00000000000 0.00000000000 0.00000000000 0.00000000000 0.00000000000 0.24410612781
0.05898860738 -0.00786506443 0.24397943305 3329.59818451388 0.00000000000 0.00000000000 0.00000000000 0.00000000000 0.00000000000 0.00000000000 0.24410617155
0.05899012030 -0.00786271327 0.24397955197 3329.78375331443 0.00000000000 0.00000000000 0.00000000000 0.00000000000 0.00000000000 0.00000000000 0.24410621467
0.05899161121 -0.00786034811 0.24397967069 3329.68240598176 0.00000000000 0.00000000000 0.00000000000 0.00000000000 0.00000000000 0.00000000000 0.24410625716
0.05899308001 -0.00785796916 0.24397978920 3329.87083239909 0.00000000000 0.00000000000 0.00000000000 0.00000000000 0.00000000000 0.00000000000 0.24410629902
0.05899452655 -0.00785557661 0.24397990750 3329.77227264855 0.00000000000 0.00000000000 0.00000000000 0.00000000000 0.00000000000 0.00000000000 0.24410634024
0.05899595071 -0.00785317069 0.24398002556 3329.96348841409 0.00000000000 0.00000000000 0.00000000000 0.00000000000 0.00000000000 0.00000000000 0.24410638083
0.05899735237 -0.00785075159 0.24398014338 3329.86765733484 0.00000000000 0.00000000000 0.00000000000 0.00000000000 0.00000000000 0.00000000000 0.24410642077
0.05899873140 -0.00784831954 0.24398026094 3330.06160368382 0.00000000000 0.00000000000 0.00000000000 0.00000000000 0.00000000000 0.00000000000 0.24410646007
0.05900008769 -0.00784587473 0.24398037825 3329.96842676581 0.00000000000 0.00000000000 0.00000000000 0.00000000000 0.00000000000 0.00000000000 0.24410649872
0.05900142112 -0.00784341739 0.24398049528 3330.16502827596 0.00000000000 0.00000000000 0.00000000000 0.00000000000 0.00000000000 0.00000000000 0.24410653672
0.05900273157 -0.00784094772 0.24398061202 3330.07443816367 0.00000000000 0.00000000000 0.00000000000 0.00000000000 0.00000000000 0.00000000000 0.24410657407
0.05900401893 -0.00783846595 0.24398072848 3330.27362863748 0.00000000000 0.00000000000 0.00000000000 0.00000000000 0.00000000000 0.00000000000 0.24410661076
0.05900528309 -0.00783597228 0.24398084462 3330.18554479120 0.00000000000 0.00000000000 0.00000000000 0.00000000000 0.00000000000 0.00000000000 0.24410664678
0.05900652393 -0.00783346694 0.24398096046 3330.38724290868 0.00000000000 0.00000000000 0.00000000000 0.00000000000 0.00000000000 0.00000000000 0.24410668215
0.05900774136 -0.00783095014 0.24398107596 3330.30158831864 0.00000000000 0.00000000000 0.00000000000 0.00000000000 0.00000000000 0.00000000000 0.24410671684
0.05900893525 -0.00782842210 0.24398119113 3330.50571817903 0.00000000000 0.00000000000 0.00000000000 0.00000000000 0.00000000000 0.00000000000 0.24410675087
0.05901010552 -0.00782588304 0.24398130595 3330.42241221145 0.00000000000 0.00000000000 0.00000000000 0.00000000000 0.00000000000 0.00000000000 0.24410678422
0.05901125205 -0.00782333318 0.24398142042 3330.62889194153 0.00000000000 0.00000000000 0.00000000000 0.00000000000 0.00000000000 0.00000000000 0.24410681689
0.05901237475 -0.00782077275 0.24398153452 3330.54784293570 0.00000000000 0.00000000000 0.00000000000 0.00000000000 0.00000000000 0.00000000000 0.24410684889
0.05901347352 -0.00781820196 0.24398164824 3330.75658094165 0.00000000000 0.00000000000 0.00000000000 0.00000000000 0.00000000000 0.00000000000 0.24410688020
0.05901454827 -0.00781562105 0.24398176158 3330.67770422921 0.00000000000 0.00000000000 0.00000000000 0.00000000000 0.00000000000 0.00000000000 0.24410691083
0.05901559890 -0.00781303022 0.24398187451 3330.88861634397 0.00000000000 0.00000000000 0.00000000000 0.00000000000 0.00000000000 0.00000000000 0.24410694077
0.05901662532 -0.00781042972 0.24398198704 3330.81182158945 0.00000000000 0.00000000000 0.00000000000 0.00000000000 0.00000000000 0.00000000000 0.24410697002
0.05901762744 -0.00780781976 0.24398209915 3331.02481683636 0.00000000000 0.00000000000 0.00000000000 0.00000000000 0.00000000000 0.00000000000 0.24410699858
0.05901860517 -0.00780520058 0.24398221083 3330.95000173504 0.00000000000 0.00000000000 0.00000000000 0.00000000000 0.00000000000 0.00000000000 0.24410702644
0.05901955843 -0.00780257239 0.24398232208 3331.16497784298 0.00000000000 0.00000000000 0.00000000000 0.00000000000 0.00000000000 0.00000000000 0.24410705361
0.05902048714 -0.00779993544 0.24398243287 3331.09205442817 0.00000000000 0.00000000000 0.00000000000 0.00000000000 0.00000000000 0.00000000000 0.24410708008
0.05902139122 -0.00779728994 0.24398254321 3331.30892531331 0.00000000000 0.00000000000 0.00000000000 0.00000000000 0.00000000000 0.00000000000 0.24410710584
0.05902227058 -0.00779463614 0.24398265308 3331.23778755349 0.00000000000 0.00000000000 0.00000000000 0.00000000000 0.00000000000 0.00000000000 0.24410713090
0.05902312516 -0.00779197425 0.24398276247 3331.45644804441 0.00000000000 0.00000000000 0.00000000000 0.00000000000 0.00000000000 0.00000000000 0.24410715526
0.05902395487 -0.00778930451 0.24398287138 3331.38699089064 0.00000000000 0.00000000000 0.00000000000 0.00000000000 0.00000000000 0.00000000000 0.24410717890
0.05902475965 -0.00778662715 0.24398297979 3331.60733395941 0.00000000000 0.00000000000 0.00000000000 0.00000000000 0.00000000000 0.00000000000 0.24410720184
0.05902553942 -0.00778394241 0.24398308769 3331.53946397606 0.00000000000 0.00000000000 0.00000000000 0.00000000000 0.00000000000 0.00000000000 0.24410722406
0.05902629411 -0.00778125052 0.24398319507 3331.76139580928 0.00000000000 0.00000000000 0.00000000000 0.00000000000 0.00000000000 0.00000000000 0.24410724557
0.05902702367 -0.00777855172 0.24398330193 3331.69499599916 0.00000000000 0.00000000000 0.00000000000 0.00000000000 0.00000000000 0.00000000000 0.24410726636
0.05902772803 -0.00777584623 0.24398340826 3331.91840162584 0.00000000000 0.00000000000 0.00000000000 0.00000000000 0.00000000000 0.00000000000 0.24410728643
0.05902840712 -0.00777313430 0.24398351403 3331.85336894839 0.00000000000 0.00000000000 0.00000000000 0.00000000000 0.00000000000 0.00000000000 0.24410730578
0.05902906090 -0.00777041615 0.24398361926 3332.07814570253 0.00000000000 0.00000000000 0.00000000000 0.00000000000 0.00000000000 0.00000000000 0.24410732442
0.05902968929 -0.00776769203 0.24398372392 3332.01436900421 0.00000000000 0.00000000000 0.00000000000 0.00000000000 0.00000000000 0.00000000000 0.24410734232
0.05903029225 -0.00776496217 0.24398382801 3332.24040719494 0.00000000000 0.00000000000 0.00000000000 0.00000000000 0.00000000000 0.00000000000 0.24410735951
0.05903086973 -0.00776222681 0.24398393151 3332.17777339354 0.00000000000 0.00000000000 0.00000000000 0.00000000000 0.00000000000 0.00000000000 0.24410737596
0.05903142166 -0.00775948619 0.24398403442 3332.40496059446 0.00000000000 0.00000000000 0.00000000000 0.00000000000 0.00000000000 0.00000000000 0.24410739169
0.05903194802 -0.00775674055 0.24398413674 3332.34335398506 0.00000000000 0.00000000000 0.00000000000 0.00000000000 0.00000000000 0.00000000000 0.24410740669
0.05903244875 -0.00775399012 0.24398423844 3332.57157452166 0.00000000000 0.00000000000 0.00000000000 0.00000000000 0.00000000000 0.00000000000 0.24410742096
0.05903292380 -0.00775123515 0.24398433952 3332.51090029361 0.00000000000 0.00000000000 0.00000000000 0.00000000000 0.00000000000 0.00000000000 0.24410743450
0.05903337314 -0.00774847586 0.24398443998 3332.74005952098 0.00000000000 0.00000000000 0.00000000000 0.00000000000 0.00000000000 0.00000000000 0.24410744731
0.05903379672 -0.00774571252 0.24398453980 3332.68012979117 0.00000000000 0.00000000000 0.00000000000 0.00000000000 0.00000000000 0.00000000000 0.24410745938
0.05903419452 -0.00774294534 0.24398463898 3332.91004091716 0.00000000000 0.00000000000 0.00000000000 0.00000000000 0.00000000000 0.00000000000 0.24410747072
0.05903456649 -0.00774017458 0.24398473750 3332.85100860119 0.00000000000 0.00000000000 0.00000000000 0.00000000000 0.00000000000 0.00000000000 0.24410748132
0.05903491261 -0.00773740048 0.24398483536 3333.08182606683 0.00000000000 0.00000000000 0.00000000000 0.00000000000 0.00000000000 0.00000000000 0.24410749118
0.05903523284 -0.00773462327 0.24398493254 3333.02256610260 0.00000000000 0.00000000000 0.00000000000 0.00000000000 0.00000000000 0.00000000000 0.24410750031
0.05903552715 -0.00773184320 0.24398502905 3333.25316450346 0.00000000000 0.00000000000 0.00000000000 0.00000000000 0.00000000000 0.00000000000 0.24410750869
0.05903579553 -0.00772906051 0.24398512487 3333.19733242233 0.00000000000 0.00000000000 0.00000000000 0.00000000000 0.00000000000 0.00000000000 0.24410751634
0.05903603794 -0.00772627545 0.24398521999 3333.43137417651 0.00000000000 0.00000000000 0.00000000000 0.00000000000 0.00000000000 0.00000000000 0.24410752325
0.05903625437 -0.00772348824 0.24398531441 3333.37413852338 0.00000000000 0.00000000000 0.00000000000 0.00000000000 0.00000000000 0.00000000000 0.24410752942
0.05903644480 -0.00772069915 0.24398540811 3333.60969340425 0.00000000000 0.00000000000 0.00000000000 0.00000000000 0.00000000000 0.00000000000 0.24410753484
0.05903660920 -0.00771790840 0.24398550109 3333.56271937851 0.00000000000 0.00000000000 0.00000000000 0.00000000000 0.00000000000 0.00000000000 0.24410753952
0.05903674758 -0.00771511625 0.24398559333 3333.79821232574 0.00000000000 0.00000000000 0.00000000000 0.00000000000 0.00000000000 0.00000000000 0.24410754346
0.05903685991 -0.00771232293 0.24398568485 3333.62063699061 0.00000000000 0.00000000000 0.00000000000 0.00000000000 0.00000000000 0.00000000000 0.24410754666
0.05903694618 -0.00770952868 0.24398577562 3333.73346280914 0.00000000000 0.00000000000 0.00000000000 0.00000000000 0.00000000000 0.00000000000 0.24410754912
0.05903700639 -0.00770673375 0.24398586565 3334.13667324294 0.00000000000 0.00000000000 0.00000000000 0.00000000000 0.00000000000 0.00000000000 0.24410755085
0.05903704053 -0.00770393839 0.24398595493 3334.83002540708 0.00000000000 0.00000000000 0.00000000000 0.00000000000 0.00000000000 0.00000000000 0.24410755184
