VARIABLES=
"CoordinateX"
"CoordinateY"
"CoordinateZ"
"Kappa1"
"Kappa2"
"dy"
"dz"
"d2x"
"d2y"
"d2z"
"R"
ZONE T="Konrollpunkte"
I=101, J=1, K=1
0.05870564961 -0.00456262816 0.24405624945 0.00000000000 0.00000000000 0.00000000000 0.00000000000 0.00000000000 0.00000000000 0.00000000000 0.00000000000
0.05868245933 -0.00456691084 0.24405557494 0.00000000000 0.00000000000 0.00000000000 0.00000000000 0.00000000000 0.00000000000 0.00000000000 0.00000000000
0.05864774292 -0.00457321015 0.24405456715 0.00000000000 0.00000000000 0.00000000000 0.00000000000 0.00000000000 0.00000000000 0.00000000000 0.00000000000
0.05860145301 -0.00458138705 0.24405322731 0.00000000000 0.00000000000 0.00000000000 0.00000000000 0.00000000000 0.00000000000 0.00000000000 0.00000000000
0.05856674207 -0.00458740772 0.24405222452 0.00000000000 0.00000000000 0.00000000000 0.00000000000 0.00000000000 0.00000000000 0.00000000000 0.00000000000
0.05853201771 -0.00459332015 0.24405122328 0.00000000000 0.00000000000 0.00000000000 0.00000000000 0.00000000000 0.00000000000 0.00000000000 0.00000000000
0.05849727718 -0.00459912498 0.24405022350 0.00000000000 0.00000000000 0.00000000000 0.00000000000 0.00000000000 0.00000000000 0.00000000000 0.00000000000
0.05846252012 -0.00460482243 0.24404922519 0.00000000000 0.00000000000 0.00000000000 0.00000000000 0.00000000000 0.00000000000 0.00000000000 0.00000000000
0.05842774673 -0.00461041265 0.24404822835 0.00000000000 0.00000000000 0.00000000000 0.00000000000 0.00000000000 0.00000000000 0.00000000000 0.00000000000
0.05839295723 -0.00461589576 0.24404723299 0.00000000000 0.00000000000 0.00000000000 0.00000000000 0.00000000000 0.00000000000 0.00000000000 0.00000000000
0.05835815180 -0.00462127189 0.24404623913 0.00000000000 0.00000000000 0.00000000000 0.00000000000 0.00000000000 0.00000000000 0.00000000000 0.00000000000
0.05832333063 -0.00462654120 0.24404524677 0.00000000000 0.00000000000 0.00000000000 0.00000000000 0.00000000000 0.00000000000 0.00000000000 0.00000000000
0.05828849393 -0.00463170380 0.24404425592 0.00000000000 0.00000000000 0.00000000000 0.00000000000 0.00000000000 0.00000000000 0.00000000000 0.00000000000
0.05825364202 -0.00463675983 0.24404326660 0.00000000000 0.00000000000 0.00000000000 0.00000000000 0.00000000000 0.00000000000 0.00000000000 0.00000000000
0.05821877527 -0.00464170937 0.24404227882 0.00000000000 0.00000000000 0.00000000000 0.00000000000 0.00000000000 0.00000000000 0.00000000000 0.00000000000
0.05818389407 -0.00464655256 0.24404129259 0.00000000000 0.00000000000 0.00000000000 0.00000000000 0.00000000000 0.00000000000 0.00000000000 0.00000000000
0.05814899879 -0.00465128958 0.24404030793 0.00000000000 0.00000000000 0.00000000000 0.00000000000 0.00000000000 0.00000000000 0.00000000000 0.00000000000
0.05811408969 -0.00465592036 0.24403932484 0.00000000000 0.00000000000 0.00000000000 0.00000000000 0.00000000000 0.00000000000 0.00000000000 0.00000000000
0.05807916693 -0.00466044481 0.24403834335 0.00000000000 0.00000000000 0.00000000000 0.00000000000 0.00000000000 0.00000000000 0.00000000000 0.00000000000
0.05804423068 -0.00466486273 0.24403736347 0.00000000000 0.00000000000 0.00000000000 0.00000000000 0.00000000000 0.00000000000 0.00000000000 0.00000000000
0.05800928115 -0.00466917360 0.24403638521 0.00000000000 0.00000000000 0.00000000000 0.00000000000 0.00000000000 0.00000000000 0.00000000000 0.00000000000
0.05797431863 -0.00467337681 0.24403540860 0.00000000000 0.00000000000 0.00000000000 0.00000000000 0.00000000000 0.00000000000 0.00000000000 0.00000000000
0.05793934355 -0.00467747165 0.24403443368 0.00000000000 0.00000000000 0.00000000000 0.00000000000 0.00000000000 0.00000000000 0.00000000000 0.00000000000
0.05790435644 -0.00468145736 0.24403346047 0.00000000000 0.00000000000 0.00000000000 0.00000000000 0.00000000000 0.00000000000 0.00000000000 0.00000000000
0.05786935778 -0.00468533311 0.24403248901 0.00000000000 0.00000000000 0.00000000000 0.00000000000 0.00000000000 0.00000000000 0.00000000000 0.00000000000
0.05783434789 -0.00468909807 0.24403151933 0.00000000000 0.00000000000 0.00000000000 0.00000000000 0.00000000000 0.00000000000 0.00000000000 0.00000000000
0.05779932691 -0.00469275144 0.24403055146 0.00000000000 0.00000000000 0.00000000000 0.00000000000 0.00000000000 0.00000000000 0.00000000000 0.00000000000
0.05776429483 -0.00469629231 0.24402958541 0.00000000000 0.00000000000 0.00000000000 0.00000000000 0.00000000000 0.00000000000 0.00000000000 0.00000000000
0.05772925162 -0.00469971953 0.24402862121 0.00000000000 0.00000000000 0.00000000000 0.00000000000 0.00000000000 0.00000000000 0.00000000000 0.00000000000
0.05769419731 -0.00470303194 0.24402765889 0.00000000000 0.00000000000 0.00000000000 0.00000000000 0.00000000000 0.00000000000 0.00000000000 0.00000000000
0.05765913211 -0.00470622816 0.24402669848 0.00000000000 0.00000000000 0.00000000000 0.00000000000 0.00000000000 0.00000000000 0.00000000000 0.00000000000
0.05762405631 -0.00470930672 0.24402574004 0.00000000000 0.00000000000 0.00000000000 0.00000000000 0.00000000000 0.00000000000 0.00000000000 0.00000000000
0.05758897020 -0.00471226611 0.24402478359 0.00000000000 0.00000000000 0.00000000000 0.00000000000 0.00000000000 0.00000000000 0.00000000000 0.00000000000
0.05755387402 -0.00471510485 0.24402382918 0.00000000000 0.00000000000 0.00000000000 0.00000000000 0.00000000000 0.00000000000 0.00000000000 0.00000000000
0.05751876796 -0.00471782142 0.24402287684 0.00000000000 0.00000000000 0.00000000000 0.00000000000 0.00000000000 0.00000000000 0.00000000000 0.00000000000
0.05748365220 -0.00472041432 0.24402192661 0.00000000000 0.00000000000 0.00000000000 0.00000000000 0.00000000000 0.00000000000 0.00000000000 0.00000000000
0.05744852695 -0.00472288207 0.24402097854 0.00000000000 0.00000000000 0.00000000000 0.00000000000 0.00000000000 0.00000000000 0.00000000000 0.00000000000
0.05741339254 -0.00472522314 0.24402003266 0.00000000000 0.00000000000 0.00000000000 0.00000000000 0.00000000000 0.00000000000 0.00000000000 0.00000000000
0.05737824938 -0.00472743605 0.24401908902 0.00000000000 0.00000000000 0.00000000000 0.00000000000 0.00000000000 0.00000000000 0.00000000000 0.00000000000
0.05734309795 -0.00472951928 0.24401814765 0.00000000000 0.00000000000 0.00000000000 0.00000000000 0.00000000000 0.00000000000 0.00000000000 0.00000000000
0.05730793870 -0.00473147133 0.24401720862 0.00000000000 0.00000000000 0.00000000000 0.00000000000 0.00000000000 0.00000000000 0.00000000000 0.00000000000
0.05727277200 -0.00473329071 0.24401627194 0.00000000000 0.00000000000 0.00000000000 0.00000000000 0.00000000000 0.00000000000 0.00000000000 0.00000000000
0.05723759817 -0.00473497592 0.24401533768 0.00000000000 0.00000000000 0.00000000000 0.00000000000 0.00000000000 0.00000000000 0.00000000000 0.00000000000
0.05720241750 -0.00473652548 0.24401440586 0.00000000000 0.00000000000 0.00000000000 0.00000000000 0.00000000000 0.00000000000 0.00000000000 0.00000000000
0.05716723032 -0.00473793789 0.24401347653 0.00000000000 0.00000000000 0.00000000000 0.00000000000 0.00000000000 0.00000000000 0.00000000000 0.00000000000
0.05713203702 -0.00473921168 0.24401254972 0.00000000000 0.00000000000 0.00000000000 0.00000000000 0.00000000000 0.00000000000 0.00000000000 0.00000000000
0.05709683812 -0.00474034539 0.24401162549 0.00000000000 0.00000000000 0.00000000000 0.00000000000 0.00000000000 0.00000000000 0.00000000000 0.00000000000
0.05706163420 -0.00474133759 0.24401070387 0.00000000000 0.00000000000 0.00000000000 0.00000000000 0.00000000000 0.00000000000 0.00000000000 0.00000000000
0.05702642585 -0.00474218685 0.24400978491 0.00000000000 0.00000000000 0.00000000000 0.00000000000 0.00000000000 0.00000000000 0.00000000000 0.00000000000
0.05699121359 -0.00474289174 0.24400886866 0.00000000000 0.00000000000 0.00000000000 0.00000000000 0.00000000000 0.00000000000 0.00000000000 0.00000000000
0.05695599789 -0.00474345091 0.24400795514 0.00000000000 0.00000000000 0.00000000000 0.00000000000 0.00000000000 0.00000000000 0.00000000000 0.00000000000
0.05692077919 -0.00474386295 0.24400704441 0.00000000000 0.00000000000 0.00000000000 0.00000000000 0.00000000000 0.00000000000 0.00000000000 0.00000000000
0.05688555795 -0.00474412642 0.24400613650 0.00000000000 0.00000000000 0.00000000000 0.00000000000 0.00000000000 0.00000000000 0.00000000000 0.00000000000
0.05685033480 -0.00474424018 0.24400523146 0.00000000000 0.00000000000 0.00000000000 0.00000000000 0.00000000000 0.00000000000 0.00000000000 0.00000000000
0.05681511063 -0.00474420329 0.24400432931 0.00000000000 0.00000000000 0.00000000000 0.00000000000 0.00000000000 0.00000000000 0.00000000000 0.00000000000
0.05677988650 -0.00474401496 0.24400343012 0.00000000000 0.00000000000 0.00000000000 0.00000000000 0.00000000000 0.00000000000 0.00000000000 0.00000000000
0.05674466354 -0.00474367513 0.24400253389 0.00000000000 0.00000000000 0.00000000000 0.00000000000 0.00000000000 0.00000000000 0.00000000000 0.00000000000
0.05670944275 -0.00474318447 0.24400164066 0.00000000000 0.00000000000 0.00000000000 0.00000000000 0.00000000000 0.00000000000 0.00000000000 0.00000000000
0.05667422493 -0.00474254360 0.24400075042 0.00000000000 0.00000000000 0.00000000000 0.00000000000 0.00000000000 0.00000000000 0.00000000000 0.00000000000
0.05663901037 -0.00474175350 0.24399986316 0.00000000000 0.00000000000 0.00000000000 0.00000000000 0.00000000000 0.00000000000 0.00000000000 0.00000000000
0.05660379913 -0.00474081514 0.24399897886 0.00000000000 0.00000000000 0.00000000000 0.00000000000 0.00000000000 0.00000000000 0.00000000000 0.00000000000
0.05656859132 -0.00473972982 0.24399809751 0.00000000000 0.00000000000 0.00000000000 0.00000000000 0.00000000000 0.00000000000 0.00000000000 0.00000000000
0.05653338726 -0.00473849840 0.24399721908 0.00000000000 0.00000000000 0.00000000000 0.00000000000 0.00000000000 0.00000000000 0.00000000000 0.00000000000
0.05649818759 -0.00473712225 0.24399634357 0.00000000000 0.00000000000 0.00000000000 0.00000000000 0.00000000000 0.00000000000 0.00000000000 0.00000000000
0.05646299344 -0.00473560359 0.24399547096 0.00000000000 0.00000000000 0.00000000000 0.00000000000 0.00000000000 0.00000000000 0.00000000000 0.00000000000
0.05642780612 -0.00473394502 0.24399460123 0.00000000000 0.00000000000 0.00000000000 0.00000000000 0.00000000000 0.00000000000 0.00000000000 0.00000000000
0.05639262674 -0.00473214969 0.24399373434 0.00000000000 0.00000000000 0.00000000000 0.00000000000 0.00000000000 0.00000000000 0.00000000000 0.00000000000
0.05635745589 -0.00473022147 0.24399287024 0.00000000000 0.00000000000 0.00000000000 0.00000000000 0.00000000000 0.00000000000 0.00000000000 0.00000000000
0.05632229377 -0.00472816461 0.24399200883 0.00000000000 0.00000000000 0.00000000000 0.00000000000 0.00000000000 0.00000000000 0.00000000000 0.00000000000
0.05628714032 -0.00472598333 0.24399115005 0.00000000000 0.00000000000 0.00000000000 0.00000000000 0.00000000000 0.00000000000 0.00000000000 0.00000000000
0.05625199536 -0.00472368191 0.24399029379 0.00000000000 0.00000000000 0.00000000000 0.00000000000 0.00000000000 0.00000000000 0.00000000000 0.00000000000
0.05621685868 -0.00472126470 0.24398943995 0.00000000000 0.00000000000 0.00000000000 0.00000000000 0.00000000000 0.00000000000 0.00000000000 0.00000000000
0.05618173019 -0.00471873604 0.24398858846 0.00000000000 0.00000000000 0.00000000000 0.00000000000 0.00000000000 0.00000000000 0.00000000000 0.00000000000
0.05614660796 -0.00471610028 0.24398781609 0.00000000000 0.00000000000 0.00000000000 0.00000000000 0.00000000000 0.00000000000 0.00000000000 0.00000000000
0.05611149300 -0.00471336182 0.24398707868 0.00000000000 0.00000000000 0.00000000000 0.00000000000 0.00000000000 0.00000000000 0.00000000000 0.00000000000
0.05607638601 -0.00471052507 0.24398634332 0.00000000000 0.00000000000 0.00000000000 0.00000000000 0.00000000000 0.00000000000 0.00000000000 0.00000000000
0.05604128692 -0.00470759445 0.24398560991 0.00000000000 0.00000000000 0.00000000000 0.00000000000 0.00000000000 0.00000000000 0.00000000000 0.00000000000
0.05600619560 -0.00470457441 0.24398487837 0.00000000000 0.00000000000 0.00000000000 0.00000000000 0.00000000000 0.00000000000 0.00000000000 0.00000000000
0.05597111196 -0.00470146942 0.24398414860 0.00000000000 0.00000000000 0.00000000000 0.00000000000 0.00000000000 0.00000000000 0.00000000000 0.00000000000
0.05593603589 -0.00469828395 0.24398342051 0.00000000000 0.00000000000 0.00000000000 0.00000000000 0.00000000000 0.00000000000 0.00000000000 0.00000000000
0.05590096728 -0.00469502251 0.24398269401 0.00000000000 0.00000000000 0.00000000000 0.00000000000 0.00000000000 0.00000000000 0.00000000000 0.00000000000
0.05586590597 -0.00469168960 0.24398196901 0.00000000000 0.00000000000 0.00000000000 0.00000000000 0.00000000000 0.00000000000 0.00000000000 0.00000000000
0.05583085175 -0.00468828966 0.24398124541 0.00000000000 0.00000000000 0.00000000000 0.00000000000 0.00000000000 0.00000000000 0.00000000000 0.00000000000
0.05579580431 -0.00468482711 0.24398052311 0.00000000000 0.00000000000 0.00000000000 0.00000000000 0.00000000000 0.00000000000 0.00000000000 0.00000000000
0.05576076337 -0.00468130634 0.24397980203 0.00000000000 0.00000000000 0.00000000000 0.00000000000 0.00000000000 0.00000000000 0.00000000000 0.00000000000
0.05572572892 -0.00467773168 0.24397908208 0.00000000000 0.00000000000 0.00000000000 0.00000000000 0.00000000000 0.00000000000 0.00000000000 0.00000000000
0.05569070201 -0.00467410752 0.24397836320 0.00000000000 0.00000000000 0.00000000000 0.00000000000 0.00000000000 0.00000000000 0.00000000000 0.00000000000
0.05565568679 -0.00467043863 0.24397764538 0.00000000000 0.00000000000 0.00000000000 0.00000000000 0.00000000000 0.00000000000 0.00000000000 0.00000000000
0.05562069412 -0.00466673062 0.24397692876 0.00000000000 0.00000000000 0.00000000000 0.00000000000 0.00000000000 0.00000000000 0.00000000000 0.00000000000
0.05558574503 -0.00466299004 0.24397621369 0.00000000000 0.00000000000 0.00000000000 0.00000000000 0.00000000000 0.00000000000 0.00000000000 0.00000000000
0.05555087029 -0.00465922442 0.24397550072 0.00000000000 0.00000000000 0.00000000000 0.00000000000 0.00000000000 0.00000000000 0.00000000000 0.00000000000
0.05551610084 -0.00465544137 0.24397479039 0.00000000000 0.00000000000 0.00000000000 0.00000000000 0.00000000000 0.00000000000 0.00000000000 0.00000000000
0.05548144976 -0.00465164566 0.24397408290 0.00000000000 0.00000000000 0.00000000000 0.00000000000 0.00000000000 0.00000000000 0.00000000000 0.00000000000
0.05544689447 -0.00464783723 0.24397337776 0.00000000000 0.00000000000 0.00000000000 0.00000000000 0.00000000000 0.00000000000 0.00000000000 0.00000000000
0.05541237694 -0.00464401169 0.24397267373 0.00000000000 0.00000000000 0.00000000000 0.00000000000 0.00000000000 0.00000000000 0.00000000000 0.00000000000
0.05537783940 -0.00464016326 0.24397196963 0.00000000000 0.00000000000 0.00000000000 0.00000000000 0.00000000000 0.00000000000 0.00000000000 0.00000000000
0.05534328411 -0.00463629180 0.24397126551 0.00000000000 0.00000000000 0.00000000000 0.00000000000 0.00000000000 0.00000000000 0.00000000000 0.00000000000
0.05530885150 -0.00463241393 0.24397056420 0.00000000000 0.00000000000 0.00000000000 0.00000000000 0.00000000000 0.00000000000 0.00000000000 0.00000000000
0.05526359198 -0.00462729199 0.24396964276 0.00000000000 0.00000000000 0.00000000000 0.00000000000 0.00000000000 0.00000000000 0.00000000000 0.00000000000
0.05523027332 -0.00462348991 0.24396896495 0.00000000000 0.00000000000 0.00000000000 0.00000000000 0.00000000000 0.00000000000 0.00000000000 0.00000000000
0.05520814159 -0.00462094408 0.24396851507 0.00000000000 0.00000000000 0.00000000000 0.00000000000 0.00000000000 0.00000000000 0.00000000000 0.00000000000
ZONE T="NURB"
I=201, J=1, K=1
0.05870564961 -0.00456262816 0.24405624945 87.95993488395 0.00000000000 0.00000000000 0.00000000000 0.00000000000 0.00000000000 0.00000000000 0.24409889486
0.05868830534 -0.00456581730 0.24405574522 88.08183042878 0.00000000000 0.00000000000 0.00000000000 0.00000000000 0.00000000000 0.00000000000 0.24409845035
0.05867097153 -0.00456897668 0.24405524179 88.12284428098 0.00000000000 0.00000000000 0.00000000000 0.00000000000 0.00000000000 0.00000000000 0.24409800612
0.05865364423 -0.00457210708 0.24405473903 88.08261200545 0.00000000000 0.00000000000 0.00000000000 0.00000000000 0.00000000000 0.00000000000 0.24409756207
0.05863631949 -0.00457520927 0.24405423684 87.96102196907 0.00000000000 0.00000000000 0.00000000000 0.00000000000 0.00000000000 0.00000000000 0.24409711809
0.05861899382 -0.00457828392 0.24405373510 87.92972016204 0.00000000000 0.00000000000 0.00000000000 0.00000000000 0.00000000000 0.00000000000 0.24409667409
0.05860166566 -0.00458133135 0.24405323378 87.87718025711 0.00000000000 0.00000000000 0.00000000000 0.00000000000 0.00000000000 0.00000000000 0.24409623003
0.05858433404 -0.00458435175 0.24405273283 87.81586054467 0.00000000000 0.00000000000 0.00000000000 0.00000000000 0.00000000000 0.00000000000 0.24409578588
0.05856699848 -0.00458734523 0.24405223224 87.74656834800 0.00000000000 0.00000000000 0.00000000000 0.00000000000 0.00000000000 0.00000000000 0.24409534162
0.05854965867 -0.00459031187 0.24405173202 87.68762797433 0.00000000000 0.00000000000 0.00000000000 0.00000000000 0.00000000000 0.00000000000 0.24409489725
0.05853231451 -0.00459325169 0.24405123215 87.62762700370 0.00000000000 0.00000000000 0.00000000000 0.00000000000 0.00000000000 0.00000000000 0.24409445277
0.05851496600 -0.00459616474 0.24405073264 87.56546345979 0.00000000000 0.00000000000 0.00000000000 0.00000000000 0.00000000000 0.00000000000 0.24409400818
0.05849761315 -0.00459905101 0.24405023348 87.50336360214 0.00000000000 0.00000000000 0.00000000000 0.00000000000 0.00000000000 0.00000000000 0.24409356348
0.05848025601 -0.00460191053 0.24404973469 87.44192287409 0.00000000000 0.00000000000 0.00000000000 0.00000000000 0.00000000000 0.00000000000 0.24409311867
0.05846289463 -0.00460474331 0.24404923626 87.38072494652 0.00000000000 0.00000000000 0.00000000000 0.00000000000 0.00000000000 0.00000000000 0.24409267375
0.05844552904 -0.00460754936 0.24404873819 87.31868168008 0.00000000000 0.00000000000 0.00000000000 0.00000000000 0.00000000000 0.00000000000 0.24409222872
0.05842815928 -0.00461032869 0.24404824049 87.25666485067 0.00000000000 0.00000000000 0.00000000000 0.00000000000 0.00000000000 0.00000000000 0.24409178359
0.05841078540 -0.00461308132 0.24404774315 87.19392155729 0.00000000000 0.00000000000 0.00000000000 0.00000000000 0.00000000000 0.00000000000 0.24409133835
0.05839340741 -0.00461580726 0.24404724618 87.13111236265 0.00000000000 0.00000000000 0.00000000000 0.00000000000 0.00000000000 0.00000000000 0.24409089300
0.05837602537 -0.00461850653 0.24404674959 87.06796888240 0.00000000000 0.00000000000 0.00000000000 0.00000000000 0.00000000000 0.00000000000 0.24409044755
0.05835863928 -0.00462117914 0.24404625336 87.00476141198 0.00000000000 0.00000000000 0.00000000000 0.00000000000 0.00000000000 0.00000000000 0.24409000200
0.05834124919 -0.00462382512 0.24404575751 86.94124795049 0.00000000000 0.00000000000 0.00000000000 0.00000000000 0.00000000000 0.00000000000 0.24408955634
0.05832385514 -0.00462644447 0.24404526203 86.87776598337 0.00000000000 0.00000000000 0.00000000000 0.00000000000 0.00000000000 0.00000000000 0.24408911059
0.05830645715 -0.00462903720 0.24404476693 86.81386855870 0.00000000000 0.00000000000 0.00000000000 0.00000000000 0.00000000000 0.00000000000 0.24408866473
0.05828905527 -0.00463160334 0.24404427220 86.75012468620 0.00000000000 0.00000000000 0.00000000000 0.00000000000 0.00000000000 0.00000000000 0.24408821877
0.05827164954 -0.00463414290 0.24404377785 86.68694786013 0.00000000000 0.00000000000 0.00000000000 0.00000000000 0.00000000000 0.00000000000 0.24408777271
0.05825424001 -0.00463665589 0.24404328389 86.62402752631 0.00000000000 0.00000000000 0.00000000000 0.00000000000 0.00000000000 0.00000000000 0.24408732656
0.05823682672 -0.00463914232 0.24404279030 86.55858619151 0.00000000000 0.00000000000 0.00000000000 0.00000000000 0.00000000000 0.00000000000 0.24408688031
0.05821940972 -0.00464160221 0.24404229710 86.49331406537 0.00000000000 0.00000000000 0.00000000000 0.00000000000 0.00000000000 0.00000000000 0.24408643397
0.05820198905 -0.00464403558 0.24404180429 86.39807145476 0.00000000000 0.00000000000 0.00000000000 0.00000000000 0.00000000000 0.00000000000 0.24408598753
0.05818456477 -0.00464644244 0.24404131186 86.30195250861 0.00000000000 0.00000000000 0.00000000000 0.00000000000 0.00000000000 0.00000000000 0.24408554099
0.05816713691 -0.00464882282 0.24404081982 86.31921691197 0.00000000000 0.00000000000 0.00000000000 0.00000000000 0.00000000000 0.00000000000 0.24408509437
0.05814970552 -0.00465117670 0.24404032818 86.34113523928 0.00000000000 0.00000000000 0.00000000000 0.00000000000 0.00000000000 0.00000000000 0.24408464766
0.05813227063 -0.00465350408 0.24403983692 86.36006392093 0.00000000000 0.00000000000 0.00000000000 0.00000000000 0.00000000000 0.00000000000 0.24408420085
0.05811483227 -0.00465580496 0.24403934606 86.37884205034 0.00000000000 0.00000000000 0.00000000000 0.00000000000 0.00000000000 0.00000000000 0.24408375396
0.05809739047 -0.00465807931 0.24403885560 86.45831430331 0.00000000000 0.00000000000 0.00000000000 0.00000000000 0.00000000000 0.00000000000 0.24408330698
0.05807994525 -0.00466032711 0.24403836554 86.54049455116 0.00000000000 0.00000000000 0.00000000000 0.00000000000 0.00000000000 0.00000000000 0.24408285991
0.05806249665 -0.00466254833 0.24403787587 86.72585958584 0.00000000000 0.00000000000 0.00000000000 0.00000000000 0.00000000000 0.00000000000 0.24408241276
0.05804504468 -0.00466474291 0.24403738661 86.91615887314 0.00000000000 0.00000000000 0.00000000000 0.00000000000 0.00000000000 0.00000000000 0.24408196551
0.05802758939 -0.00466691079 0.24403689775 87.14945540993 0.00000000000 0.00000000000 0.00000000000 0.00000000000 0.00000000000 0.00000000000 0.24408151819
0.05801013079 -0.00466905189 0.24403640930 87.38509938195 0.00000000000 0.00000000000 0.00000000000 0.00000000000 0.00000000000 0.00000000000 0.24408107078
0.05799266893 -0.00467116613 0.24403592127 87.64065682990 0.00000000000 0.00000000000 0.00000000000 0.00000000000 0.00000000000 0.00000000000 0.24408062328
0.05797520386 -0.00467325343 0.24403543364 87.89766911864 0.00000000000 0.00000000000 0.00000000000 0.00000000000 0.00000000000 0.00000000000 0.24408017570
0.05795773560 -0.00467531371 0.24403494644 88.18607585254 0.00000000000 0.00000000000 0.00000000000 0.00000000000 0.00000000000 0.00000000000 0.24407972804
0.05794026422 -0.00467734686 0.24403445966 88.47676229042 0.00000000000 0.00000000000 0.00000000000 0.00000000000 0.00000000000 0.00000000000 0.24407928031
0.05792278977 -0.00467935279 0.24403397330 88.78393258697 0.00000000000 0.00000000000 0.00000000000 0.00000000000 0.00000000000 0.00000000000 0.24407883249
0.05790531230 -0.00468133141 0.24403348738 89.09257858315 0.00000000000 0.00000000000 0.00000000000 0.00000000000 0.00000000000 0.00000000000 0.24407838459
0.05788783184 -0.00468328260 0.24403300189 89.41172734914 0.00000000000 0.00000000000 0.00000000000 0.00000000000 0.00000000000 0.00000000000 0.24407793662
0.05787034846 -0.00468520627 0.24403251683 89.73177833534 0.00000000000 0.00000000000 0.00000000000 0.00000000000 0.00000000000 0.00000000000 0.24407748857
0.05785286217 -0.00468710232 0.24403203222 90.05207618710 0.00000000000 0.00000000000 0.00000000000 0.00000000000 0.00000000000 0.00000000000 0.24407704045
0.05783537301 -0.00468897064 0.24403154805 90.37241185761 0.00000000000 0.00000000000 0.00000000000 0.00000000000 0.00000000000 0.00000000000 0.24407659226
0.05781788099 -0.00469081112 0.24403106433 90.73158200181 0.00000000000 0.00000000000 0.00000000000 0.00000000000 0.00000000000 0.00000000000 0.24407614399
0.05780038613 -0.00469262367 0.24403058106 91.09303161166 0.00000000000 0.00000000000 0.00000000000 0.00000000000 0.00000000000 0.00000000000 0.24407569565
0.05778288846 -0.00469440815 0.24403009824 91.55711604609 0.00000000000 0.00000000000 0.00000000000 0.00000000000 0.00000000000 0.00000000000 0.24407524724
0.05776538796 -0.00469616443 0.24402961588 92.02762156571 0.00000000000 0.00000000000 0.00000000000 0.00000000000 0.00000000000 0.00000000000 0.24407479875
0.05774788467 -0.00469789236 0.24402913398 92.49150310629 0.00000000000 0.00000000000 0.00000000000 0.00000000000 0.00000000000 0.00000000000 0.24407435020
0.05773037858 -0.00469959180 0.24402865255 92.95489237654 0.00000000000 0.00000000000 0.00000000000 0.00000000000 0.00000000000 0.00000000000 0.24407390157
0.05771286973 -0.00470126260 0.24402817158 93.48829705473 0.00000000000 0.00000000000 0.00000000000 0.00000000000 0.00000000000 0.00000000000 0.24407345287
0.05769535814 -0.00470290459 0.24402769109 94.02673867760 0.00000000000 0.00000000000 0.00000000000 0.00000000000 0.00000000000 0.00000000000 0.24407300410
0.05767784384 -0.00470451760 0.24402721108 94.61064773307 0.00000000000 0.00000000000 0.00000000000 0.00000000000 0.00000000000 0.00000000000 0.24407255526
0.05766032686 -0.00470610144 0.24402673154 95.19813524384 0.00000000000 0.00000000000 0.00000000000 0.00000000000 0.00000000000 0.00000000000 0.24407210635
0.05764280724 -0.00470765594 0.24402625250 95.78694272727 0.00000000000 0.00000000000 0.00000000000 0.00000000000 0.00000000000 0.00000000000 0.24407165738
0.05762528502 -0.00470918090 0.24402577395 96.37616330731 0.00000000000 0.00000000000 0.00000000000 0.00000000000 0.00000000000 0.00000000000 0.24407120834
0.05760776024 -0.00471067613 0.24402529590 96.96684386088 0.00000000000 0.00000000000 0.00000000000 0.00000000000 0.00000000000 0.00000000000 0.24407075923
0.05759023292 -0.00471214146 0.24402481835 97.55784705718 0.00000000000 0.00000000000 0.00000000000 0.00000000000 0.00000000000 0.00000000000 0.24407031005
0.05757270311 -0.00471357670 0.24402434132 98.15583057319 0.00000000000 0.00000000000 0.00000000000 0.00000000000 0.00000000000 0.00000000000 0.24406986082
0.05755517083 -0.00471498165 0.24402386479 98.75446054361 0.00000000000 0.00000000000 0.00000000000 0.00000000000 0.00000000000 0.00000000000 0.24406941152
0.05753763611 -0.00471635613 0.24402338878 99.35072582906 0.00000000000 0.00000000000 0.00000000000 0.00000000000 0.00000000000 0.00000000000 0.24406896216
0.05752009898 -0.00471769996 0.24402291330 99.94684990998 0.00000000000 0.00000000000 0.00000000000 0.00000000000 0.00000000000 0.00000000000 0.24406851273
0.05750255947 -0.00471901293 0.24402243834 100.53977018589 0.00000000000 0.00000000000 0.00000000000 0.00000000000 0.00000000000 0.00000000000 0.24406806325
0.05748501761 -0.00472029488 0.24402196392 101.13253644688 0.00000000000 0.00000000000 0.00000000000 0.00000000000 0.00000000000 0.00000000000 0.24406761370
0.05746747344 -0.00472154561 0.24402149003 101.72679932870 0.00000000000 0.00000000000 0.00000000000 0.00000000000 0.00000000000 0.00000000000 0.24406716410
0.05744992699 -0.00472276493 0.24402101669 102.32145990968 0.00000000000 0.00000000000 0.00000000000 0.00000000000 0.00000000000 0.00000000000 0.24406671443
0.05743237831 -0.00472395265 0.24402054390 102.91227349656 0.00000000000 0.00000000000 0.00000000000 0.00000000000 0.00000000000 0.00000000000 0.24406626471
0.05741482744 -0.00472510860 0.24402007166 103.50317856460 0.00000000000 0.00000000000 0.00000000000 0.00000000000 0.00000000000 0.00000000000 0.24406581494
0.05739727445 -0.00472623258 0.24401959997 104.09439964816 0.00000000000 0.00000000000 0.00000000000 0.00000000000 0.00000000000 0.00000000000 0.24406536511
0.05737971937 -0.00472732440 0.24401912886 104.68612905236 0.00000000000 0.00000000000 0.00000000000 0.00000000000 0.00000000000 0.00000000000 0.24406491522
0.05736216227 -0.00472838388 0.24401865831 105.27704603961 0.00000000000 0.00000000000 0.00000000000 0.00000000000 0.00000000000 0.00000000000 0.24406446529
0.05734460320 -0.00472941083 0.24401818834 105.86831107002 0.00000000000 0.00000000000 0.00000000000 0.00000000000 0.00000000000 0.00000000000 0.24406401530
0.05732704222 -0.00473040507 0.24401771894 106.46071698678 0.00000000000 0.00000000000 0.00000000000 0.00000000000 0.00000000000 0.00000000000 0.24406356527
0.05730947937 -0.00473136640 0.24401725014 107.05351530609 0.00000000000 0.00000000000 0.00000000000 0.00000000000 0.00000000000 0.00000000000 0.24406311518
0.05729191470 -0.00473229465 0.24401678192 107.64505793365 0.00000000000 0.00000000000 0.00000000000 0.00000000000 0.00000000000 0.00000000000 0.24406266505
0.05727434827 -0.00473318962 0.24401631431 108.23663590939 0.00000000000 0.00000000000 0.00000000000 0.00000000000 0.00000000000 0.00000000000 0.24406221488
0.05725678011 -0.00473405113 0.24401584729 108.82699301780 0.00000000000 0.00000000000 0.00000000000 0.00000000000 0.00000000000 0.00000000000 0.24406176466
0.05723921026 -0.00473487899 0.24401538088 109.41733165743 0.00000000000 0.00000000000 0.00000000000 0.00000000000 0.00000000000 0.00000000000 0.24406131440
0.05722163878 -0.00473567303 0.24401491508 110.00873153990 0.00000000000 0.00000000000 0.00000000000 0.00000000000 0.00000000000 0.00000000000 0.24406086409
0.05720406571 -0.00473643305 0.24401444990 110.60037956592 0.00000000000 0.00000000000 0.00000000000 0.00000000000 0.00000000000 0.00000000000 0.24406041375
0.05718649110 -0.00473715886 0.24401398534 111.18690845862 0.00000000000 0.00000000000 0.00000000000 0.00000000000 0.00000000000 0.00000000000 0.24405996336
0.05716891501 -0.00473785029 0.24401352141 111.77316696380 0.00000000000 0.00000000000 0.00000000000 0.00000000000 0.00000000000 0.00000000000 0.24405951294
0.05715133748 -0.00473850715 0.24401305811 112.34623053604 0.00000000000 0.00000000000 0.00000000000 0.00000000000 0.00000000000 0.00000000000 0.24405906248
0.05713375858 -0.00473912925 0.24401259545 112.91831822099 0.00000000000 0.00000000000 0.00000000000 0.00000000000 0.00000000000 0.00000000000 0.24405861199
0.05711617838 -0.00473971643 0.24401213343 113.48633849565 0.00000000000 0.00000000000 0.00000000000 0.00000000000 0.00000000000 0.00000000000 0.24405816146
0.05709859694 -0.00474026849 0.24401167206 114.05446692397 0.00000000000 0.00000000000 0.00000000000 0.00000000000 0.00000000000 0.00000000000 0.24405771090
0.05708101434 -0.00474078527 0.24401121135 114.61931073430 0.00000000000 0.00000000000 0.00000000000 0.00000000000 0.00000000000 0.00000000000 0.24405726031
0.05706343064 -0.00474126658 0.24401075130 115.18430358012 0.00000000000 0.00000000000 0.00000000000 0.00000000000 0.00000000000 0.00000000000 0.24405680969
0.05704584592 -0.00474171225 0.24401029191 115.74495876020 0.00000000000 0.00000000000 0.00000000000 0.00000000000 0.00000000000 0.00000000000 0.24405635905
0.05702826025 -0.00474212209 0.24400983319 116.30548526216 0.00000000000 0.00000000000 0.00000000000 0.00000000000 0.00000000000 0.00000000000 0.24405590838
0.05701067368 -0.00474249594 0.24400937515 116.85570187148 0.00000000000 0.00000000000 0.00000000000 0.00000000000 0.00000000000 0.00000000000 0.24405545769
0.05699308629 -0.00474283363 0.24400891779 117.40499727832 0.00000000000 0.00000000000 0.00000000000 0.00000000000 0.00000000000 0.00000000000 0.24405500698
0.05697549815 -0.00474313497 0.24400846111 117.95157330474 0.00000000000 0.00000000000 0.00000000000 0.00000000000 0.00000000000 0.00000000000 0.24405455625
0.05695790930 -0.00474339981 0.24400800513 118.49800247768 0.00000000000 0.00000000000 0.00000000000 0.00000000000 0.00000000000 0.00000000000 0.24405410550
0.05694031982 -0.00474362796 0.24400754984 119.07674337266 0.00000000000 0.00000000000 0.00000000000 0.00000000000 0.00000000000 0.00000000000 0.24405365473
0.05692272977 -0.00474381925 0.24400709526 119.65953420163 0.00000000000 0.00000000000 0.00000000000 0.00000000000 0.00000000000 0.00000000000 0.24405320395
0.05690513922 -0.00474397351 0.24400664138 120.12383233344 0.00000000000 0.00000000000 0.00000000000 0.00000000000 0.00000000000 0.00000000000 0.24405275316
0.05688754822 -0.00474409057 0.24400618822 120.57380138844 0.00000000000 0.00000000000 0.00000000000 0.00000000000 0.00000000000 0.00000000000 0.24405230235
0.05686995687 -0.00474417031 0.24400573577 120.94910332397 0.00000000000 0.00000000000 0.00000000000 0.00000000000 0.00000000000 0.00000000000 0.24405185154
0.05685236525 -0.00474421260 0.24400528404 121.31582987578 0.00000000000 0.00000000000 0.00000000000 0.00000000000 0.00000000000 0.00000000000 0.24405140072
0.05683477346 -0.00474421734 0.24400483304 121.63994097939 0.00000000000 0.00000000000 0.00000000000 0.00000000000 0.00000000000 0.00000000000 0.24405094989
0.05681718162 -0.00474418441 0.24400438277 121.95969658868 0.00000000000 0.00000000000 0.00000000000 0.00000000000 0.00000000000 0.00000000000 0.24405049907
0.05679958983 -0.00474411373 0.24400393323 122.02120972918 0.00000000000 0.00000000000 0.00000000000 0.00000000000 0.00000000000 0.00000000000 0.24405004824
0.05678199820 -0.00474400527 0.24400348443 122.04951715512 0.00000000000 0.00000000000 0.00000000000 0.00000000000 0.00000000000 0.00000000000 0.24404959742
0.05676440684 -0.00474385904 0.24400303638 121.81986964691 0.00000000000 0.00000000000 0.00000000000 0.00000000000 0.00000000000 0.00000000000 0.24404914661
0.05674681588 -0.00474367508 0.24400258906 121.55620206172 0.00000000000 0.00000000000 0.00000000000 0.00000000000 0.00000000000 0.00000000000 0.24404869580
0.05672922540 -0.00474345350 0.24400214249 121.30691875139 0.00000000000 0.00000000000 0.00000000000 0.00000000000 0.00000000000 0.00000000000 0.24404824501
0.05671163551 -0.00474319436 0.24400169667 121.06040991636 0.00000000000 0.00000000000 0.00000000000 0.00000000000 0.00000000000 0.00000000000 0.24404779423
0.05669404630 -0.00474289775 0.24400125159 120.69250803853 0.00000000000 0.00000000000 0.00000000000 0.00000000000 0.00000000000 0.00000000000 0.24404734348
0.05667645784 -0.00474256378 0.24400080726 120.30712944530 0.00000000000 0.00000000000 0.00000000000 0.00000000000 0.00000000000 0.00000000000 0.24404689274
0.05665887016 -0.00474219258 0.24400036367 119.91676048863 0.00000000000 0.00000000000 0.00000000000 0.00000000000 0.00000000000 0.00000000000 0.24404644202
0.05664128331 -0.00474178425 0.24399992082 119.52502897211 0.00000000000 0.00000000000 0.00000000000 0.00000000000 0.00000000000 0.00000000000 0.24404599132
0.05662369732 -0.00474133894 0.24399947871 119.01973637724 0.00000000000 0.00000000000 0.00000000000 0.00000000000 0.00000000000 0.00000000000 0.24404554064
0.05660611223 -0.00474085679 0.24399903734 118.49732308755 0.00000000000 0.00000000000 0.00000000000 0.00000000000 0.00000000000 0.00000000000 0.24404508999
0.05658852808 -0.00474033796 0.24399859671 118.12791995840 0.00000000000 0.00000000000 0.00000000000 0.00000000000 0.00000000000 0.00000000000 0.24404463936
0.05657094491 -0.00473978257 0.24399815681 117.78165554114 0.00000000000 0.00000000000 0.00000000000 0.00000000000 0.00000000000 0.00000000000 0.24404418875
0.05655336279 -0.00473919073 0.24399771764 117.25824059561 0.00000000000 0.00000000000 0.00000000000 0.00000000000 0.00000000000 0.00000000000 0.24404373818
0.05653578177 -0.00473856260 0.24399727921 116.70802352694 0.00000000000 0.00000000000 0.00000000000 0.00000000000 0.00000000000 0.00000000000 0.24404328763
0.05651820194 -0.00473789837 0.24399684150 115.87895777505 0.00000000000 0.00000000000 0.00000000000 0.00000000000 0.00000000000 0.00000000000 0.24404283711
0.05650062339 -0.00473719829 0.24399640452 115.00742715655 0.00000000000 0.00000000000 0.00000000000 0.00000000000 0.00000000000 0.00000000000 0.24404238662
0.05648304623 -0.00473646262 0.24399596827 114.00081039483 0.00000000000 0.00000000000 0.00000000000 0.00000000000 0.00000000000 0.00000000000 0.24404193617
0.05646547058 -0.00473569170 0.24399553274 112.97434538844 0.00000000000 0.00000000000 0.00000000000 0.00000000000 0.00000000000 0.00000000000 0.24404148576
0.05644789656 -0.00473488584 0.24399509792 111.76732617599 0.00000000000 0.00000000000 0.00000000000 0.00000000000 0.00000000000 0.00000000000 0.24404103539
0.05643032428 -0.00473404541 0.24399466382 110.53203066496 0.00000000000 0.00000000000 0.00000000000 0.00000000000 0.00000000000 0.00000000000 0.24404058507
0.05641275383 -0.00473317082 0.24399423043 109.03418681676 0.00000000000 0.00000000000 0.00000000000 0.00000000000 0.00000000000 0.00000000000 0.24404013479
0.05639518527 -0.00473226253 0.24399379773 107.49291677054 0.00000000000 0.00000000000 0.00000000000 0.00000000000 0.00000000000 0.00000000000 0.24403968456
0.05637761867 -0.00473132102 0.24399336572 105.82510798885 0.00000000000 0.00000000000 0.00000000000 0.00000000000 0.00000000000 0.00000000000 0.24403923438
0.05636005405 -0.00473034681 0.24399293440 104.13571071442 0.00000000000 0.00000000000 0.00000000000 0.00000000000 0.00000000000 0.00000000000 0.24403878425
0.05634249143 -0.00472934042 0.24399250375 102.44209742177 0.00000000000 0.00000000000 0.00000000000 0.00000000000 0.00000000000 0.00000000000 0.24403833417
0.05632493083 -0.00472830238 0.24399207375 100.74753558945 0.00000000000 0.00000000000 0.00000000000 0.00000000000 0.00000000000 0.00000000000 0.24403788415
0.05630737224 -0.00472723322 0.24399164441 99.03301757226 0.00000000000 0.00000000000 0.00000000000 0.00000000000 0.00000000000 0.00000000000 0.24403743417
0.05628981568 -0.00472613347 0.24399121571 97.31466920412 0.00000000000 0.00000000000 0.00000000000 0.00000000000 0.00000000000 0.00000000000 0.24403698425
0.05627226112 -0.00472500366 0.24399078764 95.57037792748 0.00000000000 0.00000000000 0.00000000000 0.00000000000 0.00000000000 0.00000000000 0.24403653438
0.05625470857 -0.00472384434 0.24399036018 93.82122646030 0.00000000000 0.00000000000 0.00000000000 0.00000000000 0.00000000000 0.00000000000 0.24403608456
0.05623715802 -0.00472265604 0.24398993333 92.07521333358 0.00000000000 0.00000000000 0.00000000000 0.00000000000 0.00000000000 0.00000000000 0.24403563479
0.05621960947 -0.00472143931 0.24398950708 90.32977772406 0.00000000000 0.00000000000 0.00000000000 0.00000000000 0.00000000000 0.00000000000 0.24403518507
0.05620206289 -0.00472019469 0.24398908237 92.82281737887 0.00000000000 0.00000000000 0.00000000000 0.00000000000 0.00000000000 0.00000000000 0.24403473636
0.05618451811 -0.00471892272 0.24398866631 104.79685026137 0.00000000000 0.00000000000 0.00000000000 0.00000000000 0.00000000000 0.00000000000 0.24403429579
0.05616697493 -0.00471762395 0.24398826698 97.98933017643 0.00000000000 0.00000000000 0.00000000000 0.00000000000 0.00000000000 0.00000000000 0.24403387142
0.05614943339 -0.00471629892 0.24398788274 88.83362181655 0.00000000000 0.00000000000 0.00000000000 0.00000000000 0.00000000000 0.00000000000 0.24403346164
0.05613189361 -0.00471494818 0.24398750825 83.25663607961 0.00000000000 0.00000000000 0.00000000000 0.00000000000 0.00000000000 0.00000000000 0.24403306112
0.05611435570 -0.00471357228 0.24398713904 79.83463089556 0.00000000000 0.00000000000 0.00000000000 0.00000000000 0.00000000000 0.00000000000 0.24403266540
0.05609681973 -0.00471217177 0.24398677141 77.98825785342 0.00000000000 0.00000000000 0.00000000000 0.00000000000 0.00000000000 0.00000000000 0.24403227079
0.05607928571 -0.00471074720 0.24398640429 76.21062568310 0.00000000000 0.00000000000 0.00000000000 0.00000000000 0.00000000000 0.00000000000 0.24403187623
0.05606175365 -0.00470929912 0.24398603765 74.42417814589 0.00000000000 0.00000000000 0.00000000000 0.00000000000 0.00000000000 0.00000000000 0.24403148171
0.05604422352 -0.00470782808 0.24398567149 72.63608003025 0.00000000000 0.00000000000 0.00000000000 0.00000000000 0.00000000000 0.00000000000 0.24403108724
0.05602669530 -0.00470633464 0.24398530580 70.84338952663 0.00000000000 0.00000000000 0.00000000000 0.00000000000 0.00000000000 0.00000000000 0.24403069281
0.05600916898 -0.00470481935 0.24398494056 69.04989395934 0.00000000000 0.00000000000 0.00000000000 0.00000000000 0.00000000000 0.00000000000 0.24403029842
0.05599164455 -0.00470328278 0.24398457577 67.25260227651 0.00000000000 0.00000000000 0.00000000000 0.00000000000 0.00000000000 0.00000000000 0.24402990407
0.05597412198 -0.00470172547 0.24398421141 65.45466609615 0.00000000000 0.00000000000 0.00000000000 0.00000000000 0.00000000000 0.00000000000 0.24402950977
0.05595660126 -0.00470014798 0.24398384746 63.64948566510 0.00000000000 0.00000000000 0.00000000000 0.00000000000 0.00000000000 0.00000000000 0.24402911551
0.05593908237 -0.00469855088 0.24398348393 61.84292774917 0.00000000000 0.00000000000 0.00000000000 0.00000000000 0.00000000000 0.00000000000 0.24402872128
0.05592156528 -0.00469693472 0.24398312080 60.03144608908 0.00000000000 0.00000000000 0.00000000000 0.00000000000 0.00000000000 0.00000000000 0.24402832710
0.05590404997 -0.00469530007 0.24398275805 58.21902570778 0.00000000000 0.00000000000 0.00000000000 0.00000000000 0.00000000000 0.00000000000 0.24402793296
0.05588653642 -0.00469364748 0.24398239567 56.43052887037 0.00000000000 0.00000000000 0.00000000000 0.00000000000 0.00000000000 0.00000000000 0.24402753886
0.05586902460 -0.00469197751 0.24398203365 54.64717940639 0.00000000000 0.00000000000 0.00000000000 0.00000000000 0.00000000000 0.00000000000 0.24402714480
0.05585151448 -0.00469029071 0.24398167199 52.86152575311 0.00000000000 0.00000000000 0.00000000000 0.00000000000 0.00000000000 0.00000000000 0.24402675078
0.05583400601 -0.00468858764 0.24398131066 51.07534230268 0.00000000000 0.00000000000 0.00000000000 0.00000000000 0.00000000000 0.00000000000 0.24402635679
0.05581649916 -0.00468686884 0.24398094967 49.30851712972 0.00000000000 0.00000000000 0.00000000000 0.00000000000 0.00000000000 0.00000000000 0.24402596284
0.05579899389 -0.00468513485 0.24398058898 47.54592392201 0.00000000000 0.00000000000 0.00000000000 0.00000000000 0.00000000000 0.00000000000 0.24402556892
0.05578149015 -0.00468338623 0.24398022860 45.80541675512 0.00000000000 0.00000000000 0.00000000000 0.00000000000 0.00000000000 0.00000000000 0.24402517504
0.05576398791 -0.00468162352 0.24397986851 44.06983157054 0.00000000000 0.00000000000 0.00000000000 0.00000000000 0.00000000000 0.00000000000 0.24402478120
0.05574648712 -0.00467984724 0.24397950870 42.35163371435 0.00000000000 0.00000000000 0.00000000000 0.00000000000 0.00000000000 0.00000000000 0.24402438738
0.05572898777 -0.00467805793 0.24397914916 40.63761421487 0.00000000000 0.00000000000 0.00000000000 0.00000000000 0.00000000000 0.00000000000 0.24402399360
0.05571148985 -0.00467625613 0.24397878988 38.90632899240 0.00000000000 0.00000000000 0.00000000000 0.00000000000 0.00000000000 0.00000000000 0.24402359985
0.05569399347 -0.00467444238 0.24397843085 37.17240817581 0.00000000000 0.00000000000 0.00000000000 0.00000000000 0.00000000000 0.00000000000 0.24402320614
0.05567649880 -0.00467261724 0.24397807207 35.40891129056 0.00000000000 0.00000000000 0.00000000000 0.00000000000 0.00000000000 0.00000000000 0.24402281246
0.05565900626 -0.00467078131 0.24397771352 33.64225382329 0.00000000000 0.00000000000 0.00000000000 0.00000000000 0.00000000000 0.00000000000 0.24402241883
0.05564151647 -0.00466893520 0.24397735522 31.92705441855 0.00000000000 0.00000000000 0.00000000000 0.00000000000 0.00000000000 0.00000000000 0.24402202527
0.05562403052 -0.00466707957 0.24397699717 30.23092765238 0.00000000000 0.00000000000 0.00000000000 0.00000000000 0.00000000000 0.00000000000 0.24402163179
0.05560654975 -0.00466521508 0.24397663939 28.57439575622 0.00000000000 0.00000000000 0.00000000000 0.00000000000 0.00000000000 0.00000000000 0.24402123842
0.05558907610 -0.00466334248 0.24397628192 26.93645138655 0.00000000000 0.00000000000 0.00000000000 0.00000000000 0.00000000000 0.00000000000 0.24402084522
0.05557161172 -0.00466146251 0.24397592478 25.29895982136 0.00000000000 0.00000000000 0.00000000000 0.00000000000 0.00000000000 0.00000000000 0.24402045222
0.05555415900 -0.00465957594 0.24397556801 23.66850876281 0.00000000000 0.00000000000 0.00000000000 0.00000000000 0.00000000000 0.00000000000 0.24402005949
0.05553672028 -0.00465768355 0.24397521166 22.34401185446 0.00000000000 0.00000000000 0.00000000000 0.00000000000 0.00000000000 0.00000000000 0.24401966707
0.05551929720 -0.00465578595 0.24397485574 21.09122481089 0.00000000000 0.00000000000 0.00000000000 0.00000000000 0.00000000000 0.00000000000 0.24401927501
0.05550189088 -0.00465388366 0.24397450027 20.13241670902 0.00000000000 0.00000000000 0.00000000000 0.00000000000 0.00000000000 0.00000000000 0.24401888332
0.05548450069 -0.00465197692 0.24397414524 19.23043734961 0.00000000000 0.00000000000 0.00000000000 0.00000000000 0.00000000000 0.00000000000 0.24401849200
0.05546712495 -0.00465006586 0.24397379060 18.43777375188 0.00000000000 0.00000000000 0.00000000000 0.00000000000 0.00000000000 0.00000000000 0.24401810100
0.05544975994 -0.00464815030 0.24397343628 17.65003758106 0.00000000000 0.00000000000 0.00000000000 0.00000000000 0.00000000000 0.00000000000 0.24401771024
0.05543240099 -0.00464622998 0.24397308216 17.31485127434 0.00000000000 0.00000000000 0.00000000000 0.00000000000 0.00000000000 0.00000000000 0.24401731962
0.05541504280 -0.00464430443 0.24397272815 17.05132173572 0.00000000000 0.00000000000 0.00000000000 0.00000000000 0.00000000000 0.00000000000 0.24401692901
0.05539768017 -0.00464237314 0.24397237413 17.14031810535 0.00000000000 0.00000000000 0.00000000000 0.00000000000 0.00000000000 0.00000000000 0.24401653831
0.05538030989 -0.00464043573 0.24397202004 17.28642263565 0.00000000000 0.00000000000 0.00000000000 0.00000000000 0.00000000000 0.00000000000 0.24401614743
0.05536293081 -0.00463849204 0.24397166586 16.99977619737 0.00000000000 0.00000000000 0.00000000000 0.00000000000 0.00000000000 0.00000000000 0.24401575635
0.05534554938 -0.00463654285 0.24397131171 16.67641676184 0.00000000000 0.00000000000 0.00000000000 0.00000000000 0.00000000000 0.00000000000 0.24401536523
0.05532817668 -0.00463458951 0.24397095782 16.15582896771 0.00000000000 0.00000000000 0.00000000000 0.00000000000 0.00000000000 0.00000000000 0.24401497429
0.05531083388 -0.00463263458 0.24397060462 15.68467370588 0.00000000000 0.00000000000 0.00000000000 0.00000000000 0.00000000000 0.00000000000 0.24401458403
0.05529354499 -0.00463068087 0.24397025259 16.75875801515 0.00000000000 0.00000000000 0.00000000000 0.00000000000 0.00000000000 0.00000000000 0.24401419499
0.05527632882 -0.00462873031 0.24396990212 18.11698023186 0.00000000000 0.00000000000 0.00000000000 0.00000000000 0.00000000000 0.00000000000 0.24401380757
0.05525919746 -0.00462678389 0.24396955347 20.41681761445 0.00000000000 0.00000000000 0.00000000000 0.00000000000 0.00000000000 0.00000000000 0.24401342207
0.05524213721 -0.00462483947 0.24396920637 22.74712985035 0.00000000000 0.00000000000 0.00000000000 0.00000000000 0.00000000000 0.00000000000 0.24401303817
0.05522512596 -0.00462289392 0.24396886039 24.99092084331 0.00000000000 0.00000000000 0.00000000000 0.00000000000 0.00000000000 0.00000000000 0.24401265538
0.05520814159 -0.00462094408 0.24396851507 27.12098702013 0.00000000000 0.00000000000 0.00000000000 0.00000000000 0.00000000000 0.00000000000 0.24401227320
