VARIABLES=
"CoordinateX"
"CoordinateY"
"CoordinateZ"
"Kappa1"
"Kappa2"
"dy"
"dz"
"d2x"
"d2y"
"d2z"
"R"
ZONE T="Konrollpunkte"
I=101, J=1, K=1
0.07182040701 0.00554088471 0.23879523428 0.00000000000 0.00000000000 0.00000000000 0.00000000000 0.00000000000 0.00000000000 0.00000000000 0.00000000000
0.07182160644 0.00554423479 0.23879517338 0.00000000000 0.00000000000 0.00000000000 0.00000000000 0.00000000000 0.00000000000 0.00000000000 0.00000000000
0.07182280528 0.00554758508 0.23879511242 0.00000000000 0.00000000000 0.00000000000 0.00000000000 0.00000000000 0.00000000000 0.00000000000 0.00000000000
0.07182400353 0.00555093558 0.23879505140 0.00000000000 0.00000000000 0.00000000000 0.00000000000 0.00000000000 0.00000000000 0.00000000000 0.00000000000
0.07182520117 0.00555428631 0.23879499032 0.00000000000 0.00000000000 0.00000000000 0.00000000000 0.00000000000 0.00000000000 0.00000000000 0.00000000000
0.07182639820 0.00555763725 0.23879492917 0.00000000000 0.00000000000 0.00000000000 0.00000000000 0.00000000000 0.00000000000 0.00000000000 0.00000000000
0.07182759461 0.00556098841 0.23879486797 0.00000000000 0.00000000000 0.00000000000 0.00000000000 0.00000000000 0.00000000000 0.00000000000 0.00000000000
0.07182879039 0.00556433980 0.23879480671 0.00000000000 0.00000000000 0.00000000000 0.00000000000 0.00000000000 0.00000000000 0.00000000000 0.00000000000
0.07182998553 0.00556769141 0.23879474538 0.00000000000 0.00000000000 0.00000000000 0.00000000000 0.00000000000 0.00000000000 0.00000000000 0.00000000000
0.07183118003 0.00557104326 0.23879468399 0.00000000000 0.00000000000 0.00000000000 0.00000000000 0.00000000000 0.00000000000 0.00000000000 0.00000000000
0.07183237388 0.00557439534 0.23879462254 0.00000000000 0.00000000000 0.00000000000 0.00000000000 0.00000000000 0.00000000000 0.00000000000 0.00000000000
0.07183356707 0.00557774765 0.23879456103 0.00000000000 0.00000000000 0.00000000000 0.00000000000 0.00000000000 0.00000000000 0.00000000000 0.00000000000
0.07183475959 0.00558110020 0.23879449946 0.00000000000 0.00000000000 0.00000000000 0.00000000000 0.00000000000 0.00000000000 0.00000000000 0.00000000000
0.07183595143 0.00558445300 0.23879443783 0.00000000000 0.00000000000 0.00000000000 0.00000000000 0.00000000000 0.00000000000 0.00000000000 0.00000000000
0.07183714259 0.00558780603 0.23879437613 0.00000000000 0.00000000000 0.00000000000 0.00000000000 0.00000000000 0.00000000000 0.00000000000 0.00000000000
0.07183833305 0.00559115932 0.23879431437 0.00000000000 0.00000000000 0.00000000000 0.00000000000 0.00000000000 0.00000000000 0.00000000000 0.00000000000
0.07183952282 0.00559451285 0.23879425254 0.00000000000 0.00000000000 0.00000000000 0.00000000000 0.00000000000 0.00000000000 0.00000000000 0.00000000000
0.07184071188 0.00559786663 0.23879419066 0.00000000000 0.00000000000 0.00000000000 0.00000000000 0.00000000000 0.00000000000 0.00000000000 0.00000000000
0.07184190023 0.00560122067 0.23879412871 0.00000000000 0.00000000000 0.00000000000 0.00000000000 0.00000000000 0.00000000000 0.00000000000 0.00000000000
0.07184308787 0.00560457495 0.23879406670 0.00000000000 0.00000000000 0.00000000000 0.00000000000 0.00000000000 0.00000000000 0.00000000000 0.00000000000
0.07184427479 0.00560792949 0.23879400462 0.00000000000 0.00000000000 0.00000000000 0.00000000000 0.00000000000 0.00000000000 0.00000000000 0.00000000000
0.07184546100 0.00561128429 0.23879394249 0.00000000000 0.00000000000 0.00000000000 0.00000000000 0.00000000000 0.00000000000 0.00000000000 0.00000000000
0.07184664648 0.00561463933 0.23879388028 0.00000000000 0.00000000000 0.00000000000 0.00000000000 0.00000000000 0.00000000000 0.00000000000 0.00000000000
0.07184783125 0.00561799464 0.23879381802 0.00000000000 0.00000000000 0.00000000000 0.00000000000 0.00000000000 0.00000000000 0.00000000000 0.00000000000
0.07184901529 0.00562135020 0.23879375569 0.00000000000 0.00000000000 0.00000000000 0.00000000000 0.00000000000 0.00000000000 0.00000000000 0.00000000000
0.07185019860 0.00562470601 0.23879369330 0.00000000000 0.00000000000 0.00000000000 0.00000000000 0.00000000000 0.00000000000 0.00000000000 0.00000000000
0.07185138118 0.00562806208 0.23879363084 0.00000000000 0.00000000000 0.00000000000 0.00000000000 0.00000000000 0.00000000000 0.00000000000 0.00000000000
0.07185256303 0.00563141841 0.23879356833 0.00000000000 0.00000000000 0.00000000000 0.00000000000 0.00000000000 0.00000000000 0.00000000000 0.00000000000
0.07185374414 0.00563477500 0.23879350574 0.00000000000 0.00000000000 0.00000000000 0.00000000000 0.00000000000 0.00000000000 0.00000000000 0.00000000000
0.07185492452 0.00563813185 0.23879344310 0.00000000000 0.00000000000 0.00000000000 0.00000000000 0.00000000000 0.00000000000 0.00000000000 0.00000000000
0.07185610416 0.00564148895 0.23879338039 0.00000000000 0.00000000000 0.00000000000 0.00000000000 0.00000000000 0.00000000000 0.00000000000 0.00000000000
0.07185728305 0.00564484632 0.23879331762 0.00000000000 0.00000000000 0.00000000000 0.00000000000 0.00000000000 0.00000000000 0.00000000000 0.00000000000
0.07185846120 0.00564820394 0.23879325478 0.00000000000 0.00000000000 0.00000000000 0.00000000000 0.00000000000 0.00000000000 0.00000000000 0.00000000000
0.07185963864 0.00565156182 0.23879319188 0.00000000000 0.00000000000 0.00000000000 0.00000000000 0.00000000000 0.00000000000 0.00000000000 0.00000000000
0.07186081544 0.00565491992 0.23879312892 0.00000000000 0.00000000000 0.00000000000 0.00000000000 0.00000000000 0.00000000000 0.00000000000 0.00000000000
0.07186199167 0.00565827822 0.23879306589 0.00000000000 0.00000000000 0.00000000000 0.00000000000 0.00000000000 0.00000000000 0.00000000000 0.00000000000
0.07186316742 0.00566163669 0.23879300281 0.00000000000 0.00000000000 0.00000000000 0.00000000000 0.00000000000 0.00000000000 0.00000000000 0.00000000000
0.07186434277 0.00566499531 0.23879293968 0.00000000000 0.00000000000 0.00000000000 0.00000000000 0.00000000000 0.00000000000 0.00000000000 0.00000000000
0.07186551778 0.00566835405 0.23879287649 0.00000000000 0.00000000000 0.00000000000 0.00000000000 0.00000000000 0.00000000000 0.00000000000 0.00000000000
0.07186669254 0.00567171289 0.23879281324 0.00000000000 0.00000000000 0.00000000000 0.00000000000 0.00000000000 0.00000000000 0.00000000000 0.00000000000
0.07186786712 0.00567507180 0.23879274995 0.00000000000 0.00000000000 0.00000000000 0.00000000000 0.00000000000 0.00000000000 0.00000000000 0.00000000000
0.07186904160 0.00567843076 0.23879268660 0.00000000000 0.00000000000 0.00000000000 0.00000000000 0.00000000000 0.00000000000 0.00000000000 0.00000000000
0.07187021606 0.00568178973 0.23879262321 0.00000000000 0.00000000000 0.00000000000 0.00000000000 0.00000000000 0.00000000000 0.00000000000 0.00000000000
0.07187139058 0.00568514870 0.23879255977 0.00000000000 0.00000000000 0.00000000000 0.00000000000 0.00000000000 0.00000000000 0.00000000000 0.00000000000
0.07187256522 0.00568850763 0.23879249628 0.00000000000 0.00000000000 0.00000000000 0.00000000000 0.00000000000 0.00000000000 0.00000000000 0.00000000000
0.07187374008 0.00569186651 0.23879243276 0.00000000000 0.00000000000 0.00000000000 0.00000000000 0.00000000000 0.00000000000 0.00000000000 0.00000000000
0.07187491523 0.00569522530 0.23879236919 0.00000000000 0.00000000000 0.00000000000 0.00000000000 0.00000000000 0.00000000000 0.00000000000 0.00000000000
0.07187609074 0.00569858398 0.23879230558 0.00000000000 0.00000000000 0.00000000000 0.00000000000 0.00000000000 0.00000000000 0.00000000000 0.00000000000
0.07187726667 0.00570194254 0.23879224193 0.00000000000 0.00000000000 0.00000000000 0.00000000000 0.00000000000 0.00000000000 0.00000000000 0.00000000000
0.07187844283 0.00570530103 0.23879217824 0.00000000000 0.00000000000 0.00000000000 0.00000000000 0.00000000000 0.00000000000 0.00000000000 0.00000000000
0.07187961881 0.00570865959 0.23879211450 0.00000000000 0.00000000000 0.00000000000 0.00000000000 0.00000000000 0.00000000000 0.00000000000 0.00000000000
0.07188079421 0.00571201837 0.23879205070 0.00000000000 0.00000000000 0.00000000000 0.00000000000 0.00000000000 0.00000000000 0.00000000000 0.00000000000
0.07188196860 0.00571537749 0.23879198683 0.00000000000 0.00000000000 0.00000000000 0.00000000000 0.00000000000 0.00000000000 0.00000000000 0.00000000000
0.07188314160 0.00571873710 0.23879192288 0.00000000000 0.00000000000 0.00000000000 0.00000000000 0.00000000000 0.00000000000 0.00000000000 0.00000000000
0.07188431277 0.00572209733 0.23879185885 0.00000000000 0.00000000000 0.00000000000 0.00000000000 0.00000000000 0.00000000000 0.00000000000 0.00000000000
0.07188548172 0.00572545833 0.23879179471 0.00000000000 0.00000000000 0.00000000000 0.00000000000 0.00000000000 0.00000000000 0.00000000000 0.00000000000
0.07188664803 0.00572882022 0.23879173047 0.00000000000 0.00000000000 0.00000000000 0.00000000000 0.00000000000 0.00000000000 0.00000000000 0.00000000000
0.07188781130 0.00573218314 0.23879166612 0.00000000000 0.00000000000 0.00000000000 0.00000000000 0.00000000000 0.00000000000 0.00000000000 0.00000000000
0.07188897112 0.00573554723 0.23879160164 0.00000000000 0.00000000000 0.00000000000 0.00000000000 0.00000000000 0.00000000000 0.00000000000 0.00000000000
0.07189012706 0.00573891262 0.23879153703 0.00000000000 0.00000000000 0.00000000000 0.00000000000 0.00000000000 0.00000000000 0.00000000000 0.00000000000
0.07189127874 0.00574227945 0.23879147227 0.00000000000 0.00000000000 0.00000000000 0.00000000000 0.00000000000 0.00000000000 0.00000000000 0.00000000000
0.07189242572 0.00574564785 0.23879140737 0.00000000000 0.00000000000 0.00000000000 0.00000000000 0.00000000000 0.00000000000 0.00000000000 0.00000000000
0.07189356761 0.00574901795 0.23879134230 0.00000000000 0.00000000000 0.00000000000 0.00000000000 0.00000000000 0.00000000000 0.00000000000 0.00000000000
0.07189470398 0.00575238988 0.23879127707 0.00000000000 0.00000000000 0.00000000000 0.00000000000 0.00000000000 0.00000000000 0.00000000000 0.00000000000
0.07189583444 0.00575576378 0.23879121166 0.00000000000 0.00000000000 0.00000000000 0.00000000000 0.00000000000 0.00000000000 0.00000000000 0.00000000000
0.07189695855 0.00575913978 0.23879114606 0.00000000000 0.00000000000 0.00000000000 0.00000000000 0.00000000000 0.00000000000 0.00000000000 0.00000000000
0.07189807593 0.00576251799 0.23879108026 0.00000000000 0.00000000000 0.00000000000 0.00000000000 0.00000000000 0.00000000000 0.00000000000 0.00000000000
0.07189918614 0.00576589856 0.23879101426 0.00000000000 0.00000000000 0.00000000000 0.00000000000 0.00000000000 0.00000000000 0.00000000000 0.00000000000
0.07190028878 0.00576928160 0.23879094805 0.00000000000 0.00000000000 0.00000000000 0.00000000000 0.00000000000 0.00000000000 0.00000000000 0.00000000000
0.07190138343 0.00577266724 0.23879088161 0.00000000000 0.00000000000 0.00000000000 0.00000000000 0.00000000000 0.00000000000 0.00000000000 0.00000000000
0.07190246968 0.00577605560 0.23879081494 0.00000000000 0.00000000000 0.00000000000 0.00000000000 0.00000000000 0.00000000000 0.00000000000 0.00000000000
0.07190354711 0.00577944681 0.23879074803 0.00000000000 0.00000000000 0.00000000000 0.00000000000 0.00000000000 0.00000000000 0.00000000000 0.00000000000
0.07190461531 0.00578284098 0.23879068087 0.00000000000 0.00000000000 0.00000000000 0.00000000000 0.00000000000 0.00000000000 0.00000000000 0.00000000000
0.07190567387 0.00578623823 0.23879061345 0.00000000000 0.00000000000 0.00000000000 0.00000000000 0.00000000000 0.00000000000 0.00000000000 0.00000000000
0.07190672236 0.00578963868 0.23879054576 0.00000000000 0.00000000000 0.00000000000 0.00000000000 0.00000000000 0.00000000000 0.00000000000 0.00000000000
0.07190776037 0.00579304244 0.23879047780 0.00000000000 0.00000000000 0.00000000000 0.00000000000 0.00000000000 0.00000000000 0.00000000000 0.00000000000
0.07190878750 0.00579644962 0.23879040955 0.00000000000 0.00000000000 0.00000000000 0.00000000000 0.00000000000 0.00000000000 0.00000000000 0.00000000000
0.07190980331 0.00579986034 0.23879034101 0.00000000000 0.00000000000 0.00000000000 0.00000000000 0.00000000000 0.00000000000 0.00000000000 0.00000000000
0.07191080739 0.00580327470 0.23879027217 0.00000000000 0.00000000000 0.00000000000 0.00000000000 0.00000000000 0.00000000000 0.00000000000 0.00000000000
0.07191179933 0.00580669281 0.23879020301 0.00000000000 0.00000000000 0.00000000000 0.00000000000 0.00000000000 0.00000000000 0.00000000000 0.00000000000
0.07191276174 0.00581049818 0.23879012397 0.00000000000 0.00000000000 0.00000000000 0.00000000000 0.00000000000 0.00000000000 0.00000000000 0.00000000000
0.07191369954 0.00581426302 0.23879004551 0.00000000000 0.00000000000 0.00000000000 0.00000000000 0.00000000000 0.00000000000 0.00000000000 0.00000000000
0.07191461132 0.00581798345 0.23878996771 0.00000000000 0.00000000000 0.00000000000 0.00000000000 0.00000000000 0.00000000000 0.00000000000 0.00000000000
0.07191549601 0.00582165669 0.23878989062 0.00000000000 0.00000000000 0.00000000000 0.00000000000 0.00000000000 0.00000000000 0.00000000000 0.00000000000
0.07191635311 0.00582528198 0.23878981425 0.00000000000 0.00000000000 0.00000000000 0.00000000000 0.00000000000 0.00000000000 0.00000000000 0.00000000000
0.07191718260 0.00582886048 0.23878973859 0.00000000000 0.00000000000 0.00000000000 0.00000000000 0.00000000000 0.00000000000 0.00000000000 0.00000000000
0.07191798450 0.00583239351 0.23878966359 0.00000000000 0.00000000000 0.00000000000 0.00000000000 0.00000000000 0.00000000000 0.00000000000 0.00000000000
0.07191875885 0.00583588237 0.23878958923 0.00000000000 0.00000000000 0.00000000000 0.00000000000 0.00000000000 0.00000000000 0.00000000000 0.00000000000
0.07191950570 0.00583932829 0.23878951549 0.00000000000 0.00000000000 0.00000000000 0.00000000000 0.00000000000 0.00000000000 0.00000000000 0.00000000000
0.07192022506 0.00584273239 0.23878944233 0.00000000000 0.00000000000 0.00000000000 0.00000000000 0.00000000000 0.00000000000 0.00000000000 0.00000000000
0.07192091691 0.00584609563 0.23878936974 0.00000000000 0.00000000000 0.00000000000 0.00000000000 0.00000000000 0.00000000000 0.00000000000 0.00000000000
0.07192158124 0.00584941896 0.23878929769 0.00000000000 0.00000000000 0.00000000000 0.00000000000 0.00000000000 0.00000000000 0.00000000000 0.00000000000
0.07192221804 0.00585270329 0.23878922616 0.00000000000 0.00000000000 0.00000000000 0.00000000000 0.00000000000 0.00000000000 0.00000000000 0.00000000000
0.07192282750 0.00585594941 0.23878915514 0.00000000000 0.00000000000 0.00000000000 0.00000000000 0.00000000000 0.00000000000 0.00000000000 0.00000000000
0.07192341048 0.00585915784 0.23878908463 0.00000000000 0.00000000000 0.00000000000 0.00000000000 0.00000000000 0.00000000000 0.00000000000 0.00000000000
0.07192396806 0.00586232908 0.23878901464 0.00000000000 0.00000000000 0.00000000000 0.00000000000 0.00000000000 0.00000000000 0.00000000000 0.00000000000
0.07192450125 0.00586546362 0.23878894515 0.00000000000 0.00000000000 0.00000000000 0.00000000000 0.00000000000 0.00000000000 0.00000000000 0.00000000000
0.07192501094 0.00586856262 0.23878887618 0.00000000000 0.00000000000 0.00000000000 0.00000000000 0.00000000000 0.00000000000 0.00000000000 0.00000000000
0.07192549695 0.00587163098 0.23878880758 0.00000000000 0.00000000000 0.00000000000 0.00000000000 0.00000000000 0.00000000000 0.00000000000 0.00000000000
0.07192595865 0.00587467524 0.23878873919 0.00000000000 0.00000000000 0.00000000000 0.00000000000 0.00000000000 0.00000000000 0.00000000000 0.00000000000
0.07192639557 0.00587770238 0.23878867084 0.00000000000 0.00000000000 0.00000000000 0.00000000000 0.00000000000 0.00000000000 0.00000000000 0.00000000000
ZONE T="NURB"
I=201, J=1, K=1
0.07182040701 0.00554088471 0.23879523428 21.96467045905 0.00000000000 0.00000000000 0.00000000000 0.00000000000 0.00000000000 0.00000000000 0.23885950958
0.07182134838 0.00554351430 0.23879518647 31.58724296333 0.00000000000 0.00000000000 0.00000000000 0.00000000000 0.00000000000 0.00000000000 0.23885952280
0.07182212797 0.00554569252 0.23879514685 41.65241862864 0.00000000000 0.00000000000 0.00000000000 0.00000000000 0.00000000000 0.00000000000 0.23885953375
0.07182278420 0.00554752656 0.23879511347 46.11326089697 0.00000000000 0.00000000000 0.00000000000 0.00000000000 0.00000000000 0.00000000000 0.23885954297
0.07182335672 0.00554912706 0.23879508433 59.30313665700 0.00000000000 0.00000000000 0.00000000000 0.00000000000 0.00000000000 0.00000000000 0.23885955102
0.07182391049 0.00555067562 0.23879505613 62.00233217942 0.00000000000 0.00000000000 0.00000000000 0.00000000000 0.00000000000 0.00000000000 0.23885955880
0.07182452354 0.00555239051 0.23879502487 48.01892836115 0.00000000000 0.00000000000 0.00000000000 0.00000000000 0.00000000000 0.00000000000 0.23885956741
0.07182518613 0.00555424454 0.23879499107 51.47216380140 0.00000000000 0.00000000000 0.00000000000 0.00000000000 0.00000000000 0.00000000000 0.23885957672
0.07182585342 0.00555611227 0.23879495700 51.95070228269 0.00000000000 0.00000000000 0.00000000000 0.00000000000 0.00000000000 0.00000000000 0.23885958610
0.07182651604 0.00555796756 0.23879492313 52.32362997171 0.00000000000 0.00000000000 0.00000000000 0.00000000000 0.00000000000 0.00000000000 0.23885959541
0.07182717396 0.00555981028 0.23879488948 52.68387724284 0.00000000000 0.00000000000 0.00000000000 0.00000000000 0.00000000000 0.00000000000 0.23885960465
0.07182782718 0.00556164041 0.23879485605 53.04692511921 0.00000000000 0.00000000000 0.00000000000 0.00000000000 0.00000000000 0.00000000000 0.23885961383
0.07182847573 0.00556345804 0.23879482282 53.40586068958 0.00000000000 0.00000000000 0.00000000000 0.00000000000 0.00000000000 0.00000000000 0.23885962294
0.07182911964 0.00556526326 0.23879478981 53.76267721448 0.00000000000 0.00000000000 0.00000000000 0.00000000000 0.00000000000 0.00000000000 0.23885963199
0.07182975896 0.00556705621 0.23879475700 54.11610645192 0.00000000000 0.00000000000 0.00000000000 0.00000000000 0.00000000000 0.00000000000 0.23885964097
0.07183039374 0.00556883699 0.23879472440 54.46862330556 0.00000000000 0.00000000000 0.00000000000 0.00000000000 0.00000000000 0.00000000000 0.23885964989
0.07183102403 0.00557060572 0.23879469200 54.81644971763 0.00000000000 0.00000000000 0.00000000000 0.00000000000 0.00000000000 0.00000000000 0.23885965874
0.07183164986 0.00557236253 0.23879465981 55.16490712755 0.00000000000 0.00000000000 0.00000000000 0.00000000000 0.00000000000 0.00000000000 0.23885966754
0.07183227127 0.00557410750 0.23879462781 55.50736875103 0.00000000000 0.00000000000 0.00000000000 0.00000000000 0.00000000000 0.00000000000 0.23885967627
0.07183288832 0.00557584076 0.23879459602 55.85172320447 0.00000000000 0.00000000000 0.00000000000 0.00000000000 0.00000000000 0.00000000000 0.23885968494
0.07183350102 0.00557756239 0.23879456442 56.18908752598 0.00000000000 0.00000000000 0.00000000000 0.00000000000 0.00000000000 0.00000000000 0.23885969355
0.07183410943 0.00557927249 0.23879453303 56.52930205099 0.00000000000 0.00000000000 0.00000000000 0.00000000000 0.00000000000 0.00000000000 0.23885970209
0.07183471358 0.00558097117 0.23879450182 56.86193011963 0.00000000000 0.00000000000 0.00000000000 0.00000000000 0.00000000000 0.00000000000 0.23885971058
0.07183531350 0.00558265851 0.23879447081 57.19777674711 0.00000000000 0.00000000000 0.00000000000 0.00000000000 0.00000000000 0.00000000000 0.23885971901
0.07183590922 0.00558433459 0.23879443999 57.52601568085 0.00000000000 0.00000000000 0.00000000000 0.00000000000 0.00000000000 0.00000000000 0.23885972738
0.07183650079 0.00558599951 0.23879440937 57.85738642568 0.00000000000 0.00000000000 0.00000000000 0.00000000000 0.00000000000 0.00000000000 0.23885973569
0.07183708823 0.00558765335 0.23879437893 58.18136929243 0.00000000000 0.00000000000 0.00000000000 0.00000000000 0.00000000000 0.00000000000 0.23885974395
0.07183767158 0.00558929618 0.23879434868 58.50819689733 0.00000000000 0.00000000000 0.00000000000 0.00000000000 0.00000000000 0.00000000000 0.23885975214
0.07183825086 0.00559092809 0.23879431862 58.82747215700 0.00000000000 0.00000000000 0.00000000000 0.00000000000 0.00000000000 0.00000000000 0.23885976028
0.07183882611 0.00559254916 0.23879428874 59.09984310130 0.00000000000 0.00000000000 0.00000000000 0.00000000000 0.00000000000 0.00000000000 0.23885976836
0.07183939736 0.00559415948 0.23879425905 59.35212749553 0.00000000000 0.00000000000 0.00000000000 0.00000000000 0.00000000000 0.00000000000 0.23885977639
0.07183996466 0.00559575917 0.23879422954 59.50848591983 0.00000000000 0.00000000000 0.00000000000 0.00000000000 0.00000000000 0.00000000000 0.23885978436
0.07184052806 0.00559734839 0.23879420022 59.61568128923 0.00000000000 0.00000000000 0.00000000000 0.00000000000 0.00000000000 0.00000000000 0.23885979228
0.07184108763 0.00559892730 0.23879417106 59.72930409480 0.00000000000 0.00000000000 0.00000000000 0.00000000000 0.00000000000 0.00000000000 0.23885980014
0.07184164347 0.00560049616 0.23879414209 59.81600216819 0.00000000000 0.00000000000 0.00000000000 0.00000000000 0.00000000000 0.00000000000 0.23885980795
0.07184219570 0.00560205534 0.23879411327 60.09224914979 0.00000000000 0.00000000000 0.00000000000 0.00000000000 0.00000000000 0.00000000000 0.23885981571
0.07184274518 0.00560360723 0.23879408459 60.04880191133 0.00000000000 0.00000000000 0.00000000000 0.00000000000 0.00000000000 0.00000000000 0.23885982343
0.07184329337 0.00560515597 0.23879405594 59.96807706442 0.00000000000 0.00000000000 0.00000000000 0.00000000000 0.00000000000 0.00000000000 0.23885983113
0.07184384181 0.00560670591 0.23879402726 60.18352525455 0.00000000000 0.00000000000 0.00000000000 0.00000000000 0.00000000000 0.00000000000 0.23885983883
0.07184439211 0.00560826157 0.23879399847 60.05583102936 0.00000000000 0.00000000000 0.00000000000 0.00000000000 0.00000000000 0.00000000000 0.23885984656
0.07184494598 0.00560982782 0.23879396946 60.62229694464 0.00000000000 0.00000000000 0.00000000000 0.00000000000 0.00000000000 0.00000000000 0.23885985435
0.07184550538 0.00561141024 0.23879394014 60.32686658182 0.00000000000 0.00000000000 0.00000000000 0.00000000000 0.00000000000 0.00000000000 0.23885986221
0.07184607178 0.00561301297 0.23879391043 60.46855892366 0.00000000000 0.00000000000 0.00000000000 0.00000000000 0.00000000000 0.00000000000 0.23885987016
0.07184664477 0.00561463488 0.23879388036 60.91236434283 0.00000000000 0.00000000000 0.00000000000 0.00000000000 0.00000000000 0.00000000000 0.23885987821
0.07184722346 0.00561627346 0.23879384996 60.80939830154 0.00000000000 0.00000000000 0.00000000000 0.00000000000 0.00000000000 0.00000000000 0.23885988634
0.07184780664 0.00561792530 0.23879381930 61.19762966797 0.00000000000 0.00000000000 0.00000000000 0.00000000000 0.00000000000 0.00000000000 0.23885989454
0.07184839296 0.00561958663 0.23879378845 60.81757434000 0.00000000000 0.00000000000 0.00000000000 0.00000000000 0.00000000000 0.00000000000 0.23885990278
0.07184898085 0.00562125297 0.23879375749 61.05365436620 0.00000000000 0.00000000000 0.00000000000 0.00000000000 0.00000000000 0.00000000000 0.23885991104
0.07184956890 0.00562292033 0.23879372650 61.18383754544 0.00000000000 0.00000000000 0.00000000000 0.00000000000 0.00000000000 0.00000000000 0.23885991930
0.07185015678 0.00562458778 0.23879369549 61.28557452172 0.00000000000 0.00000000000 0.00000000000 0.00000000000 0.00000000000 0.00000000000 0.23885992756
0.07185074450 0.00562625532 0.23879366447 61.38700325316 0.00000000000 0.00000000000 0.00000000000 0.00000000000 0.00000000000 0.00000000000 0.23885993582
0.07185133203 0.00562792295 0.23879363343 61.48873317543 0.00000000000 0.00000000000 0.00000000000 0.00000000000 0.00000000000 0.00000000000 0.23885994407
0.07185191940 0.00562959067 0.23879360237 61.59018834951 0.00000000000 0.00000000000 0.00000000000 0.00000000000 0.00000000000 0.00000000000 0.23885995232
0.07185250659 0.00563125847 0.23879357130 61.69191506024 0.00000000000 0.00000000000 0.00000000000 0.00000000000 0.00000000000 0.00000000000 0.23885996057
0.07185309361 0.00563292636 0.23879354021 61.79341408642 0.00000000000 0.00000000000 0.00000000000 0.00000000000 0.00000000000 0.00000000000 0.23885996882
0.07185368045 0.00563459432 0.23879350910 61.89515119179 0.00000000000 0.00000000000 0.00000000000 0.00000000000 0.00000000000 0.00000000000 0.23885997707
0.07185426712 0.00563626237 0.23879347798 61.99662298120 0.00000000000 0.00000000000 0.00000000000 0.00000000000 0.00000000000 0.00000000000 0.23885998531
0.07185485360 0.00563793049 0.23879344685 62.09829182767 0.00000000000 0.00000000000 0.00000000000 0.00000000000 0.00000000000 0.00000000000 0.23885999355
0.07185543991 0.00563959868 0.23879341570 62.19958820794 0.00000000000 0.00000000000 0.00000000000 0.00000000000 0.00000000000 0.00000000000 0.23886000179
0.07185602604 0.00564126695 0.23879338453 62.30103679936 0.00000000000 0.00000000000 0.00000000000 0.00000000000 0.00000000000 0.00000000000 0.23886001002
0.07185661199 0.00564293529 0.23879335334 62.37637769063 0.00000000000 0.00000000000 0.00000000000 0.00000000000 0.00000000000 0.00000000000 0.23886001825
0.07185719775 0.00564460370 0.23879332214 62.44789144138 0.00000000000 0.00000000000 0.00000000000 0.00000000000 0.00000000000 0.00000000000 0.23886002648
0.07185778334 0.00564627218 0.23879329093 61.37378868779 0.00000000000 0.00000000000 0.00000000000 0.00000000000 0.00000000000 0.00000000000 0.23886003471
0.07185836874 0.00564794073 0.23879325970 60.10494808612 0.00000000000 0.00000000000 0.00000000000 0.00000000000 0.00000000000 0.00000000000 0.23886004294
0.07185895397 0.00564960934 0.23879322845 57.32872235324 0.00000000000 0.00000000000 0.00000000000 0.00000000000 0.00000000000 0.00000000000 0.23886005116
0.07185953903 0.00565127801 0.23879319719 54.27085419184 0.00000000000 0.00000000000 0.00000000000 0.00000000000 0.00000000000 0.00000000000 0.23886005938
0.07186012393 0.00565294673 0.23879316591 51.10613317767 0.00000000000 0.00000000000 0.00000000000 0.00000000000 0.00000000000 0.00000000000 0.23886006760
0.07186070869 0.00565461551 0.23879313462 47.92047038946 0.00000000000 0.00000000000 0.00000000000 0.00000000000 0.00000000000 0.00000000000 0.23886007581
0.07186129330 0.00565628434 0.23879310331 44.73683063513 0.00000000000 0.00000000000 0.00000000000 0.00000000000 0.00000000000 0.00000000000 0.23886008402
0.07186187778 0.00565795321 0.23879307199 41.55497829526 0.00000000000 0.00000000000 0.00000000000 0.00000000000 0.00000000000 0.00000000000 0.23886009224
0.07186246213 0.00565962213 0.23879304065 38.37506316065 0.00000000000 0.00000000000 0.00000000000 0.00000000000 0.00000000000 0.00000000000 0.23886010045
0.07186304637 0.00566129108 0.23879300930 35.19767301535 0.00000000000 0.00000000000 0.00000000000 0.00000000000 0.00000000000 0.00000000000 0.23886010866
0.07186363051 0.00566296006 0.23879297793 32.02356114741 0.00000000000 0.00000000000 0.00000000000 0.00000000000 0.00000000000 0.00000000000 0.23886011686
0.07186421456 0.00566462907 0.23879294656 28.85380775187 0.00000000000 0.00000000000 0.00000000000 0.00000000000 0.00000000000 0.00000000000 0.23886012507
0.07186479852 0.00566629811 0.23879291516 25.69009581389 0.00000000000 0.00000000000 0.00000000000 0.00000000000 0.00000000000 0.00000000000 0.23886013327
0.07186538240 0.00566796717 0.23879288376 22.53488155573 0.00000000000 0.00000000000 0.00000000000 0.00000000000 0.00000000000 0.00000000000 0.23886014148
0.07186596621 0.00566963625 0.23879285234 19.39238323551 0.00000000000 0.00000000000 0.00000000000 0.00000000000 0.00000000000 0.00000000000 0.23886014968
0.07186654997 0.00567130534 0.23879282091 16.26985820447 0.00000000000 0.00000000000 0.00000000000 0.00000000000 0.00000000000 0.00000000000 0.23886015788
0.07186713368 0.00567297445 0.23879278947 13.18160268142 0.00000000000 0.00000000000 0.00000000000 0.00000000000 0.00000000000 0.00000000000 0.23886016608
0.07186771735 0.00567464357 0.23879275801 10.15875474239 0.00000000000 0.00000000000 0.00000000000 0.00000000000 0.00000000000 0.00000000000 0.23886017428
0.07186830100 0.00567631269 0.23879272654 7.28328512923 0.00000000000 0.00000000000 0.00000000000 0.00000000000 0.00000000000 0.00000000000 0.23886018248
0.07186888462 0.00567798181 0.23879269506 4.82598006066 0.00000000000 0.00000000000 0.00000000000 0.00000000000 0.00000000000 0.00000000000 0.23886019068
0.07186946823 0.00567965094 0.23879266357 3.73246344258 0.00000000000 0.00000000000 0.00000000000 0.00000000000 0.00000000000 0.00000000000 0.23886019888
0.07187005185 0.00568132006 0.23879263207 4.99686086455 0.00000000000 0.00000000000 0.00000000000 0.00000000000 0.00000000000 0.00000000000 0.23886020708
0.07187063547 0.00568298917 0.23879260055 7.50999246991 0.00000000000 0.00000000000 0.00000000000 0.00000000000 0.00000000000 0.00000000000 0.23886021528
0.07187121911 0.00568465828 0.23879256903 10.40310653670 0.00000000000 0.00000000000 0.00000000000 0.00000000000 0.00000000000 0.00000000000 0.23886022348
0.07187180278 0.00568632737 0.23879253749 13.43283428000 0.00000000000 0.00000000000 0.00000000000 0.00000000000 0.00000000000 0.00000000000 0.23886023168
0.07187238648 0.00568799645 0.23879250594 16.52420362558 0.00000000000 0.00000000000 0.00000000000 0.00000000000 0.00000000000 0.00000000000 0.23886023988
0.07187297024 0.00568966551 0.23879247438 19.64816516013 0.00000000000 0.00000000000 0.00000000000 0.00000000000 0.00000000000 0.00000000000 0.23886024808
0.07187355405 0.00569133455 0.23879244281 22.79130874976 0.00000000000 0.00000000000 0.00000000000 0.00000000000 0.00000000000 0.00000000000 0.23886025629
0.07187413792 0.00569300356 0.23879241123 25.94394925352 0.00000000000 0.00000000000 0.00000000000 0.00000000000 0.00000000000 0.00000000000 0.23886026449
0.07187472188 0.00569467255 0.23879237964 29.10352386505 0.00000000000 0.00000000000 0.00000000000 0.00000000000 0.00000000000 0.00000000000 0.23886027270
0.07187530592 0.00569634151 0.23879234805 31.81679195079 0.00000000000 0.00000000000 0.00000000000 0.00000000000 0.00000000000 0.00000000000 0.23886028090
0.07187589005 0.00569801044 0.23879231644 34.30920253593 0.00000000000 0.00000000000 0.00000000000 0.00000000000 0.00000000000 0.00000000000 0.23886028911
0.07187647428 0.00569967934 0.23879228482 29.77903791065 0.00000000000 0.00000000000 0.00000000000 0.00000000000 0.00000000000 0.00000000000 0.23886029732
0.07187705860 0.00570134820 0.23879225319 21.60605972929 0.00000000000 0.00000000000 0.00000000000 0.00000000000 0.00000000000 0.00000000000 0.23886030553
0.07187764299 0.00570301705 0.23879222155 8.44962030546 0.00000000000 0.00000000000 0.00000000000 0.00000000000 0.00000000000 0.00000000000 0.23886031374
0.07187822739 0.00570468590 0.23879218990 9.85684420276 0.00000000000 0.00000000000 0.00000000000 0.00000000000 0.00000000000 0.00000000000 0.23886032195
0.07187881177 0.00570635475 0.23879215824 26.24620448936 0.00000000000 0.00000000000 0.00000000000 0.00000000000 0.00000000000 0.00000000000 0.23886033016
0.07187939608 0.00570802364 0.23879212657 43.08432520299 0.00000000000 0.00000000000 0.00000000000 0.00000000000 0.00000000000 0.00000000000 0.23886033837
0.07187998026 0.00570969257 0.23879209488 59.98085223827 0.00000000000 0.00000000000 0.00000000000 0.00000000000 0.00000000000 0.00000000000 0.23886034657
0.07188056426 0.00571136157 0.23879206317 76.89709501565 0.00000000000 0.00000000000 0.00000000000 0.00000000000 0.00000000000 0.00000000000 0.23886035478
0.07188114804 0.00571303065 0.23879203145 93.82266540393 0.00000000000 0.00000000000 0.00000000000 0.00000000000 0.00000000000 0.00000000000 0.23886036298
0.07188173155 0.00571469982 0.23879199971 110.75327012666 0.00000000000 0.00000000000 0.00000000000 0.00000000000 0.00000000000 0.00000000000 0.23886037118
0.07188231473 0.00571636912 0.23879196795 127.68747487223 0.00000000000 0.00000000000 0.00000000000 0.00000000000 0.00000000000 0.00000000000 0.23886037937
0.07188289753 0.00571803854 0.23879193617 144.62406096460 0.00000000000 0.00000000000 0.00000000000 0.00000000000 0.00000000000 0.00000000000 0.23886038756
0.07188347990 0.00571970812 0.23879190437 161.56268083814 0.00000000000 0.00000000000 0.00000000000 0.00000000000 0.00000000000 0.00000000000 0.23886039574
0.07188406180 0.00572137787 0.23879187255 178.50284552324 0.00000000000 0.00000000000 0.00000000000 0.00000000000 0.00000000000 0.00000000000 0.23886040392
0.07188464318 0.00572304780 0.23879184070 195.44456524332 0.00000000000 0.00000000000 0.00000000000 0.00000000000 0.00000000000 0.00000000000 0.23886041209
0.07188522397 0.00572471793 0.23879180883 212.38758080793 0.00000000000 0.00000000000 0.00000000000 0.00000000000 0.00000000000 0.00000000000 0.23886042025
0.07188580414 0.00572638828 0.23879177694 229.33198882405 0.00000000000 0.00000000000 0.00000000000 0.00000000000 0.00000000000 0.00000000000 0.23886042840
0.07188638364 0.00572805886 0.23879174501 246.27762699756 0.00000000000 0.00000000000 0.00000000000 0.00000000000 0.00000000000 0.00000000000 0.23886043654
0.07188696240 0.00572972970 0.23879171306 263.22458358356 0.00000000000 0.00000000000 0.00000000000 0.00000000000 0.00000000000 0.00000000000 0.23886044467
0.07188754039 0.00573140080 0.23879168108 280.17274835158 0.00000000000 0.00000000000 0.00000000000 0.00000000000 0.00000000000 0.00000000000 0.23886045279
0.07188811754 0.00573307219 0.23879164907 297.12218770323 0.00000000000 0.00000000000 0.00000000000 0.00000000000 0.00000000000 0.00000000000 0.23886046090
0.07188869382 0.00573474387 0.23879161703 314.07283281855 0.00000000000 0.00000000000 0.00000000000 0.00000000000 0.00000000000 0.00000000000 0.23886046900
0.07188926917 0.00573641588 0.23879158495 331.02467501795 0.00000000000 0.00000000000 0.00000000000 0.00000000000 0.00000000000 0.00000000000 0.23886047708
0.07188984354 0.00573808821 0.23879155285 347.97768082006 0.00000000000 0.00000000000 0.00000000000 0.00000000000 0.00000000000 0.00000000000 0.23886048515
0.07189041688 0.00573976090 0.23879152070 364.93178956230 0.00000000000 0.00000000000 0.00000000000 0.00000000000 0.00000000000 0.00000000000 0.23886049321
0.07189098914 0.00574143395 0.23879148853 381.88700331672 0.00000000000 0.00000000000 0.00000000000 0.00000000000 0.00000000000 0.00000000000 0.23886050125
0.07189156027 0.00574310739 0.23879145631 398.84316587586 0.00000000000 0.00000000000 0.00000000000 0.00000000000 0.00000000000 0.00000000000 0.23886050927
0.07189213022 0.00574478122 0.23879142406 415.80029489777 0.00000000000 0.00000000000 0.00000000000 0.00000000000 0.00000000000 0.00000000000 0.23886051728
0.07189269893 0.00574645546 0.23879139177 432.75817701450 0.00000000000 0.00000000000 0.00000000000 0.00000000000 0.00000000000 0.00000000000 0.23886052527
0.07189326637 0.00574813014 0.23879135944 449.71682836279 0.00000000000 0.00000000000 0.00000000000 0.00000000000 0.00000000000 0.00000000000 0.23886053324
0.07189383247 0.00574980526 0.23879132706 466.67597945843 0.00000000000 0.00000000000 0.00000000000 0.00000000000 0.00000000000 0.00000000000 0.23886054120
0.07189439718 0.00575148085 0.23879129465 483.63562833474 0.00000000000 0.00000000000 0.00000000000 0.00000000000 0.00000000000 0.00000000000 0.23886054913
0.07189496046 0.00575315691 0.23879126219 500.59545580536 0.00000000000 0.00000000000 0.00000000000 0.00000000000 0.00000000000 0.00000000000 0.23886055705
0.07189552226 0.00575483347 0.23879122968 517.55541309895 0.00000000000 0.00000000000 0.00000000000 0.00000000000 0.00000000000 0.00000000000 0.23886056494
0.07189608252 0.00575651054 0.23879119714 534.51516882321 0.00000000000 0.00000000000 0.00000000000 0.00000000000 0.00000000000 0.00000000000 0.23886057281
0.07189664119 0.00575818813 0.23879116454 551.47459334744 0.00000000000 0.00000000000 0.00000000000 0.00000000000 0.00000000000 0.00000000000 0.23886058066
0.07189719823 0.00575986626 0.23879113190 568.43336697365 0.00000000000 0.00000000000 0.00000000000 0.00000000000 0.00000000000 0.00000000000 0.23886058849
0.07189775358 0.00576154495 0.23879109920 585.39123905587 0.00000000000 0.00000000000 0.00000000000 0.00000000000 0.00000000000 0.00000000000 0.23886059629
0.07189830719 0.00576322421 0.23879106646 602.34795402082 0.00000000000 0.00000000000 0.00000000000 0.00000000000 0.00000000000 0.00000000000 0.23886060407
0.07189885901 0.00576490406 0.23879103367 619.30307296444 0.00000000000 0.00000000000 0.00000000000 0.00000000000 0.00000000000 0.00000000000 0.23886061182
0.07189940899 0.00576658451 0.23879100082 636.25645363147 0.00000000000 0.00000000000 0.00000000000 0.00000000000 0.00000000000 0.00000000000 0.23886061955
0.07189995708 0.00576826558 0.23879096792 653.20740075552 0.00000000000 0.00000000000 0.00000000000 0.00000000000 0.00000000000 0.00000000000 0.23886062725
0.07190050323 0.00576994729 0.23879093497 670.15595689137 0.00000000000 0.00000000000 0.00000000000 0.00000000000 0.00000000000 0.00000000000 0.23886063492
0.07190104739 0.00577162964 0.23879090196 687.10112399454 0.00000000000 0.00000000000 0.00000000000 0.00000000000 0.00000000000 0.00000000000 0.23886064257
0.07190158950 0.00577331265 0.23879086889 704.04316491131 0.00000000000 0.00000000000 0.00000000000 0.00000000000 0.00000000000 0.00000000000 0.23886065018
0.07190212952 0.00577499634 0.23879083577 720.98073404676 0.00000000000 0.00000000000 0.00000000000 0.00000000000 0.00000000000 0.00000000000 0.23886065777
0.07190266740 0.00577668073 0.23879080259 737.91435629227 0.00000000000 0.00000000000 0.00000000000 0.00000000000 0.00000000000 0.00000000000 0.23886066533
0.07190320308 0.00577836582 0.23879076934 754.84227065993 0.00000000000 0.00000000000 0.00000000000 0.00000000000 0.00000000000 0.00000000000 0.23886067285
0.07190373651 0.00578005164 0.23879073604 771.76533739949 0.00000000000 0.00000000000 0.00000000000 0.00000000000 0.00000000000 0.00000000000 0.23886068035
0.07190426764 0.00578173819 0.23879070268 788.68126272023 0.00000000000 0.00000000000 0.00000000000 0.00000000000 0.00000000000 0.00000000000 0.23886068781
0.07190479643 0.00578342549 0.23879066925 805.59137729146 0.00000000000 0.00000000000 0.00000000000 0.00000000000 0.00000000000 0.00000000000 0.23886069524
0.07190532281 0.00578511356 0.23879063576 822.49272975322 0.00000000000 0.00000000000 0.00000000000 0.00000000000 0.00000000000 0.00000000000 0.23886070264
0.07190584675 0.00578680241 0.23879060220 839.38727159906 0.00000000000 0.00000000000 0.00000000000 0.00000000000 0.00000000000 0.00000000000 0.23886071000
0.07190636818 0.00578849205 0.23879056857 856.27126264945 0.00000000000 0.00000000000 0.00000000000 0.00000000000 0.00000000000 0.00000000000 0.23886071732
0.07190688706 0.00579018251 0.23879053488 873.14735761808 0.00000000000 0.00000000000 0.00000000000 0.00000000000 0.00000000000 0.00000000000 0.23886072461
0.07190740334 0.00579187378 0.23879050112 890.01086983880 0.00000000000 0.00000000000 0.00000000000 0.00000000000 0.00000000000 0.00000000000 0.23886073187
0.07190791696 0.00579356589 0.23879046729 906.86531878830 0.00000000000 0.00000000000 0.00000000000 0.00000000000 0.00000000000 0.00000000000 0.23886073908
0.07190842788 0.00579525885 0.23879043339 923.70488877298 0.00000000000 0.00000000000 0.00000000000 0.00000000000 0.00000000000 0.00000000000 0.23886074626
0.07190893604 0.00579695268 0.23879039942 940.53424917959 0.00000000000 0.00000000000 0.00000000000 0.00000000000 0.00000000000 0.00000000000 0.23886075340
0.07190944139 0.00579864738 0.23879036537 957.34638400736 0.00000000000 0.00000000000 0.00000000000 0.00000000000 0.00000000000 0.00000000000 0.23886076050
0.07190994388 0.00580034297 0.23879033126 974.14689788480 0.00000000000 0.00000000000 0.00000000000 0.00000000000 0.00000000000 0.00000000000 0.23886076756
0.07191044346 0.00580203946 0.23879029706 990.92712022854 0.00000000000 0.00000000000 0.00000000000 0.00000000000 0.00000000000 0.00000000000 0.23886077458
0.07191094007 0.00580373703 0.23879026279 2320.46418257013 0.00000000000 0.00000000000 0.00000000000 0.00000000000 0.00000000000 0.00000000000 0.23886078156
0.07191143297 0.00580545134 0.23879022804 6757.29941048162 0.00000000000 0.00000000000 0.00000000000 0.00000000000 0.00000000000 0.00000000000 0.23886078848
0.07191192017 0.00580722615 0.23879019173 7907.05075229366 0.00000000000 0.00000000000 0.00000000000 0.00000000000 0.00000000000 0.00000000000 0.23886079533
0.07191240042 0.00580907623 0.23879015348 3640.36113771025 0.00000000000 0.00000000000 0.00000000000 0.00000000000 0.00000000000 0.00000000000 0.23886080207
0.07191287413 0.00581095595 0.23879011440 926.42461650108 0.00000000000 0.00000000000 0.00000000000 0.00000000000 0.00000000000 0.00000000000 0.23886080873
0.07191334167 0.00581282924 0.23879007538 957.63968382359 0.00000000000 0.00000000000 0.00000000000 0.00000000000 0.00000000000 0.00000000000 0.23886081530
0.07191380291 0.00581469194 0.23879003651 990.10230524256 0.00000000000 0.00000000000 0.00000000000 0.00000000000 0.00000000000 0.00000000000 0.23886082178
0.07191425770 0.00581654359 0.23878999781 1022.28634319133 0.00000000000 0.00000000000 0.00000000000 0.00000000000 0.00000000000 0.00000000000 0.23886082817
0.07191470591 0.00581838386 0.23878995928 1055.71498812746 0.00000000000 0.00000000000 0.00000000000 0.00000000000 0.00000000000 0.00000000000 0.23886083447
0.07191514742 0.00582021248 0.23878992092 1088.90272651953 0.00000000000 0.00000000000 0.00000000000 0.00000000000 0.00000000000 0.00000000000 0.23886084067
0.07191558216 0.00582202933 0.23878988274 1123.09587941413 0.00000000000 0.00000000000 0.00000000000 0.00000000000 0.00000000000 0.00000000000 0.23886084678
0.07191601010 0.00582383439 0.23878984473 1157.27514450255 0.00000000000 0.00000000000 0.00000000000 0.00000000000 0.00000000000 0.00000000000 0.23886085279
0.07191643121 0.00582562778 0.23878980691 1192.02797279847 0.00000000000 0.00000000000 0.00000000000 0.00000000000 0.00000000000 0.00000000000 0.23886085871
0.07191684551 0.00582740965 0.23878976925 1227.00380127139 0.00000000000 0.00000000000 0.00000000000 0.00000000000 0.00000000000 0.00000000000 0.23886086453
0.07191725300 0.00582918016 0.23878973176 1262.49321790634 0.00000000000 0.00000000000 0.00000000000 0.00000000000 0.00000000000 0.00000000000 0.23886087025
0.07191765367 0.00583093947 0.23878969444 1298.19950356616 0.00000000000 0.00000000000 0.00000000000 0.00000000000 0.00000000000 0.00000000000 0.23886087588
0.07191804754 0.00583268774 0.23878965728 1334.39864148009 0.00000000000 0.00000000000 0.00000000000 0.00000000000 0.00000000000 0.00000000000 0.23886088142
0.07191843461 0.00583442513 0.23878962028 1370.77926607908 0.00000000000 0.00000000000 0.00000000000 0.00000000000 0.00000000000 0.00000000000 0.23886088685
0.07191881488 0.00583615179 0.23878958343 1407.69378203437 0.00000000000 0.00000000000 0.00000000000 0.00000000000 0.00000000000 0.00000000000 0.23886089220
0.07191918836 0.00583786787 0.23878954673 1445.04334742665 0.00000000000 0.00000000000 0.00000000000 0.00000000000 0.00000000000 0.00000000000 0.23886089744
0.07191955505 0.00583957351 0.23878951018 1483.00514047005 0.00000000000 0.00000000000 0.00000000000 0.00000000000 0.00000000000 0.00000000000 0.23886090260
0.07191991495 0.00584126883 0.23878947377 1521.70783665945 0.00000000000 0.00000000000 0.00000000000 0.00000000000 0.00000000000 0.00000000000 0.23886090765
0.07192026806 0.00584295396 0.23878943751 1560.99517413150 0.00000000000 0.00000000000 0.00000000000 0.00000000000 0.00000000000 0.00000000000 0.23886091261
0.07192061438 0.00584462902 0.23878940138 1600.52053144835 0.00000000000 0.00000000000 0.00000000000 0.00000000000 0.00000000000 0.00000000000 0.23886091748
0.07192095390 0.00584629412 0.23878936539 1640.60965165132 0.00000000000 0.00000000000 0.00000000000 0.00000000000 0.00000000000 0.00000000000 0.23886092225
0.07192128662 0.00584794938 0.23878932953 1680.83667068807 0.00000000000 0.00000000000 0.00000000000 0.00000000000 0.00000000000 0.00000000000 0.23886092693
0.07192161255 0.00584959491 0.23878929381 1720.69084086653 0.00000000000 0.00000000000 0.00000000000 0.00000000000 0.00000000000 0.00000000000 0.23886093150
0.07192193169 0.00585123082 0.23878925822 1753.08840552293 0.00000000000 0.00000000000 0.00000000000 0.00000000000 0.00000000000 0.00000000000 0.23886093599
0.07192224405 0.00585285720 0.23878922275 1782.53506206525 0.00000000000 0.00000000000 0.00000000000 0.00000000000 0.00000000000 0.00000000000 0.23886094038
0.07192254968 0.00585447416 0.23878918741 1781.52770485180 0.00000000000 0.00000000000 0.00000000000 0.00000000000 0.00000000000 0.00000000000 0.23886094467
0.07192284868 0.00585608175 0.23878915219 1779.18355354019 0.00000000000 0.00000000000 0.00000000000 0.00000000000 0.00000000000 0.00000000000 0.23886094887
0.07192314115 0.00585768003 0.23878911710 1768.98485790011 0.00000000000 0.00000000000 0.00000000000 0.00000000000 0.00000000000 0.00000000000 0.23886095298
0.07192342723 0.00585926908 0.23878908213 1757.90090144373 0.00000000000 0.00000000000 0.00000000000 0.00000000000 0.00000000000 0.00000000000 0.23886095700
0.07192370704 0.00586084895 0.23878904729 1746.63089181650 0.00000000000 0.00000000000 0.00000000000 0.00000000000 0.00000000000 0.00000000000 0.23886096093
0.07192398072 0.00586241970 0.23878901258 1735.16290964611 0.00000000000 0.00000000000 0.00000000000 0.00000000000 0.00000000000 0.00000000000 0.23886096478
0.07192424837 0.00586398141 0.23878897800 1734.52042177322 0.00000000000 0.00000000000 0.00000000000 0.00000000000 0.00000000000 0.00000000000 0.23886096854
0.07192451013 0.00586553420 0.23878894354 1720.97425178984 0.00000000000 0.00000000000 0.00000000000 0.00000000000 0.00000000000 0.00000000000 0.23886097222
0.07192476318 0.00586706018 0.23878890961 1684.14821353503 0.00000000000 0.00000000000 0.00000000000 0.00000000000 0.00000000000 0.00000000000 0.23886097577
0.07192499477 0.00586847924 0.23878887799 2150.36397420739 0.00000000000 0.00000000000 0.00000000000 0.00000000000 0.00000000000 0.00000000000 0.23886097903
0.07192519751 0.00586974472 0.23878884974 2567.91315168889 0.00000000000 0.00000000000 0.00000000000 0.00000000000 0.00000000000 0.00000000000 0.23886098187
0.07192539112 0.00587097777 0.23878882214 1841.00472109877 0.00000000000 0.00000000000 0.00000000000 0.00000000000 0.00000000000 0.00000000000 0.23886098459
0.07192559817 0.00587231961 0.23878879206 2010.69718997266 0.00000000000 0.00000000000 0.00000000000 0.00000000000 0.00000000000 0.00000000000 0.23886098750
0.07192582932 0.00587384671 0.23878875775 1783.66034390546 0.00000000000 0.00000000000 0.00000000000 0.00000000000 0.00000000000 0.00000000000 0.23886099075
0.07192609249 0.00587562049 0.23878871781 1411.41658169755 0.00000000000 0.00000000000 0.00000000000 0.00000000000 0.00000000000 0.00000000000 0.23886099445
0.07192639557 0.00587770238 0.23878867084 1049.15157577777 0.00000000000 0.00000000000 0.00000000000 0.00000000000 0.00000000000 0.00000000000 0.23886099871
