VARIABLES=
"CoordinateX"
"CoordinateY"
"CoordinateZ"
"Kappa1"
"Kappa2"
"dy"
"dz"
"d2x"
"d2y"
"d2z"
"R"
ZONE T="Konrollpunkte"
I=101, J=1, K=1
0.06927644487 0.00049739820 0.23882265498 0.00000000000 0.00000000000 0.00000000000 0.00000000000 0.00000000000 0.00000000000 0.00000000000 0.00000000000
0.06927933003 0.00049567599 0.23882270092 0.00000000000 0.00000000000 0.00000000000 0.00000000000 0.00000000000 0.00000000000 0.00000000000 0.00000000000
0.06928370119 0.00049316541 0.23882277031 0.00000000000 0.00000000000 0.00000000000 0.00000000000 0.00000000000 0.00000000000 0.00000000000 0.00000000000
0.06928961127 0.00048996625 0.23882286367 0.00000000000 0.00000000000 0.00000000000 0.00000000000 0.00000000000 0.00000000000 0.00000000000 0.00000000000
0.06929408352 0.00048764170 0.23882293410 0.00000000000 0.00000000000 0.00000000000 0.00000000000 0.00000000000 0.00000000000 0.00000000000 0.00000000000
0.06929859418 0.00048539263 0.23882300491 0.00000000000 0.00000000000 0.00000000000 0.00000000000 0.00000000000 0.00000000000 0.00000000000 0.00000000000
0.06930314199 0.00048321966 0.23882307610 0.00000000000 0.00000000000 0.00000000000 0.00000000000 0.00000000000 0.00000000000 0.00000000000 0.00000000000
0.06930772566 0.00048112341 0.23882314764 0.00000000000 0.00000000000 0.00000000000 0.00000000000 0.00000000000 0.00000000000 0.00000000000 0.00000000000
0.06931234391 0.00047910448 0.23882321951 0.00000000000 0.00000000000 0.00000000000 0.00000000000 0.00000000000 0.00000000000 0.00000000000 0.00000000000
0.06931699542 0.00047716343 0.23882329170 0.00000000000 0.00000000000 0.00000000000 0.00000000000 0.00000000000 0.00000000000 0.00000000000 0.00000000000
0.06932167888 0.00047530081 0.23882336418 0.00000000000 0.00000000000 0.00000000000 0.00000000000 0.00000000000 0.00000000000 0.00000000000 0.00000000000
0.06932639297 0.00047351715 0.23882343694 0.00000000000 0.00000000000 0.00000000000 0.00000000000 0.00000000000 0.00000000000 0.00000000000 0.00000000000
0.06933113636 0.00047181295 0.23882350997 0.00000000000 0.00000000000 0.00000000000 0.00000000000 0.00000000000 0.00000000000 0.00000000000 0.00000000000
0.06933590772 0.00047018870 0.23882358323 0.00000000000 0.00000000000 0.00000000000 0.00000000000 0.00000000000 0.00000000000 0.00000000000 0.00000000000
0.06934070568 0.00046864484 0.23882365672 0.00000000000 0.00000000000 0.00000000000 0.00000000000 0.00000000000 0.00000000000 0.00000000000 0.00000000000
0.06934552891 0.00046718182 0.23882373041 0.00000000000 0.00000000000 0.00000000000 0.00000000000 0.00000000000 0.00000000000 0.00000000000 0.00000000000
0.06935037603 0.00046580005 0.23882380428 0.00000000000 0.00000000000 0.00000000000 0.00000000000 0.00000000000 0.00000000000 0.00000000000 0.00000000000
0.06935524569 0.00046449993 0.23882387832 0.00000000000 0.00000000000 0.00000000000 0.00000000000 0.00000000000 0.00000000000 0.00000000000 0.00000000000
0.06936013650 0.00046328180 0.23882395250 0.00000000000 0.00000000000 0.00000000000 0.00000000000 0.00000000000 0.00000000000 0.00000000000 0.00000000000
0.06936504708 0.00046214603 0.23882402681 0.00000000000 0.00000000000 0.00000000000 0.00000000000 0.00000000000 0.00000000000 0.00000000000 0.00000000000
0.06936997605 0.00046109293 0.23882410122 0.00000000000 0.00000000000 0.00000000000 0.00000000000 0.00000000000 0.00000000000 0.00000000000 0.00000000000
0.06937492202 0.00046012280 0.23882417571 0.00000000000 0.00000000000 0.00000000000 0.00000000000 0.00000000000 0.00000000000 0.00000000000 0.00000000000
0.06937988359 0.00045923591 0.23882425027 0.00000000000 0.00000000000 0.00000000000 0.00000000000 0.00000000000 0.00000000000 0.00000000000 0.00000000000
0.06938485936 0.00045843251 0.23882432488 0.00000000000 0.00000000000 0.00000000000 0.00000000000 0.00000000000 0.00000000000 0.00000000000 0.00000000000
0.06938984792 0.00045771284 0.23882439951 0.00000000000 0.00000000000 0.00000000000 0.00000000000 0.00000000000 0.00000000000 0.00000000000 0.00000000000
0.06939484788 0.00045707709 0.23882447415 0.00000000000 0.00000000000 0.00000000000 0.00000000000 0.00000000000 0.00000000000 0.00000000000 0.00000000000
0.06939985780 0.00045652544 0.23882454877 0.00000000000 0.00000000000 0.00000000000 0.00000000000 0.00000000000 0.00000000000 0.00000000000 0.00000000000
0.06940487629 0.00045605804 0.23882462335 0.00000000000 0.00000000000 0.00000000000 0.00000000000 0.00000000000 0.00000000000 0.00000000000 0.00000000000
0.06940990192 0.00045567504 0.23882469788 0.00000000000 0.00000000000 0.00000000000 0.00000000000 0.00000000000 0.00000000000 0.00000000000 0.00000000000
0.06941493328 0.00045537654 0.23882477232 0.00000000000 0.00000000000 0.00000000000 0.00000000000 0.00000000000 0.00000000000 0.00000000000 0.00000000000
0.06941996895 0.00045516262 0.23882484667 0.00000000000 0.00000000000 0.00000000000 0.00000000000 0.00000000000 0.00000000000 0.00000000000 0.00000000000
0.06942500750 0.00045503334 0.23882492090 0.00000000000 0.00000000000 0.00000000000 0.00000000000 0.00000000000 0.00000000000 0.00000000000 0.00000000000
0.06943004751 0.00045498875 0.23882499500 0.00000000000 0.00000000000 0.00000000000 0.00000000000 0.00000000000 0.00000000000 0.00000000000 0.00000000000
0.06943508756 0.00045502884 0.23882506893 0.00000000000 0.00000000000 0.00000000000 0.00000000000 0.00000000000 0.00000000000 0.00000000000 0.00000000000
0.06944012622 0.00045515362 0.23882514267 0.00000000000 0.00000000000 0.00000000000 0.00000000000 0.00000000000 0.00000000000 0.00000000000 0.00000000000
0.06944516208 0.00045536304 0.23882521622 0.00000000000 0.00000000000 0.00000000000 0.00000000000 0.00000000000 0.00000000000 0.00000000000 0.00000000000
0.06945019372 0.00045565705 0.23882528954 0.00000000000 0.00000000000 0.00000000000 0.00000000000 0.00000000000 0.00000000000 0.00000000000 0.00000000000
0.06945521970 0.00045603556 0.23882536262 0.00000000000 0.00000000000 0.00000000000 0.00000000000 0.00000000000 0.00000000000 0.00000000000 0.00000000000
0.06946023862 0.00045649848 0.23882543543 0.00000000000 0.00000000000 0.00000000000 0.00000000000 0.00000000000 0.00000000000 0.00000000000 0.00000000000
0.06946524905 0.00045704565 0.23882550796 0.00000000000 0.00000000000 0.00000000000 0.00000000000 0.00000000000 0.00000000000 0.00000000000 0.00000000000
0.06947024959 0.00045767694 0.23882558017 0.00000000000 0.00000000000 0.00000000000 0.00000000000 0.00000000000 0.00000000000 0.00000000000 0.00000000000
0.06947523881 0.00045839217 0.23882565206 0.00000000000 0.00000000000 0.00000000000 0.00000000000 0.00000000000 0.00000000000 0.00000000000 0.00000000000
0.06948021532 0.00045919112 0.23882572360 0.00000000000 0.00000000000 0.00000000000 0.00000000000 0.00000000000 0.00000000000 0.00000000000 0.00000000000
0.06948517771 0.00046007358 0.23882579477 0.00000000000 0.00000000000 0.00000000000 0.00000000000 0.00000000000 0.00000000000 0.00000000000 0.00000000000
0.06949012457 0.00046103930 0.23882586555 0.00000000000 0.00000000000 0.00000000000 0.00000000000 0.00000000000 0.00000000000 0.00000000000 0.00000000000
0.06949505451 0.00046208801 0.23882593591 0.00000000000 0.00000000000 0.00000000000 0.00000000000 0.00000000000 0.00000000000 0.00000000000 0.00000000000
0.06949996613 0.00046321940 0.23882600584 0.00000000000 0.00000000000 0.00000000000 0.00000000000 0.00000000000 0.00000000000 0.00000000000 0.00000000000
0.06950485806 0.00046443316 0.23882607531 0.00000000000 0.00000000000 0.00000000000 0.00000000000 0.00000000000 0.00000000000 0.00000000000 0.00000000000
0.06950972891 0.00046572895 0.23882614431 0.00000000000 0.00000000000 0.00000000000 0.00000000000 0.00000000000 0.00000000000 0.00000000000 0.00000000000
0.06951457731 0.00046710640 0.23882621281 0.00000000000 0.00000000000 0.00000000000 0.00000000000 0.00000000000 0.00000000000 0.00000000000 0.00000000000
0.06951940188 0.00046856512 0.23882628080 0.00000000000 0.00000000000 0.00000000000 0.00000000000 0.00000000000 0.00000000000 0.00000000000 0.00000000000
0.06952420127 0.00047010471 0.23882634825 0.00000000000 0.00000000000 0.00000000000 0.00000000000 0.00000000000 0.00000000000 0.00000000000 0.00000000000
0.06952897412 0.00047172472 0.23882641513 0.00000000000 0.00000000000 0.00000000000 0.00000000000 0.00000000000 0.00000000000 0.00000000000 0.00000000000
0.06953371908 0.00047342470 0.23882648144 0.00000000000 0.00000000000 0.00000000000 0.00000000000 0.00000000000 0.00000000000 0.00000000000 0.00000000000
0.06953843481 0.00047520416 0.23882654716 0.00000000000 0.00000000000 0.00000000000 0.00000000000 0.00000000000 0.00000000000 0.00000000000 0.00000000000
0.06954311998 0.00047706262 0.23882661225 0.00000000000 0.00000000000 0.00000000000 0.00000000000 0.00000000000 0.00000000000 0.00000000000 0.00000000000
0.06954777328 0.00047899953 0.23882667670 0.00000000000 0.00000000000 0.00000000000 0.00000000000 0.00000000000 0.00000000000 0.00000000000 0.00000000000
0.06955239338 0.00048101437 0.23882674049 0.00000000000 0.00000000000 0.00000000000 0.00000000000 0.00000000000 0.00000000000 0.00000000000 0.00000000000
0.06955697898 0.00048310654 0.23882680360 0.00000000000 0.00000000000 0.00000000000 0.00000000000 0.00000000000 0.00000000000 0.00000000000 0.00000000000
0.06956152879 0.00048527548 0.23882686601 0.00000000000 0.00000000000 0.00000000000 0.00000000000 0.00000000000 0.00000000000 0.00000000000 0.00000000000
0.06956604152 0.00048752056 0.23882692770 0.00000000000 0.00000000000 0.00000000000 0.00000000000 0.00000000000 0.00000000000 0.00000000000 0.00000000000
0.06957051590 0.00048984114 0.23882698865 0.00000000000 0.00000000000 0.00000000000 0.00000000000 0.00000000000 0.00000000000 0.00000000000 0.00000000000
0.06957495066 0.00049223659 0.23882704885 0.00000000000 0.00000000000 0.00000000000 0.00000000000 0.00000000000 0.00000000000 0.00000000000 0.00000000000
0.06957934456 0.00049470621 0.23882710826 0.00000000000 0.00000000000 0.00000000000 0.00000000000 0.00000000000 0.00000000000 0.00000000000 0.00000000000
0.06958369635 0.00049724931 0.23882716688 0.00000000000 0.00000000000 0.00000000000 0.00000000000 0.00000000000 0.00000000000 0.00000000000 0.00000000000
0.06958800481 0.00049986518 0.23882722468 0.00000000000 0.00000000000 0.00000000000 0.00000000000 0.00000000000 0.00000000000 0.00000000000 0.00000000000
0.06959226871 0.00050255307 0.23882728165 0.00000000000 0.00000000000 0.00000000000 0.00000000000 0.00000000000 0.00000000000 0.00000000000 0.00000000000
0.06959648686 0.00050531223 0.23882733777 0.00000000000 0.00000000000 0.00000000000 0.00000000000 0.00000000000 0.00000000000 0.00000000000 0.00000000000
0.06960065807 0.00050814187 0.23882739301 0.00000000000 0.00000000000 0.00000000000 0.00000000000 0.00000000000 0.00000000000 0.00000000000 0.00000000000
0.06960478115 0.00051104121 0.23882744737 0.00000000000 0.00000000000 0.00000000000 0.00000000000 0.00000000000 0.00000000000 0.00000000000 0.00000000000
0.06960885494 0.00051400942 0.23882750082 0.00000000000 0.00000000000 0.00000000000 0.00000000000 0.00000000000 0.00000000000 0.00000000000 0.00000000000
0.06961287829 0.00051704565 0.23882755334 0.00000000000 0.00000000000 0.00000000000 0.00000000000 0.00000000000 0.00000000000 0.00000000000 0.00000000000
0.06961685007 0.00052014907 0.23882760492 0.00000000000 0.00000000000 0.00000000000 0.00000000000 0.00000000000 0.00000000000 0.00000000000 0.00000000000
0.06962076916 0.00052331878 0.23882765555 0.00000000000 0.00000000000 0.00000000000 0.00000000000 0.00000000000 0.00000000000 0.00000000000 0.00000000000
0.06962463445 0.00052655390 0.23882770519 0.00000000000 0.00000000000 0.00000000000 0.00000000000 0.00000000000 0.00000000000 0.00000000000 0.00000000000
0.06962844484 0.00052985351 0.23882775385 0.00000000000 0.00000000000 0.00000000000 0.00000000000 0.00000000000 0.00000000000 0.00000000000 0.00000000000
0.06963219927 0.00053321668 0.23882780149 0.00000000000 0.00000000000 0.00000000000 0.00000000000 0.00000000000 0.00000000000 0.00000000000 0.00000000000
0.06963589666 0.00053664246 0.23882784811 0.00000000000 0.00000000000 0.00000000000 0.00000000000 0.00000000000 0.00000000000 0.00000000000 0.00000000000
0.06963953599 0.00054012989 0.23882789369 0.00000000000 0.00000000000 0.00000000000 0.00000000000 0.00000000000 0.00000000000 0.00000000000 0.00000000000
0.06964311622 0.00054367797 0.23882793821 0.00000000000 0.00000000000 0.00000000000 0.00000000000 0.00000000000 0.00000000000 0.00000000000 0.00000000000
0.06964663634 0.00054728571 0.23882798165 0.00000000000 0.00000000000 0.00000000000 0.00000000000 0.00000000000 0.00000000000 0.00000000000 0.00000000000
0.06965009535 0.00055095209 0.23882802402 0.00000000000 0.00000000000 0.00000000000 0.00000000000 0.00000000000 0.00000000000 0.00000000000 0.00000000000
0.06965349229 0.00055467608 0.23882806528 0.00000000000 0.00000000000 0.00000000000 0.00000000000 0.00000000000 0.00000000000 0.00000000000 0.00000000000
0.06965682619 0.00055845662 0.23882810542 0.00000000000 0.00000000000 0.00000000000 0.00000000000 0.00000000000 0.00000000000 0.00000000000 0.00000000000
0.06966009610 0.00056229264 0.23882814443 0.00000000000 0.00000000000 0.00000000000 0.00000000000 0.00000000000 0.00000000000 0.00000000000 0.00000000000
0.06966330112 0.00056618307 0.23882818230 0.00000000000 0.00000000000 0.00000000000 0.00000000000 0.00000000000 0.00000000000 0.00000000000 0.00000000000
0.06966644032 0.00057012680 0.23882821902 0.00000000000 0.00000000000 0.00000000000 0.00000000000 0.00000000000 0.00000000000 0.00000000000 0.00000000000
0.06966951283 0.00057412272 0.23882825456 0.00000000000 0.00000000000 0.00000000000 0.00000000000 0.00000000000 0.00000000000 0.00000000000 0.00000000000
0.06967251779 0.00057816971 0.23882828892 0.00000000000 0.00000000000 0.00000000000 0.00000000000 0.00000000000 0.00000000000 0.00000000000 0.00000000000
0.06967545433 0.00058226662 0.23882832209 0.00000000000 0.00000000000 0.00000000000 0.00000000000 0.00000000000 0.00000000000 0.00000000000 0.00000000000
0.06967832163 0.00058641229 0.23882835405 0.00000000000 0.00000000000 0.00000000000 0.00000000000 0.00000000000 0.00000000000 0.00000000000 0.00000000000
0.06968111888 0.00059060555 0.23882838479 0.00000000000 0.00000000000 0.00000000000 0.00000000000 0.00000000000 0.00000000000 0.00000000000 0.00000000000
0.06968384530 0.00059484523 0.23882841430 0.00000000000 0.00000000000 0.00000000000 0.00000000000 0.00000000000 0.00000000000 0.00000000000 0.00000000000
0.06968650011 0.00059913012 0.23882844257 0.00000000000 0.00000000000 0.00000000000 0.00000000000 0.00000000000 0.00000000000 0.00000000000 0.00000000000
0.06968908256 0.00060345902 0.23882846959 0.00000000000 0.00000000000 0.00000000000 0.00000000000 0.00000000000 0.00000000000 0.00000000000 0.00000000000
0.06969159193 0.00060783069 0.23882849535 0.00000000000 0.00000000000 0.00000000000 0.00000000000 0.00000000000 0.00000000000 0.00000000000 0.00000000000
0.06969402750 0.00061224392 0.23882851984 0.00000000000 0.00000000000 0.00000000000 0.00000000000 0.00000000000 0.00000000000 0.00000000000 0.00000000000
0.06969638859 0.00061669745 0.23882854306 0.00000000000 0.00000000000 0.00000000000 0.00000000000 0.00000000000 0.00000000000 0.00000000000 0.00000000000
0.06969943651 0.00062268754 0.23882857227 0.00000000000 0.00000000000 0.00000000000 0.00000000000 0.00000000000 0.00000000000 0.00000000000 0.00000000000
0.06970160876 0.00062723678 0.23882859226 0.00000000000 0.00000000000 0.00000000000 0.00000000000 0.00000000000 0.00000000000 0.00000000000 0.00000000000
0.06970300557 0.00063029308 0.23882860472 0.00000000000 0.00000000000 0.00000000000 0.00000000000 0.00000000000 0.00000000000 0.00000000000 0.00000000000
ZONE T="NURB"
I=201, J=1, K=1
0.06927644487 0.00049739820 0.23882265498 3333.85579415444 0.00000000000 0.00000000000 0.00000000000 0.00000000000 0.00000000000 0.00000000000 0.23882317295
0.06927861413 0.00049611566 0.23882268949 3333.36839745534 0.00000000000 0.00000000000 0.00000000000 0.00000000000 0.00000000000 0.00000000000 0.23882320479
0.06928079409 0.00049485138 0.23882272413 3333.11614753368 0.00000000000 0.00000000000 0.00000000000 0.00000000000 0.00000000000 0.00000000000 0.23882323680
0.06928298459 0.00049360547 0.23882275887 3333.09920520765 0.00000000000 0.00000000000 0.00000000000 0.00000000000 0.00000000000 0.00000000000 0.23882326897
0.06928518548 0.00049237801 0.23882279372 3333.31758087606 0.00000000000 0.00000000000 0.00000000000 0.00000000000 0.00000000000 0.00000000000 0.23882330128
0.06928739661 0.00049116908 0.23882282868 3333.17436930739 0.00000000000 0.00000000000 0.00000000000 0.00000000000 0.00000000000 0.00000000000 0.23882333375
0.06928961781 0.00048997877 0.23882286374 3333.26561342689 0.00000000000 0.00000000000 0.00000000000 0.00000000000 0.00000000000 0.00000000000 0.23882336637
0.06929184893 0.00048880716 0.23882289890 3333.15704039537 0.00000000000 0.00000000000 0.00000000000 0.00000000000 0.00000000000 0.00000000000 0.23882339913
0.06929408981 0.00048765434 0.23882293416 3333.28402237723 0.00000000000 0.00000000000 0.00000000000 0.00000000000 0.00000000000 0.00000000000 0.23882343203
0.06929634030 0.00048652038 0.23882296952 3333.16613677128 0.00000000000 0.00000000000 0.00000000000 0.00000000000 0.00000000000 0.00000000000 0.23882346508
0.06929860024 0.00048540538 0.23882300497 3333.28350024048 0.00000000000 0.00000000000 0.00000000000 0.00000000000 0.00000000000 0.00000000000 0.23882349826
0.06930086946 0.00048430940 0.23882304052 3333.16806649374 0.00000000000 0.00000000000 0.00000000000 0.00000000000 0.00000000000 0.00000000000 0.23882353159
0.06930314781 0.00048323252 0.23882307616 3333.28787253064 0.00000000000 0.00000000000 0.00000000000 0.00000000000 0.00000000000 0.00000000000 0.23882356504
0.06930543512 0.00048217482 0.23882311188 3333.17181798264 0.00000000000 0.00000000000 0.00000000000 0.00000000000 0.00000000000 0.00000000000 0.23882359863
0.06930773124 0.00048113638 0.23882314769 3333.29099894262 0.00000000000 0.00000000000 0.00000000000 0.00000000000 0.00000000000 0.00000000000 0.23882363234
0.06931003600 0.00048011726 0.23882318358 3333.17514755825 0.00000000000 0.00000000000 0.00000000000 0.00000000000 0.00000000000 0.00000000000 0.23882366618
0.06931234924 0.00047911755 0.23882321956 3333.29452519933 0.00000000000 0.00000000000 0.00000000000 0.00000000000 0.00000000000 0.00000000000 0.23882370015
0.06931467080 0.00047813730 0.23882325561 3333.17864882223 0.00000000000 0.00000000000 0.00000000000 0.00000000000 0.00000000000 0.00000000000 0.23882373424
0.06931700051 0.00047717660 0.23882329174 3333.29799627276 0.00000000000 0.00000000000 0.00000000000 0.00000000000 0.00000000000 0.00000000000 0.23882376845
0.06931933820 0.00047623550 0.23882332795 3333.18215810883 0.00000000000 0.00000000000 0.00000000000 0.00000000000 0.00000000000 0.00000000000 0.23882380278
0.06932168372 0.00047531407 0.23882336422 3333.30153807754 0.00000000000 0.00000000000 0.00000000000 0.00000000000 0.00000000000 0.00000000000 0.23882383722
0.06932403690 0.00047441239 0.23882340057 3333.18571731202 0.00000000000 0.00000000000 0.00000000000 0.00000000000 0.00000000000 0.00000000000 0.23882387177
0.06932639757 0.00047353050 0.23882343698 3333.30510921247 0.00000000000 0.00000000000 0.00000000000 0.00000000000 0.00000000000 0.00000000000 0.23882390643
0.06932876556 0.00047266848 0.23882347346 3333.18930889696 0.00000000000 0.00000000000 0.00000000000 0.00000000000 0.00000000000 0.00000000000 0.23882394120
0.06933114072 0.00047182639 0.23882351000 3333.30871674434 0.00000000000 0.00000000000 0.00000000000 0.00000000000 0.00000000000 0.00000000000 0.23882397608
0.06933352286 0.00047100428 0.23882354661 3333.19293574372 0.00000000000 0.00000000000 0.00000000000 0.00000000000 0.00000000000 0.00000000000 0.23882401106
0.06933591182 0.00047020221 0.23882358326 3333.31235790051 0.00000000000 0.00000000000 0.00000000000 0.00000000000 0.00000000000 0.00000000000 0.23882404614
0.06933830744 0.00046942024 0.23882361998 3333.19659222836 0.00000000000 0.00000000000 0.00000000000 0.00000000000 0.00000000000 0.00000000000 0.23882408131
0.06934070954 0.00046865843 0.23882365675 3333.31602537684 0.00000000000 0.00000000000 0.00000000000 0.00000000000 0.00000000000 0.00000000000 0.23882411659
0.06934311795 0.00046791682 0.23882369357 3333.20027663622 0.00000000000 0.00000000000 0.00000000000 0.00000000000 0.00000000000 0.00000000000 0.23882415195
0.06934553252 0.00046719548 0.23882373043 3333.31972156822 0.00000000000 0.00000000000 0.00000000000 0.00000000000 0.00000000000 0.00000000000 0.23882418741
0.06934795305 0.00046649444 0.23882376735 3333.20398765696 0.00000000000 0.00000000000 0.00000000000 0.00000000000 0.00000000000 0.00000000000 0.23882422295
0.06935037939 0.00046581377 0.23882380430 3333.32344287023 0.00000000000 0.00000000000 0.00000000000 0.00000000000 0.00000000000 0.00000000000 0.23882425858
0.06935281136 0.00046515351 0.23882384130 3333.20772146400 0.00000000000 0.00000000000 0.00000000000 0.00000000000 0.00000000000 0.00000000000 0.23882429429
0.06935524879 0.00046451370 0.23882387834 3333.32718494847 0.00000000000 0.00000000000 0.00000000000 0.00000000000 0.00000000000 0.00000000000 0.23882433008
0.06935769151 0.00046389440 0.23882391541 3333.21147534043 0.00000000000 0.00000000000 0.00000000000 0.00000000000 0.00000000000 0.00000000000 0.23882436594
0.06936013935 0.00046329563 0.23882395251 3333.33094667550 0.00000000000 0.00000000000 0.00000000000 0.00000000000 0.00000000000 0.00000000000 0.23882440189
0.06936259213 0.00046271746 0.23882398965 3333.21524944328 0.00000000000 0.00000000000 0.00000000000 0.00000000000 0.00000000000 0.00000000000 0.23882443790
0.06936504968 0.00046215991 0.23882402682 3333.33472869148 0.00000000000 0.00000000000 0.00000000000 0.00000000000 0.00000000000 0.00000000000 0.23882447399
0.06936751183 0.00046162303 0.23882406401 3333.21904001633 0.00000000000 0.00000000000 0.00000000000 0.00000000000 0.00000000000 0.00000000000 0.23882451014
0.06936997840 0.00046110686 0.23882410122 3333.33852434258 0.00000000000 0.00000000000 0.00000000000 0.00000000000 0.00000000000 0.00000000000 0.23882454636
0.06937244922 0.00046061142 0.23882413846 3333.22284540762 0.00000000000 0.00000000000 0.00000000000 0.00000000000 0.00000000000 0.00000000000 0.23882458264
0.06937492412 0.00046013677 0.23882417572 3333.34233587338 0.00000000000 0.00000000000 0.00000000000 0.00000000000 0.00000000000 0.00000000000 0.23882461898
0.06937740291 0.00045968292 0.23882421299 3333.22666522623 0.00000000000 0.00000000000 0.00000000000 0.00000000000 0.00000000000 0.00000000000 0.23882465538
0.06937988544 0.00045924991 0.23882425027 3333.34616019348 0.00000000000 0.00000000000 0.00000000000 0.00000000000 0.00000000000 0.00000000000 0.23882469183
0.06938237151 0.00045883778 0.23882428757 3333.23049730251 0.00000000000 0.00000000000 0.00000000000 0.00000000000 0.00000000000 0.00000000000 0.23882472834
0.06938486095 0.00045844655 0.23882432488 3333.34999619424 0.00000000000 0.00000000000 0.00000000000 0.00000000000 0.00000000000 0.00000000000 0.23882476489
0.06938735360 0.00045807625 0.23882436219 3333.23433877440 0.00000000000 0.00000000000 0.00000000000 0.00000000000 0.00000000000 0.00000000000 0.23882480149
0.06938984926 0.00045772690 0.23882439950 3333.35384007783 0.00000000000 0.00000000000 0.00000000000 0.00000000000 0.00000000000 0.00000000000 0.23882483814
0.06939234778 0.00045739853 0.23882443682 3333.23818999241 0.00000000000 0.00000000000 0.00000000000 0.00000000000 0.00000000000 0.00000000000 0.23882487483
0.06939484896 0.00045709117 0.23882447414 3333.35769540021 0.00000000000 0.00000000000 0.00000000000 0.00000000000 0.00000000000 0.00000000000 0.23882491155
0.06939735264 0.00045680483 0.23882451145 3333.24204950878 0.00000000000 0.00000000000 0.00000000000 0.00000000000 0.00000000000 0.00000000000 0.23882494832
0.06939985864 0.00045653954 0.23882454875 3333.36155608817 0.00000000000 0.00000000000 0.00000000000 0.00000000000 0.00000000000 0.00000000000 0.23882498511
0.06940236678 0.00045629531 0.23882458605 3333.24591514551 0.00000000000 0.00000000000 0.00000000000 0.00000000000 0.00000000000 0.00000000000 0.23882502194
0.06940487688 0.00045607216 0.23882462333 3333.36542344185 0.00000000000 0.00000000000 0.00000000000 0.00000000000 0.00000000000 0.00000000000 0.23882505880
0.06940738876 0.00045587011 0.23882466060 3333.24978658018 0.00000000000 0.00000000000 0.00000000000 0.00000000000 0.00000000000 0.00000000000 0.23882509568
0.06940990226 0.00045568917 0.23882469785 3333.36929607226 0.00000000000 0.00000000000 0.00000000000 0.00000000000 0.00000000000 0.00000000000 0.23882513259
0.06941241719 0.00045552935 0.23882473509 3333.25366239495 0.00000000000 0.00000000000 0.00000000000 0.00000000000 0.00000000000 0.00000000000 0.23882516952
0.06941493337 0.00045539067 0.23882477230 3333.37317248344 0.00000000000 0.00000000000 0.00000000000 0.00000000000 0.00000000000 0.00000000000 0.23882520647
0.06941745062 0.00045527313 0.23882480948 3333.25754157226 0.00000000000 0.00000000000 0.00000000000 0.00000000000 0.00000000000 0.00000000000 0.23882524343
0.06941996878 0.00045517675 0.23882484664 3333.37705178783 0.00000000000 0.00000000000 0.00000000000 0.00000000000 0.00000000000 0.00000000000 0.23882528040
0.06942248766 0.00045510153 0.23882488377 3333.26142328362 0.00000000000 0.00000000000 0.00000000000 0.00000000000 0.00000000000 0.00000000000 0.23882531739
0.06942500708 0.00045504747 0.23882492087 3333.38093331562 0.00000000000 0.00000000000 0.00000000000 0.00000000000 0.00000000000 0.00000000000 0.23882535439
0.06942752687 0.00045501458 0.23882495793 3333.26530635442 0.00000000000 0.00000000000 0.00000000000 0.00000000000 0.00000000000 0.00000000000 0.23882539139
0.06943004684 0.00045500286 0.23882499496 3333.38481561962 0.00000000000 0.00000000000 0.00000000000 0.00000000000 0.00000000000 0.00000000000 0.23882542839
0.06943256683 0.00045501232 0.23882503194 3333.26918988574 0.00000000000 0.00000000000 0.00000000000 0.00000000000 0.00000000000 0.00000000000 0.23882546539
0.06943508665 0.00045504294 0.23882506889 3333.38869810434 0.00000000000 0.00000000000 0.00000000000 0.00000000000 0.00000000000 0.00000000000 0.23882550239
0.06943760612 0.00045509474 0.23882510578 3333.27307303905 0.00000000000 0.00000000000 0.00000000000 0.00000000000 0.00000000000 0.00000000000 0.23882553939
0.06944012506 0.00045516770 0.23882514263 3333.39257979286 0.00000000000 0.00000000000 0.00000000000 0.00000000000 0.00000000000 0.00000000000 0.23882557637
0.06944264331 0.00045526183 0.23882517943 3333.27695473429 0.00000000000 0.00000000000 0.00000000000 0.00000000000 0.00000000000 0.00000000000 0.23882561335
0.06944516068 0.00045537710 0.23882521617 3333.39645946483 0.00000000000 0.00000000000 0.00000000000 0.00000000000 0.00000000000 0.00000000000 0.23882565031
0.06944767699 0.00045551353 0.23882525286 3333.28083425513 0.00000000000 0.00000000000 0.00000000000 0.00000000000 0.00000000000 0.00000000000 0.23882568726
0.06945019207 0.00045567109 0.23882528949 3333.40033712269 0.00000000000 0.00000000000 0.00000000000 0.00000000000 0.00000000000 0.00000000000 0.23882572419
0.06945270573 0.00045584977 0.23882532606 3333.28471034466 0.00000000000 0.00000000000 0.00000000000 0.00000000000 0.00000000000 0.00000000000 0.23882576110
0.06945521781 0.00045604957 0.23882536257 3333.40420960575 0.00000000000 0.00000000000 0.00000000000 0.00000000000 0.00000000000 0.00000000000 0.23882579799
0.06945772812 0.00045627047 0.23882539900 3333.28858214300 0.00000000000 0.00000000000 0.00000000000 0.00000000000 0.00000000000 0.00000000000 0.23882583485
0.06946023648 0.00045651245 0.23882543537 3333.40807920728 0.00000000000 0.00000000000 0.00000000000 0.00000000000 0.00000000000 0.00000000000 0.23882587168
0.06946274273 0.00045677549 0.23882547167 3333.29244895253 0.00000000000 0.00000000000 0.00000000000 0.00000000000 0.00000000000 0.00000000000 0.23882590848
0.06946524667 0.00045705959 0.23882550790 3333.41194153892 0.00000000000 0.00000000000 0.00000000000 0.00000000000 0.00000000000 0.00000000000 0.23882594525
0.06946774815 0.00045736471 0.23882554404 3333.29630879391 0.00000000000 0.00000000000 0.00000000000 0.00000000000 0.00000000000 0.00000000000 0.23882598198
0.06947024697 0.00045769083 0.23882558011 3333.41579759519 0.00000000000 0.00000000000 0.00000000000 0.00000000000 0.00000000000 0.00000000000 0.23882601867
0.06947274296 0.00045803794 0.23882561609 3333.30016165025 0.00000000000 0.00000000000 0.00000000000 0.00000000000 0.00000000000 0.00000000000 0.23882605532
0.06947523596 0.00045840601 0.23882565199 3333.41964577637 0.00000000000 0.00000000000 0.00000000000 0.00000000000 0.00000000000 0.00000000000 0.23882609193
0.06947772577 0.00045879501 0.23882568781 3333.30400546661 0.00000000000 0.00000000000 0.00000000000 0.00000000000 0.00000000000 0.00000000000 0.23882612849
0.06948021223 0.00045920491 0.23882572353 3333.42348395007 0.00000000000 0.00000000000 0.00000000000 0.00000000000 0.00000000000 0.00000000000 0.23882616500
0.06948269515 0.00045963569 0.23882575916 3333.30783935798 0.00000000000 0.00000000000 0.00000000000 0.00000000000 0.00000000000 0.00000000000 0.23882620146
0.06948517438 0.00046008732 0.23882579469 3333.42731260761 0.00000000000 0.00000000000 0.00000000000 0.00000000000 0.00000000000 0.00000000000 0.23882623786
0.06948764972 0.00046055976 0.23882583013 3333.31166191459 0.00000000000 0.00000000000 0.00000000000 0.00000000000 0.00000000000 0.00000000000 0.23882627421
0.06949012100 0.00046105298 0.23882586547 3333.43112769094 0.00000000000 0.00000000000 0.00000000000 0.00000000000 0.00000000000 0.00000000000 0.23882631050
0.06949258806 0.00046156695 0.23882590070 3333.31547117920 0.00000000000 0.00000000000 0.00000000000 0.00000000000 0.00000000000 0.00000000000 0.23882634672
0.06949505071 0.00046210162 0.23882593583 3333.43493023403 0.00000000000 0.00000000000 0.00000000000 0.00000000000 0.00000000000 0.00000000000 0.23882638288
0.06949750878 0.00046265697 0.23882597084 3333.31926663270 0.00000000000 0.00000000000 0.00000000000 0.00000000000 0.00000000000 0.00000000000 0.23882641898
0.06949996211 0.00046323295 0.23882600575 3333.43871767511 0.00000000000 0.00000000000 0.00000000000 0.00000000000 0.00000000000 0.00000000000 0.23882645500
0.06950241051 0.00046382952 0.23882604055 3333.32304511591 0.00000000000 0.00000000000 0.00000000000 0.00000000000 0.00000000000 0.00000000000 0.23882649095
0.06950485381 0.00046444664 0.23882607522 3333.44248648940 0.00000000000 0.00000000000 0.00000000000 0.00000000000 0.00000000000 0.00000000000 0.23882652683
0.06950729184 0.00046508427 0.23882610978 3333.32680655599 0.00000000000 0.00000000000 0.00000000000 0.00000000000 0.00000000000 0.00000000000 0.23882656263
0.06950972443 0.00046574236 0.23882614422 3333.44623987309 0.00000000000 0.00000000000 0.00000000000 0.00000000000 0.00000000000 0.00000000000 0.23882659835
0.06951215141 0.00046642086 0.23882617853 3333.33054810337 0.00000000000 0.00000000000 0.00000000000 0.00000000000 0.00000000000 0.00000000000 0.23882663398
0.06951457260 0.00046711973 0.23882621272 3333.44996866747 0.00000000000 0.00000000000 0.00000000000 0.00000000000 0.00000000000 0.00000000000 0.23882666954
0.06951698784 0.00046783892 0.23882624677 3333.33426692818 0.00000000000 0.00000000000 0.00000000000 0.00000000000 0.00000000000 0.00000000000 0.23882670500
0.06951939695 0.00046857837 0.23882628070 3333.45367725153 0.00000000000 0.00000000000 0.00000000000 0.00000000000 0.00000000000 0.00000000000 0.23882674037
0.06952179976 0.00046933804 0.23882631449 3333.33796257465 0.00000000000 0.00000000000 0.00000000000 0.00000000000 0.00000000000 0.00000000000 0.23882677566
0.06952419612 0.00047011787 0.23882634814 3333.45735934226 0.00000000000 0.00000000000 0.00000000000 0.00000000000 0.00000000000 0.00000000000 0.23882681084
0.06952658583 0.00047091781 0.23882638166 3333.34163114825 0.00000000000 0.00000000000 0.00000000000 0.00000000000 0.00000000000 0.00000000000 0.23882684593
0.06952896874 0.00047173779 0.23882641503 3333.46101408366 0.00000000000 0.00000000000 0.00000000000 0.00000000000 0.00000000000 0.00000000000 0.23882688092
0.06953134468 0.00047257777 0.23882644826 3333.34527107304 0.00000000000 0.00000000000 0.00000000000 0.00000000000 0.00000000000 0.00000000000 0.23882691581
0.06953371349 0.00047343768 0.23882648133 3333.46463930699 0.00000000000 0.00000000000 0.00000000000 0.00000000000 0.00000000000 0.00000000000 0.23882695059
0.06953607498 0.00047431746 0.23882651426 3333.34887991325 0.00000000000 0.00000000000 0.00000000000 0.00000000000 0.00000000000 0.00000000000 0.23882698527
0.06953842900 0.00047521705 0.23882654704 3333.46823107299 0.00000000000 0.00000000000 0.00000000000 0.00000000000 0.00000000000 0.00000000000 0.23882701983
0.06954077539 0.00047613639 0.23882657966 3333.35245388833 0.00000000000 0.00000000000 0.00000000000 0.00000000000 0.00000000000 0.00000000000 0.23882705429
0.06954311396 0.00047707541 0.23882661213 3333.47178695539 0.00000000000 0.00000000000 0.00000000000 0.00000000000 0.00000000000 0.00000000000 0.23882708863
0.06954544457 0.00047803404 0.23882664443 3333.35599041717 0.00000000000 0.00000000000 0.00000000000 0.00000000000 0.00000000000 0.00000000000 0.23882712285
0.06954776705 0.00047901222 0.23882667658 3333.47530513596 0.00000000000 0.00000000000 0.00000000000 0.00000000000 0.00000000000 0.00000000000 0.23882715695
0.06955008122 0.00048000988 0.23882670855 3333.35948774951 0.00000000000 0.00000000000 0.00000000000 0.00000000000 0.00000000000 0.00000000000 0.23882719093
0.06955238694 0.00048102695 0.23882674036 3333.47878130504 0.00000000000 0.00000000000 0.00000000000 0.00000000000 0.00000000000 0.00000000000 0.23882722479
0.06955468403 0.00048206335 0.23882677200 3333.36294067322 0.00000000000 0.00000000000 0.00000000000 0.00000000000 0.00000000000 0.00000000000 0.23882725852
0.06955697233 0.00048311902 0.23882680347 3333.48221103198 0.00000000000 0.00000000000 0.00000000000 0.00000000000 0.00000000000 0.00000000000 0.23882729212
0.06955925169 0.00048419387 0.23882683476 3333.36634667639 0.00000000000 0.00000000000 0.00000000000 0.00000000000 0.00000000000 0.00000000000 0.23882732559
0.06956152194 0.00048528784 0.23882686588 3333.48559425009 0.00000000000 0.00000000000 0.00000000000 0.00000000000 0.00000000000 0.00000000000 0.23882735892
0.06956378292 0.00048640085 0.23882689681 3333.36970252754 0.00000000000 0.00000000000 0.00000000000 0.00000000000 0.00000000000 0.00000000000 0.23882739212
0.06956603447 0.00048753281 0.23882692757 3333.48892262481 0.00000000000 0.00000000000 0.00000000000 0.00000000000 0.00000000000 0.00000000000 0.23882742518
0.06956827643 0.00048868364 0.23882695814 3333.37300439303 0.00000000000 0.00000000000 0.00000000000 0.00000000000 0.00000000000 0.00000000000 0.23882745810
0.06957050865 0.00048985328 0.23882698852 3333.49219835666 0.00000000000 0.00000000000 0.00000000000 0.00000000000 0.00000000000 0.00000000000 0.23882749088
0.06957273096 0.00049104162 0.23882701871 3333.37624763836 0.00000000000 0.00000000000 0.00000000000 0.00000000000 0.00000000000 0.00000000000 0.23882752351
0.06957494322 0.00049224860 0.23882704871 3333.49540951035 0.00000000000 0.00000000000 0.00000000000 0.00000000000 0.00000000000 0.00000000000 0.23882755600
0.06957714525 0.00049347412 0.23882707851 3333.37942903100 0.00000000000 0.00000000000 0.00000000000 0.00000000000 0.00000000000 0.00000000000 0.23882758833
0.06957933692 0.00049471810 0.23882710812 3333.49856164921 0.00000000000 0.00000000000 0.00000000000 0.00000000000 0.00000000000 0.00000000000 0.23882762051
0.06958151806 0.00049598045 0.23882713753 3333.38254346276 0.00000000000 0.00000000000 0.00000000000 0.00000000000 0.00000000000 0.00000000000 0.23882765254
0.06958368852 0.00049726107 0.23882716674 3333.50163870816 0.00000000000 0.00000000000 0.00000000000 0.00000000000 0.00000000000 0.00000000000 0.23882768441
0.06958584815 0.00049855989 0.23882719574 3333.38558849537 0.00000000000 0.00000000000 0.00000000000 0.00000000000 0.00000000000 0.00000000000 0.23882771612
0.06958799679 0.00049987681 0.23882722454 3333.50465284071 0.00000000000 0.00000000000 0.00000000000 0.00000000000 0.00000000000 0.00000000000 0.23882774767
0.06959013429 0.00050121174 0.23882725313 3333.38855683588 0.00000000000 0.00000000000 0.00000000000 0.00000000000 0.00000000000 0.00000000000 0.23882777906
0.06959226051 0.00050256457 0.23882728150 3333.50757686817 0.00000000000 0.00000000000 0.00000000000 0.00000000000 0.00000000000 0.00000000000 0.23882781028
0.06959437528 0.00050393523 0.23882730967 3333.39144605627 0.00000000000 0.00000000000 0.00000000000 0.00000000000 0.00000000000 0.00000000000 0.23882784133
0.06959647847 0.00050532360 0.23882733762 3333.51043333966 0.00000000000 0.00000000000 0.00000000000 0.00000000000 0.00000000000 0.00000000000 0.23882787221
0.06959856992 0.00050672959 0.23882736535 3333.39425231121 0.00000000000 0.00000000000 0.00000000000 0.00000000000 0.00000000000 0.00000000000 0.23882790292
0.06960064949 0.00050815311 0.23882739286 3333.51318908600 0.00000000000 0.00000000000 0.00000000000 0.00000000000 0.00000000000 0.00000000000 0.23882793346
0.06960271703 0.00050959405 0.23882742015 3333.39696517098 0.00000000000 0.00000000000 0.00000000000 0.00000000000 0.00000000000 0.00000000000 0.23882796382
0.06960477239 0.00051105230 0.23882744721 3333.51586084045 0.00000000000 0.00000000000 0.00000000000 0.00000000000 0.00000000000 0.00000000000 0.23882799400
0.06960681544 0.00051252778 0.23882747405 3333.39958877930 0.00000000000 0.00000000000 0.00000000000 0.00000000000 0.00000000000 0.00000000000 0.23882802400
0.06960884601 0.00051402037 0.23882750066 3333.51843794255 0.00000000000 0.00000000000 0.00000000000 0.00000000000 0.00000000000 0.00000000000 0.23882805381
0.06961086398 0.00051552997 0.23882752704 3333.40211025779 0.00000000000 0.00000000000 0.00000000000 0.00000000000 0.00000000000 0.00000000000 0.23882808344
0.06961286919 0.00051705646 0.23882755318 3333.52090467848 0.00000000000 0.00000000000 0.00000000000 0.00000000000 0.00000000000 0.00000000000 0.23882811289
0.06961486152 0.00051859976 0.23882757909 3333.40452564975 0.00000000000 0.00000000000 0.00000000000 0.00000000000 0.00000000000 0.00000000000 0.23882814214
0.06961684080 0.00052015973 0.23882760476 3333.52326984738 0.00000000000 0.00000000000 0.00000000000 0.00000000000 0.00000000000 0.00000000000 0.23882817120
0.06961880692 0.00052173628 0.23882763019 3333.40683487732 0.00000000000 0.00000000000 0.00000000000 0.00000000000 0.00000000000 0.00000000000 0.23882820007
0.06962075972 0.00052332930 0.23882765538 3333.52552537055 0.00000000000 0.00000000000 0.00000000000 0.00000000000 0.00000000000 0.00000000000 0.23882822875
0.06962269908 0.00052493866 0.23882768032 3333.40902645494 0.00000000000 0.00000000000 0.00000000000 0.00000000000 0.00000000000 0.00000000000 0.23882825722
0.06962462485 0.00052656427 0.23882770502 3333.52765546106 0.00000000000 0.00000000000 0.00000000000 0.00000000000 0.00000000000 0.00000000000 0.23882828550
0.06962653689 0.00052820599 0.23882772947 3333.41109618868 0.00000000000 0.00000000000 0.00000000000 0.00000000000 0.00000000000 0.00000000000 0.23882831358
0.06962843508 0.00052986372 0.23882775367 3333.52966497217 0.00000000000 0.00000000000 0.00000000000 0.00000000000 0.00000000000 0.00000000000 0.23882834145
0.06963031927 0.00053153734 0.23882777762 3333.41304113459 0.00000000000 0.00000000000 0.00000000000 0.00000000000 0.00000000000 0.00000000000 0.23882836912
0.06963218935 0.00053322674 0.23882780131 3333.53154847694 0.00000000000 0.00000000000 0.00000000000 0.00000000000 0.00000000000 0.00000000000 0.23882839658
0.06963404516 0.00053493178 0.23882782475 3333.41485650337 0.00000000000 0.00000000000 0.00000000000 0.00000000000 0.00000000000 0.00000000000 0.23882842383
0.06963588659 0.00053665236 0.23882784793 3333.53329791895 0.00000000000 0.00000000000 0.00000000000 0.00000000000 0.00000000000 0.00000000000 0.23882845086
0.06963771350 0.00053838835 0.23882787085 3333.41652966042 0.00000000000 0.00000000000 0.00000000000 0.00000000000 0.00000000000 0.00000000000 0.23882847769
0.06963952576 0.00054013963 0.23882789350 3333.53489626683 0.00000000000 0.00000000000 0.00000000000 0.00000000000 0.00000000000 0.00000000000 0.23882850430
0.06964132325 0.00054190607 0.23882791590 3333.41806194207 0.00000000000 0.00000000000 0.00000000000 0.00000000000 0.00000000000 0.00000000000 0.23882853069
0.06964310584 0.00054368755 0.23882793802 3333.53636556642 0.00000000000 0.00000000000 0.00000000000 0.00000000000 0.00000000000 0.00000000000 0.23882855687
0.06964487340 0.00054548395 0.23882795988 3333.41944849929 0.00000000000 0.00000000000 0.00000000000 0.00000000000 0.00000000000 0.00000000000 0.23882858282
0.06964662581 0.00054729513 0.23882798147 3333.53767171401 0.00000000000 0.00000000000 0.00000000000 0.00000000000 0.00000000000 0.00000000000 0.23882860856
0.06964836295 0.00054912097 0.23882800279 3333.42067571998 0.00000000000 0.00000000000 0.00000000000 0.00000000000 0.00000000000 0.00000000000 0.23882863406
0.06965008468 0.00055096135 0.23882802383 3333.53882154146 0.00000000000 0.00000000000 0.00000000000 0.00000000000 0.00000000000 0.00000000000 0.23882865934
0.06965179090 0.00055281612 0.23882804460 3333.42174654249 0.00000000000 0.00000000000 0.00000000000 0.00000000000 0.00000000000 0.00000000000 0.23882868440
0.06965348148 0.00055468516 0.23882806509 3333.53981658071 0.00000000000 0.00000000000 0.00000000000 0.00000000000 0.00000000000 0.00000000000 0.23882870922
0.06965515630 0.00055656835 0.23882808530 3333.42265123222 0.00000000000 0.00000000000 0.00000000000 0.00000000000 0.00000000000 0.00000000000 0.23882873381
0.06965681524 0.00055846554 0.23882810523 3333.54063395249 0.00000000000 0.00000000000 0.00000000000 0.00000000000 0.00000000000 0.00000000000 0.23882875817
0.06965845818 0.00056037659 0.23882812488 3333.42338401511 0.00000000000 0.00000000000 0.00000000000 0.00000000000 0.00000000000 0.00000000000 0.23882878230
0.06966008502 0.00056230139 0.23882814424 3333.54128646891 0.00000000000 0.00000000000 0.00000000000 0.00000000000 0.00000000000 0.00000000000 0.23882880618
0.06966169563 0.00056423979 0.23882816332 3333.42394248319 0.00000000000 0.00000000000 0.00000000000 0.00000000000 0.00000000000 0.00000000000 0.23882882983
0.06966328990 0.00056619165 0.23882818211 3333.54175143852 0.00000000000 0.00000000000 0.00000000000 0.00000000000 0.00000000000 0.00000000000 0.23882885324
0.06966486772 0.00056815683 0.23882820061 3333.42431935789 0.00000000000 0.00000000000 0.00000000000 0.00000000000 0.00000000000 0.00000000000 0.23882887641
0.06966642898 0.00057013520 0.23882821882 3333.54204382155 0.00000000000 0.00000000000 0.00000000000 0.00000000000 0.00000000000 0.00000000000 0.23882889934
0.06966797356 0.00057212663 0.23882823674 3333.42450807863 0.00000000000 0.00000000000 0.00000000000 0.00000000000 0.00000000000 0.00000000000 0.23882892202
0.06966950136 0.00057413095 0.23882825436 3333.54213218398 0.00000000000 0.00000000000 0.00000000000 0.00000000000 0.00000000000 0.00000000000 0.23882894445
0.06967101228 0.00057614805 0.23882827169 3333.42450143646 0.00000000000 0.00000000000 0.00000000000 0.00000000000 0.00000000000 0.00000000000 0.23882896664
0.06967250619 0.00057817777 0.23882828872 3333.54203402582 0.00000000000 0.00000000000 0.00000000000 0.00000000000 0.00000000000 0.00000000000 0.23882898857
0.06967398301 0.00058021996 0.23882830545 3333.42430264311 0.00000000000 0.00000000000 0.00000000000 0.00000000000 0.00000000000 0.00000000000 0.23882901026
0.06967544261 0.00058227450 0.23882832188 3333.54173756774 0.00000000000 0.00000000000 0.00000000000 0.00000000000 0.00000000000 0.00000000000 0.23882903169
0.06967688491 0.00058434122 0.23882833801 3333.42390117481 0.00000000000 0.00000000000 0.00000000000 0.00000000000 0.00000000000 0.00000000000 0.23882905287
0.06967830980 0.00058641999 0.23882835384 3333.54123566786 0.00000000000 0.00000000000 0.00000000000 0.00000000000 0.00000000000 0.00000000000 0.23882907379
0.06967971717 0.00058851066 0.23882836937 3333.42328763782 0.00000000000 0.00000000000 0.00000000000 0.00000000000 0.00000000000 0.00000000000 0.23882909446
0.06968110694 0.00059061308 0.23882838458 3333.54051348496 0.00000000000 0.00000000000 0.00000000000 0.00000000000 0.00000000000 0.00000000000 0.23882911486
0.06968247899 0.00059272710 0.23882839949 3333.42247397904 0.00000000000 0.00000000000 0.00000000000 0.00000000000 0.00000000000 0.00000000000 0.23882913501
0.06968383324 0.00059485258 0.23882841409 3333.53961218133 0.00000000000 0.00000000000 0.00000000000 0.00000000000 0.00000000000 0.00000000000 0.23882915489
0.06968516959 0.00059698935 0.23882842838 3333.42141381794 0.00000000000 0.00000000000 0.00000000000 0.00000000000 0.00000000000 0.00000000000 0.23882917452
0.06968648795 0.00059913728 0.23882844236 3333.53839666338 0.00000000000 0.00000000000 0.00000000000 0.00000000000 0.00000000000 0.00000000000 0.23882919387
0.06968778821 0.00060129622 0.23882845603 3333.42025531752 0.00000000000 0.00000000000 0.00000000000 0.00000000000 0.00000000000 0.00000000000 0.23882921297
0.06968907029 0.00060346600 0.23882846938 3333.53729934410 0.00000000000 0.00000000000 0.00000000000 0.00000000000 0.00000000000 0.00000000000 0.23882923179
0.06969033410 0.00060564647 0.23882848242 3333.41840149003 0.00000000000 0.00000000000 0.00000000000 0.00000000000 0.00000000000 0.00000000000 0.23882925035
0.06969157956 0.00060783749 0.23882849514 3333.53469146092 0.00000000000 0.00000000000 0.00000000000 0.00000000000 0.00000000000 0.00000000000 0.23882926864
0.06969280656 0.00061003890 0.23882850755 3333.41809164629 0.00000000000 0.00000000000 0.00000000000 0.00000000000 0.00000000000 0.00000000000 0.23882928665
0.06969401503 0.00061225053 0.23882851963 3333.53668989557 0.00000000000 0.00000000000 0.00000000000 0.00000000000 0.00000000000 0.00000000000 0.23882930440
0.06969520488 0.00061447224 0.23882853140 3333.41491078338 0.00000000000 0.00000000000 0.00000000000 0.00000000000 0.00000000000 0.00000000000 0.23882932187
0.06969637602 0.00061670387 0.23882854284 3333.52807469390 0.00000000000 0.00000000000 0.00000000000 0.00000000000 0.00000000000 0.00000000000 0.23882933906
0.06969752838 0.00061894527 0.23882855396 3333.42676512022 0.00000000000 0.00000000000 0.00000000000 0.00000000000 0.00000000000 0.00000000000 0.23882935598
0.06969866187 0.00062119626 0.23882856475 3333.56154208183 0.00000000000 0.00000000000 0.00000000000 0.00000000000 0.00000000000 0.00000000000 0.23882937262
0.06969977641 0.00062345670 0.23882857523 3333.34338770397 0.00000000000 0.00000000000 0.00000000000 0.00000000000 0.00000000000 0.00000000000 0.23882938899
0.06970087193 0.00062572642 0.23882858538 3333.36039040895 0.00000000000 0.00000000000 0.00000000000 0.00000000000 0.00000000000 0.00000000000 0.23882940508
0.06970194834 0.00062800527 0.23882859521 3333.61255110541 0.00000000000 0.00000000000 0.00000000000 0.00000000000 0.00000000000 0.00000000000 0.23882942089
0.06970300557 0.00063029308 0.23882860472 3334.09970971013 0.00000000000 0.00000000000 0.00000000000 0.00000000000 0.00000000000 0.00000000000 0.23882943643
