VARIABLES=
"CoordinateX"
"CoordinateY"
"CoordinateZ"
"Kappa1"
"Kappa2"
"dy"
"dz"
"d2x"
"d2y"
"d2z"
"R"
ZONE T="Konrollpunkte"
I=101, J=1, K=1
0.06014111961 -0.00808056507 0.25129927019 0.00000000000 0.00000000000 0.00000000000 0.00000000000 0.00000000000 0.00000000000 0.00000000000 0.00000000000
0.06014122943 -0.00808393883 0.25129916618 0.00000000000 0.00000000000 0.00000000000 0.00000000000 0.00000000000 0.00000000000 0.00000000000 0.00000000000
0.06014153631 -0.00808955589 0.25129899800 0.00000000000 0.00000000000 0.00000000000 0.00000000000 0.00000000000 0.00000000000 0.00000000000 0.00000000000
0.06014184945 -0.00809404519 0.25129886627 0.00000000000 0.00000000000 0.00000000000 0.00000000000 0.00000000000 0.00000000000 0.00000000000 0.00000000000
0.06014222986 -0.00809852928 0.25129873739 0.00000000000 0.00000000000 0.00000000000 0.00000000000 0.00000000000 0.00000000000 0.00000000000 0.00000000000
0.06014267752 -0.00810300715 0.25129861138 0.00000000000 0.00000000000 0.00000000000 0.00000000000 0.00000000000 0.00000000000 0.00000000000 0.00000000000
0.06014319232 -0.00810747779 0.25129848827 0.00000000000 0.00000000000 0.00000000000 0.00000000000 0.00000000000 0.00000000000 0.00000000000 0.00000000000
0.06014377414 -0.00811194019 0.25129836810 0.00000000000 0.00000000000 0.00000000000 0.00000000000 0.00000000000 0.00000000000 0.00000000000 0.00000000000
0.06014442284 -0.00811639336 0.25129825089 0.00000000000 0.00000000000 0.00000000000 0.00000000000 0.00000000000 0.00000000000 0.00000000000 0.00000000000
0.06014513829 -0.00812083628 0.25129813666 0.00000000000 0.00000000000 0.00000000000 0.00000000000 0.00000000000 0.00000000000 0.00000000000 0.00000000000
0.06014592032 -0.00812526796 0.25129802545 0.00000000000 0.00000000000 0.00000000000 0.00000000000 0.00000000000 0.00000000000 0.00000000000 0.00000000000
0.06014676876 -0.00812968739 0.25129791728 0.00000000000 0.00000000000 0.00000000000 0.00000000000 0.00000000000 0.00000000000 0.00000000000 0.00000000000
0.06014768341 -0.00813409359 0.25129781217 0.00000000000 0.00000000000 0.00000000000 0.00000000000 0.00000000000 0.00000000000 0.00000000000 0.00000000000
0.06014866407 -0.00813848556 0.25129771014 0.00000000000 0.00000000000 0.00000000000 0.00000000000 0.00000000000 0.00000000000 0.00000000000 0.00000000000
0.06014971052 -0.00814286230 0.25129761123 0.00000000000 0.00000000000 0.00000000000 0.00000000000 0.00000000000 0.00000000000 0.00000000000 0.00000000000
0.06015082251 -0.00814722284 0.25129751545 0.00000000000 0.00000000000 0.00000000000 0.00000000000 0.00000000000 0.00000000000 0.00000000000 0.00000000000
0.06015199981 -0.00815156619 0.25129742283 0.00000000000 0.00000000000 0.00000000000 0.00000000000 0.00000000000 0.00000000000 0.00000000000 0.00000000000
0.06015324215 -0.00815589137 0.25129733339 0.00000000000 0.00000000000 0.00000000000 0.00000000000 0.00000000000 0.00000000000 0.00000000000 0.00000000000
0.06015454924 -0.00816019741 0.25129724715 0.00000000000 0.00000000000 0.00000000000 0.00000000000 0.00000000000 0.00000000000 0.00000000000 0.00000000000
0.06015592079 -0.00816448334 0.25129716413 0.00000000000 0.00000000000 0.00000000000 0.00000000000 0.00000000000 0.00000000000 0.00000000000 0.00000000000
0.06015735650 -0.00816874820 0.25129708435 0.00000000000 0.00000000000 0.00000000000 0.00000000000 0.00000000000 0.00000000000 0.00000000000 0.00000000000
0.06015885603 -0.00817299101 0.25129700783 0.00000000000 0.00000000000 0.00000000000 0.00000000000 0.00000000000 0.00000000000 0.00000000000 0.00000000000
0.06016041906 -0.00817721083 0.25129693458 0.00000000000 0.00000000000 0.00000000000 0.00000000000 0.00000000000 0.00000000000 0.00000000000 0.00000000000
0.06016204522 -0.00818140671 0.25129686463 0.00000000000 0.00000000000 0.00000000000 0.00000000000 0.00000000000 0.00000000000 0.00000000000 0.00000000000
0.06016373416 -0.00818557770 0.25129679800 0.00000000000 0.00000000000 0.00000000000 0.00000000000 0.00000000000 0.00000000000 0.00000000000 0.00000000000
0.06016548549 -0.00818972286 0.25129673469 0.00000000000 0.00000000000 0.00000000000 0.00000000000 0.00000000000 0.00000000000 0.00000000000 0.00000000000
0.06016729881 -0.00819384126 0.25129667473 0.00000000000 0.00000000000 0.00000000000 0.00000000000 0.00000000000 0.00000000000 0.00000000000 0.00000000000
0.06016917373 -0.00819793197 0.25129661812 0.00000000000 0.00000000000 0.00000000000 0.00000000000 0.00000000000 0.00000000000 0.00000000000 0.00000000000
0.06017110981 -0.00820199406 0.25129656489 0.00000000000 0.00000000000 0.00000000000 0.00000000000 0.00000000000 0.00000000000 0.00000000000 0.00000000000
0.06017310662 -0.00820602663 0.25129651505 0.00000000000 0.00000000000 0.00000000000 0.00000000000 0.00000000000 0.00000000000 0.00000000000 0.00000000000
0.06017516371 -0.00821002877 0.25129646860 0.00000000000 0.00000000000 0.00000000000 0.00000000000 0.00000000000 0.00000000000 0.00000000000 0.00000000000
0.06017728062 -0.00821399957 0.25129642557 0.00000000000 0.00000000000 0.00000000000 0.00000000000 0.00000000000 0.00000000000 0.00000000000 0.00000000000
0.06017945687 -0.00821793814 0.25129638595 0.00000000000 0.00000000000 0.00000000000 0.00000000000 0.00000000000 0.00000000000 0.00000000000 0.00000000000
0.06018169196 -0.00822184358 0.25129634977 0.00000000000 0.00000000000 0.00000000000 0.00000000000 0.00000000000 0.00000000000 0.00000000000 0.00000000000
0.06018398541 -0.00822571504 0.25129631704 0.00000000000 0.00000000000 0.00000000000 0.00000000000 0.00000000000 0.00000000000 0.00000000000 0.00000000000
0.06018633668 -0.00822955162 0.25129628775 0.00000000000 0.00000000000 0.00000000000 0.00000000000 0.00000000000 0.00000000000 0.00000000000 0.00000000000
0.06018874525 -0.00823335247 0.25129626193 0.00000000000 0.00000000000 0.00000000000 0.00000000000 0.00000000000 0.00000000000 0.00000000000 0.00000000000
0.06019121058 -0.00823711672 0.25129623957 0.00000000000 0.00000000000 0.00000000000 0.00000000000 0.00000000000 0.00000000000 0.00000000000 0.00000000000
0.06019373211 -0.00824084354 0.25129622068 0.00000000000 0.00000000000 0.00000000000 0.00000000000 0.00000000000 0.00000000000 0.00000000000 0.00000000000
0.06019630927 -0.00824453209 0.25129620528 0.00000000000 0.00000000000 0.00000000000 0.00000000000 0.00000000000 0.00000000000 0.00000000000 0.00000000000
0.06019894149 -0.00824818152 0.25129619336 0.00000000000 0.00000000000 0.00000000000 0.00000000000 0.00000000000 0.00000000000 0.00000000000 0.00000000000
0.06020162817 -0.00825179102 0.25129618493 0.00000000000 0.00000000000 0.00000000000 0.00000000000 0.00000000000 0.00000000000 0.00000000000 0.00000000000
0.06020436870 -0.00825535978 0.25129617999 0.00000000000 0.00000000000 0.00000000000 0.00000000000 0.00000000000 0.00000000000 0.00000000000 0.00000000000
0.06020716246 -0.00825888700 0.25129617855 0.00000000000 0.00000000000 0.00000000000 0.00000000000 0.00000000000 0.00000000000 0.00000000000 0.00000000000
0.06021000884 -0.00826237187 0.25129618061 0.00000000000 0.00000000000 0.00000000000 0.00000000000 0.00000000000 0.00000000000 0.00000000000 0.00000000000
0.06021290718 -0.00826581361 0.25129618616 0.00000000000 0.00000000000 0.00000000000 0.00000000000 0.00000000000 0.00000000000 0.00000000000 0.00000000000
0.06021585684 -0.00826921146 0.25129619522 0.00000000000 0.00000000000 0.00000000000 0.00000000000 0.00000000000 0.00000000000 0.00000000000 0.00000000000
0.06021885714 -0.00827256463 0.25129620777 0.00000000000 0.00000000000 0.00000000000 0.00000000000 0.00000000000 0.00000000000 0.00000000000 0.00000000000
0.06022190742 -0.00827587239 0.25129622383 0.00000000000 0.00000000000 0.00000000000 0.00000000000 0.00000000000 0.00000000000 0.00000000000 0.00000000000
0.06022500699 -0.00827913397 0.25129624338 0.00000000000 0.00000000000 0.00000000000 0.00000000000 0.00000000000 0.00000000000 0.00000000000 0.00000000000
0.06022815514 -0.00828234866 0.25129626642 0.00000000000 0.00000000000 0.00000000000 0.00000000000 0.00000000000 0.00000000000 0.00000000000 0.00000000000
0.06023135117 -0.00828551572 0.25129629296 0.00000000000 0.00000000000 0.00000000000 0.00000000000 0.00000000000 0.00000000000 0.00000000000 0.00000000000
0.06023459436 -0.00828863443 0.25129632298 0.00000000000 0.00000000000 0.00000000000 0.00000000000 0.00000000000 0.00000000000 0.00000000000 0.00000000000
0.06023788397 -0.00829170411 0.25129635648 0.00000000000 0.00000000000 0.00000000000 0.00000000000 0.00000000000 0.00000000000 0.00000000000 0.00000000000
0.06024121928 -0.00829472405 0.25129639346 0.00000000000 0.00000000000 0.00000000000 0.00000000000 0.00000000000 0.00000000000 0.00000000000 0.00000000000
0.06024459951 -0.00829769358 0.25129643391 0.00000000000 0.00000000000 0.00000000000 0.00000000000 0.00000000000 0.00000000000 0.00000000000 0.00000000000
0.06024802393 -0.00830061203 0.25129647782 0.00000000000 0.00000000000 0.00000000000 0.00000000000 0.00000000000 0.00000000000 0.00000000000 0.00000000000
0.06025149174 -0.00830347874 0.25129652518 0.00000000000 0.00000000000 0.00000000000 0.00000000000 0.00000000000 0.00000000000 0.00000000000 0.00000000000
0.06025500218 -0.00830629306 0.25129657599 0.00000000000 0.00000000000 0.00000000000 0.00000000000 0.00000000000 0.00000000000 0.00000000000 0.00000000000
0.06025855445 -0.00830905437 0.25129663024 0.00000000000 0.00000000000 0.00000000000 0.00000000000 0.00000000000 0.00000000000 0.00000000000 0.00000000000
0.06026214774 -0.00831176203 0.25129668791 0.00000000000 0.00000000000 0.00000000000 0.00000000000 0.00000000000 0.00000000000 0.00000000000 0.00000000000
0.06026578126 -0.00831441544 0.25129674899 0.00000000000 0.00000000000 0.00000000000 0.00000000000 0.00000000000 0.00000000000 0.00000000000 0.00000000000
0.06026945418 -0.00831701401 0.25129681348 0.00000000000 0.00000000000 0.00000000000 0.00000000000 0.00000000000 0.00000000000 0.00000000000 0.00000000000
0.06027316568 -0.00831955714 0.25129688135 0.00000000000 0.00000000000 0.00000000000 0.00000000000 0.00000000000 0.00000000000 0.00000000000 0.00000000000
0.06027691491 -0.00832204426 0.25129695260 0.00000000000 0.00000000000 0.00000000000 0.00000000000 0.00000000000 0.00000000000 0.00000000000 0.00000000000
0.06028070104 -0.00832447482 0.25129702721 0.00000000000 0.00000000000 0.00000000000 0.00000000000 0.00000000000 0.00000000000 0.00000000000 0.00000000000
0.06028452321 -0.00832684826 0.25129710516 0.00000000000 0.00000000000 0.00000000000 0.00000000000 0.00000000000 0.00000000000 0.00000000000 0.00000000000
0.06028838056 -0.00832916406 0.25129718645 0.00000000000 0.00000000000 0.00000000000 0.00000000000 0.00000000000 0.00000000000 0.00000000000 0.00000000000
0.06029227222 -0.00833142168 0.25129727105 0.00000000000 0.00000000000 0.00000000000 0.00000000000 0.00000000000 0.00000000000 0.00000000000 0.00000000000
0.06029619732 -0.00833362063 0.25129735894 0.00000000000 0.00000000000 0.00000000000 0.00000000000 0.00000000000 0.00000000000 0.00000000000 0.00000000000
0.06030015496 -0.00833576040 0.25129745011 0.00000000000 0.00000000000 0.00000000000 0.00000000000 0.00000000000 0.00000000000 0.00000000000 0.00000000000
0.06030414427 -0.00833784052 0.25129754454 0.00000000000 0.00000000000 0.00000000000 0.00000000000 0.00000000000 0.00000000000 0.00000000000 0.00000000000
0.06030816433 -0.00833986051 0.25129764221 0.00000000000 0.00000000000 0.00000000000 0.00000000000 0.00000000000 0.00000000000 0.00000000000 0.00000000000
0.06031221425 -0.00834181993 0.25129774309 0.00000000000 0.00000000000 0.00000000000 0.00000000000 0.00000000000 0.00000000000 0.00000000000 0.00000000000
0.06031629312 -0.00834371832 0.25129784718 0.00000000000 0.00000000000 0.00000000000 0.00000000000 0.00000000000 0.00000000000 0.00000000000 0.00000000000
0.06032040000 -0.00834555526 0.25129795443 0.00000000000 0.00000000000 0.00000000000 0.00000000000 0.00000000000 0.00000000000 0.00000000000 0.00000000000
0.06032453399 -0.00834733035 0.25129806484 0.00000000000 0.00000000000 0.00000000000 0.00000000000 0.00000000000 0.00000000000 0.00000000000 0.00000000000
0.06032869414 -0.00834904317 0.25129817838 0.00000000000 0.00000000000 0.00000000000 0.00000000000 0.00000000000 0.00000000000 0.00000000000 0.00000000000
0.06033287953 -0.00835069335 0.25129829502 0.00000000000 0.00000000000 0.00000000000 0.00000000000 0.00000000000 0.00000000000 0.00000000000 0.00000000000
0.06033708920 -0.00835228051 0.25129841473 0.00000000000 0.00000000000 0.00000000000 0.00000000000 0.00000000000 0.00000000000 0.00000000000 0.00000000000
0.06034132221 -0.00835380429 0.25129853751 0.00000000000 0.00000000000 0.00000000000 0.00000000000 0.00000000000 0.00000000000 0.00000000000 0.00000000000
0.06034557760 -0.00835526435 0.25129866330 0.00000000000 0.00000000000 0.00000000000 0.00000000000 0.00000000000 0.00000000000 0.00000000000 0.00000000000
0.06034985442 -0.00835666037 0.25129879210 0.00000000000 0.00000000000 0.00000000000 0.00000000000 0.00000000000 0.00000000000 0.00000000000 0.00000000000
0.06035415171 -0.00835799202 0.25129892387 0.00000000000 0.00000000000 0.00000000000 0.00000000000 0.00000000000 0.00000000000 0.00000000000 0.00000000000
0.06035846849 -0.00835925901 0.25129905858 0.00000000000 0.00000000000 0.00000000000 0.00000000000 0.00000000000 0.00000000000 0.00000000000 0.00000000000
0.06036280380 -0.00836046105 0.25129919621 0.00000000000 0.00000000000 0.00000000000 0.00000000000 0.00000000000 0.00000000000 0.00000000000 0.00000000000
0.06036715665 -0.00836159788 0.25129933672 0.00000000000 0.00000000000 0.00000000000 0.00000000000 0.00000000000 0.00000000000 0.00000000000 0.00000000000
0.06037152606 -0.00836266923 0.25129948008 0.00000000000 0.00000000000 0.00000000000 0.00000000000 0.00000000000 0.00000000000 0.00000000000 0.00000000000
0.06037591106 -0.00836367486 0.25129962626 0.00000000000 0.00000000000 0.00000000000 0.00000000000 0.00000000000 0.00000000000 0.00000000000 0.00000000000
0.06038031066 -0.00836461456 0.25129977523 0.00000000000 0.00000000000 0.00000000000 0.00000000000 0.00000000000 0.00000000000 0.00000000000 0.00000000000
0.06038472386 -0.00836548810 0.25129992695 0.00000000000 0.00000000000 0.00000000000 0.00000000000 0.00000000000 0.00000000000 0.00000000000 0.00000000000
0.06038914966 -0.00836629529 0.25130008140 0.00000000000 0.00000000000 0.00000000000 0.00000000000 0.00000000000 0.00000000000 0.00000000000 0.00000000000
0.06039358708 -0.00836703594 0.25130023854 0.00000000000 0.00000000000 0.00000000000 0.00000000000 0.00000000000 0.00000000000 0.00000000000 0.00000000000
0.06039803515 -0.00836770991 0.25130039833 0.00000000000 0.00000000000 0.00000000000 0.00000000000 0.00000000000 0.00000000000 0.00000000000 0.00000000000
0.06040249256 -0.00836831700 0.25130056073 0.00000000000 0.00000000000 0.00000000000 0.00000000000 0.00000000000 0.00000000000 0.00000000000 0.00000000000
0.06040696017 -0.00836885723 0.25130072578 0.00000000000 0.00000000000 0.00000000000 0.00000000000 0.00000000000 0.00000000000 0.00000000000 0.00000000000
0.06041142113 -0.00836932908 0.25130089282 0.00000000000 0.00000000000 0.00000000000 0.00000000000 0.00000000000 0.00000000000 0.00000000000 0.00000000000
0.06041585107 -0.00836973001 0.25130106096 0.00000000000 0.00000000000 0.00000000000 0.00000000000 0.00000000000 0.00000000000 0.00000000000 0.00000000000
0.06041971415 -0.00837002526 0.25130120939 0.00000000000 0.00000000000 0.00000000000 0.00000000000 0.00000000000 0.00000000000 0.00000000000 0.00000000000
0.06042500664 -0.00837035451 0.25130141525 0.00000000000 0.00000000000 0.00000000000 0.00000000000 0.00000000000 0.00000000000 0.00000000000 0.00000000000
0.06042938408 -0.00837054965 0.25130158809 0.00000000000 0.00000000000 0.00000000000 0.00000000000 0.00000000000 0.00000000000 0.00000000000 0.00000000000
ZONE T="NURB"
I=201, J=1, K=1
0.06014111961 -0.00808056507 0.25129927019 3263.83763172641 0.00000000000 0.00000000000 0.00000000000 0.00000000000 0.00000000000 0.00000000000 0.25142915250
0.06014120107 -0.00808281354 0.25129920120 3264.71339091104 0.00000000000 0.00000000000 0.00000000000 0.00000000000 0.00000000000 0.00000000000 0.25142915583
0.06014129904 -0.00808506123 0.25129913290 3265.06043542707 0.00000000000 0.00000000000 0.00000000000 0.00000000000 0.00000000000 0.00000000000 0.25142915983
0.06014141351 -0.00808730815 0.25129906530 3264.87848419386 0.00000000000 0.00000000000 0.00000000000 0.00000000000 0.00000000000 0.00000000000 0.25142916452
0.06014154469 -0.00808955414 0.25129899838 3346.26264022758 0.00000000000 0.00000000000 0.00000000000 0.00000000000 0.00000000000 0.00000000000 0.25142916990
0.06014169278 -0.00809179906 0.25129893218 3346.14340884106 0.00000000000 0.00000000000 0.00000000000 0.00000000000 0.00000000000 0.00000000000 0.25142917596
0.06014185772 -0.00809404280 0.25129886667 3332.55212230704 0.00000000000 0.00000000000 0.00000000000 0.00000000000 0.00000000000 0.00000000000 0.25142918272
0.06014203949 -0.00809628525 0.25129880188 3332.35942497182 0.00000000000 0.00000000000 0.00000000000 0.00000000000 0.00000000000 0.00000000000 0.25142919016
0.06014223806 -0.00809852626 0.25129873781 3335.13965287102 0.00000000000 0.00000000000 0.00000000000 0.00000000000 0.00000000000 0.00000000000 0.25142919829
0.06014245345 -0.00810076572 0.25129867445 3334.95745082082 0.00000000000 0.00000000000 0.00000000000 0.00000000000 0.00000000000 0.00000000000 0.25142920711
0.06014268562 -0.00810300350 0.25129861182 3334.92119998346 0.00000000000 0.00000000000 0.00000000000 0.00000000000 0.00000000000 0.00000000000 0.25142921661
0.06014293458 -0.00810523948 0.25129854991 3334.73705623489 0.00000000000 0.00000000000 0.00000000000 0.00000000000 0.00000000000 0.00000000000 0.25142922681
0.06014320030 -0.00810747352 0.25129848873 3335.18375816407 0.00000000000 0.00000000000 0.00000000000 0.00000000000 0.00000000000 0.00000000000 0.25142923769
0.06014348277 -0.00810970550 0.25129842828 3334.99933396448 0.00000000000 0.00000000000 0.00000000000 0.00000000000 0.00000000000 0.00000000000 0.25142924925
0.06014378198 -0.00811193530 0.25129836857 3335.36226093968 0.00000000000 0.00000000000 0.00000000000 0.00000000000 0.00000000000 0.00000000000 0.25142926151
0.06014409791 -0.00811416279 0.25129830960 3335.17723532889 0.00000000000 0.00000000000 0.00000000000 0.00000000000 0.00000000000 0.00000000000 0.25142927444
0.06014443054 -0.00811638785 0.25129825137 3335.55328268827 0.00000000000 0.00000000000 0.00000000000 0.00000000000 0.00000000000 0.00000000000 0.25142928806
0.06014477984 -0.00811861034 0.25129819389 3335.36761407191 0.00000000000 0.00000000000 0.00000000000 0.00000000000 0.00000000000 0.00000000000 0.25142930237
0.06014514582 -0.00812083015 0.25129813716 3335.73998841084 0.00000000000 0.00000000000 0.00000000000 0.00000000000 0.00000000000 0.00000000000 0.25142931735
0.06014552843 -0.00812304715 0.25129808118 3335.55358285781 0.00000000000 0.00000000000 0.00000000000 0.00000000000 0.00000000000 0.00000000000 0.25142933302
0.06014592766 -0.00812526122 0.25129802596 3335.92579214891 0.00000000000 0.00000000000 0.00000000000 0.00000000000 0.00000000000 0.00000000000 0.25142934936
0.06014634349 -0.00812747222 0.25129797150 3335.73856405117 0.00000000000 0.00000000000 0.00000000000 0.00000000000 0.00000000000 0.00000000000 0.25142936639
0.06014677590 -0.00812968004 0.25129791780 3336.11004139731 0.00000000000 0.00000000000 0.00000000000 0.00000000000 0.00000000000 0.00000000000 0.25142938410
0.06014722485 -0.00813188456 0.25129786486 3335.92190472892 0.00000000000 0.00000000000 0.00000000000 0.00000000000 0.00000000000 0.00000000000 0.25142940248
0.06014769033 -0.00813408564 0.25129781270 3336.29264745086 0.00000000000 0.00000000000 0.00000000000 0.00000000000 0.00000000000 0.00000000000 0.25142942154
0.06014817231 -0.00813628316 0.25129776130 3336.10351719859 0.00000000000 0.00000000000 0.00000000000 0.00000000000 0.00000000000 0.00000000000 0.25142944127
0.06014867076 -0.00813847700 0.25129771068 3336.47339345595 0.00000000000 0.00000000000 0.00000000000 0.00000000000 0.00000000000 0.00000000000 0.25142946168
0.06014918565 -0.00814066704 0.25129766084 3336.28318541193 0.00000000000 0.00000000000 0.00000000000 0.00000000000 0.00000000000 0.00000000000 0.25142948277
0.06014971695 -0.00814285316 0.25129761178 3336.65134222947 0.00000000000 0.00000000000 0.00000000000 0.00000000000 0.00000000000 0.00000000000 0.25142950452
0.06015026464 -0.00814503522 0.25129756350 3336.45997339481 0.00000000000 0.00000000000 0.00000000000 0.00000000000 0.00000000000 0.00000000000 0.25142952695
0.06015082868 -0.00814721311 0.25129751601 3336.82674331141 0.00000000000 0.00000000000 0.00000000000 0.00000000000 0.00000000000 0.00000000000 0.25142955004
0.06015140905 -0.00814938670 0.25129746931 3336.63413145823 0.00000000000 0.00000000000 0.00000000000 0.00000000000 0.00000000000 0.00000000000 0.25142957381
0.06015200570 -0.00815155588 0.25129742340 3336.99885472288 0.00000000000 0.00000000000 0.00000000000 0.00000000000 0.00000000000 0.00000000000 0.25142959824
0.06015261861 -0.00815372051 0.25129737828 3336.80491895917 0.00000000000 0.00000000000 0.00000000000 0.00000000000 0.00000000000 0.00000000000 0.25142962333
0.06015324774 -0.00815588048 0.25129733396 3337.16800160725 0.00000000000 0.00000000000 0.00000000000 0.00000000000 0.00000000000 0.00000000000 0.25142964909
0.06015389305 -0.00815803567 0.25129729044 3336.97266198043 0.00000000000 0.00000000000 0.00000000000 0.00000000000 0.00000000000 0.00000000000 0.25142967552
0.06015455451 -0.00816018596 0.25129724773 3337.33450525796 0.00000000000 0.00000000000 0.00000000000 0.00000000000 0.00000000000 0.00000000000 0.25142970260
0.06015523209 -0.00816233121 0.25129720582 3337.13768305304 0.00000000000 0.00000000000 0.00000000000 0.00000000000 0.00000000000 0.00000000000 0.25142973035
0.06015592573 -0.00816447133 0.25129716471 3337.49818214281 0.00000000000 0.00000000000 0.00000000000 0.00000000000 0.00000000000 0.00000000000 0.25142975875
0.06015663542 -0.00816660617 0.25129712442 3337.29980006213 0.00000000000 0.00000000000 0.00000000000 0.00000000000 0.00000000000 0.00000000000 0.25142978781
0.06015736109 -0.00816873563 0.25129708494 3337.65890159982 0.00000000000 0.00000000000 0.00000000000 0.00000000000 0.00000000000 0.00000000000 0.25142981752
0.06015810272 -0.00817085957 0.25129704627 3337.45888367959 0.00000000000 0.00000000000 0.00000000000 0.00000000000 0.00000000000 0.00000000000 0.25142984789
0.06015886026 -0.00817297790 0.25129700842 3337.81637841508 0.00000000000 0.00000000000 0.00000000000 0.00000000000 0.00000000000 0.00000000000 0.25142987891
0.06015963368 -0.00817509047 0.25129697139 3337.61465042068 0.00000000000 0.00000000000 0.00000000000 0.00000000000 0.00000000000 0.00000000000 0.25142991057
0.06016042291 -0.00817719718 0.25129693518 3337.96976766292 0.00000000000 0.00000000000 0.00000000000 0.00000000000 0.00000000000 0.00000000000 0.25142994289
0.06016122793 -0.00817929791 0.25129689979 3337.76625687839 0.00000000000 0.00000000000 0.00000000000 0.00000000000 0.00000000000 0.00000000000 0.25142997585
0.06016204868 -0.00818139253 0.25129686523 3338.11919404319 0.00000000000 0.00000000000 0.00000000000 0.00000000000 0.00000000000 0.00000000000 0.25143000946
0.06016288513 -0.00818348093 0.25129683150 3337.91382939354 0.00000000000 0.00000000000 0.00000000000 0.00000000000 0.00000000000 0.00000000000 0.25143004371
0.06016373721 -0.00818556300 0.25129679859 3338.26404860031 0.00000000000 0.00000000000 0.00000000000 0.00000000000 0.00000000000 0.00000000000 0.25143007860
0.06016460489 -0.00818763861 0.25129676652 3338.05676075385 0.00000000000 0.00000000000 0.00000000000 0.00000000000 0.00000000000 0.00000000000 0.25143011413
0.06016548812 -0.00818970765 0.25129673528 3338.40497294382 0.00000000000 0.00000000000 0.00000000000 0.00000000000 0.00000000000 0.00000000000 0.25143015029
0.06016638684 -0.00819177000 0.25129670488 3338.19569417267 0.00000000000 0.00000000000 0.00000000000 0.00000000000 0.00000000000 0.00000000000 0.25143018709
0.06016730101 -0.00819382554 0.25129667532 3338.54205164338 0.00000000000 0.00000000000 0.00000000000 0.00000000000 0.00000000000 0.00000000000 0.25143022452
0.06016823057 -0.00819587417 0.25129664660 3338.33071598551 0.00000000000 0.00000000000 0.00000000000 0.00000000000 0.00000000000 0.00000000000 0.25143026259
0.06016917547 -0.00819791576 0.25129661871 3338.67512225390 0.00000000000 0.00000000000 0.00000000000 0.00000000000 0.00000000000 0.00000000000 0.25143030128
0.06017013566 -0.00819995020 0.25129659167 3338.46166584173 0.00000000000 0.00000000000 0.00000000000 0.00000000000 0.00000000000 0.00000000000 0.25143034059
0.06017111108 -0.00820197737 0.25129656548 3338.80409600784 0.00000000000 0.00000000000 0.00000000000 0.00000000000 0.00000000000 0.00000000000 0.25143038053
0.06017210169 -0.00820399717 0.25129654013 3338.58845686173 0.00000000000 0.00000000000 0.00000000000 0.00000000000 0.00000000000 0.00000000000 0.25143042109
0.06017310742 -0.00820600947 0.25129651563 3338.92864717932 0.00000000000 0.00000000000 0.00000000000 0.00000000000 0.00000000000 0.00000000000 0.25143046227
0.06017412821 -0.00820801417 0.25129649198 3338.71076551133 0.00000000000 0.00000000000 0.00000000000 0.00000000000 0.00000000000 0.00000000000 0.25143050407
0.06017516401 -0.00821001115 0.25129646918 3339.04797956294 0.00000000000 0.00000000000 0.00000000000 0.00000000000 0.00000000000 0.00000000000 0.25143054648
0.06017621477 -0.00821200029 0.25129644723 3338.82779774627 0.00000000000 0.00000000000 0.00000000000 0.00000000000 0.00000000000 0.00000000000 0.25143058951
0.06017728041 -0.00821398150 0.25129642614 3339.16209329428 0.00000000000 0.00000000000 0.00000000000 0.00000000000 0.00000000000 0.00000000000 0.25143063314
0.06017836089 -0.00821595464 0.25129640590 3338.93955587016 0.00000000000 0.00000000000 0.00000000000 0.00000000000 0.00000000000 0.00000000000 0.25143067739
0.06017945614 -0.00821791963 0.25129638652 3339.27074978712 0.00000000000 0.00000000000 0.00000000000 0.00000000000 0.00000000000 0.00000000000 0.25143072223
0.06018056610 -0.00821987633 0.25129636800 3339.04580342956 0.00000000000 0.00000000000 0.00000000000 0.00000000000 0.00000000000 0.00000000000 0.25143076768
0.06018169070 -0.00822182465 0.25129635034 3339.37463102901 0.00000000000 0.00000000000 0.00000000000 0.00000000000 0.00000000000 0.00000000000 0.25143081373
0.06018282989 -0.00822376447 0.25129633353 3339.14722449453 0.00000000000 0.00000000000 0.00000000000 0.00000000000 0.00000000000 0.00000000000 0.25143086037
0.06018398360 -0.00822569569 0.25129631759 3339.47367932617 0.00000000000 0.00000000000 0.00000000000 0.00000000000 0.00000000000 0.00000000000 0.25143090761
0.06018515176 -0.00822761819 0.25129630251 3339.24376394320 0.00000000000 0.00000000000 0.00000000000 0.00000000000 0.00000000000 0.00000000000 0.25143095545
0.06018633431 -0.00822953187 0.25129628830 3339.56780161690 0.00000000000 0.00000000000 0.00000000000 0.00000000000 0.00000000000 0.00000000000 0.25143100387
0.06018753119 -0.00823143661 0.25129627494 3339.33533081547 0.00000000000 0.00000000000 0.00000000000 0.00000000000 0.00000000000 0.00000000000 0.25143105287
0.06018874231 -0.00823333232 0.25129626246 3339.65693085078 0.00000000000 0.00000000000 0.00000000000 0.00000000000 0.00000000000 0.00000000000 0.25143110247
0.06018996763 -0.00823521889 0.25129625084 3339.42186080584 0.00000000000 0.00000000000 0.00000000000 0.00000000000 0.00000000000 0.00000000000 0.25143115264
0.06019120706 -0.00823709620 0.25129624009 3339.74070288826 0.00000000000 0.00000000000 0.00000000000 0.00000000000 0.00000000000 0.00000000000 0.25143120339
0.06019246054 -0.00823896416 0.25129623021 3339.50299210796 0.00000000000 0.00000000000 0.00000000000 0.00000000000 0.00000000000 0.00000000000 0.25143125471
0.06019372799 -0.00824082266 0.25129622119 3339.81835844368 0.00000000000 0.00000000000 0.00000000000 0.00000000000 0.00000000000 0.00000000000 0.25143130661
0.06019500936 -0.00824267159 0.25129621305 3339.57796835420 0.00000000000 0.00000000000 0.00000000000 0.00000000000 0.00000000000 0.00000000000 0.25143135908
0.06019630455 -0.00824451085 0.25129620578 3339.88984148512 0.00000000000 0.00000000000 0.00000000000 0.00000000000 0.00000000000 0.00000000000 0.25143141211
0.06019761351 -0.00824634034 0.25129619937 3339.64673574921 0.00000000000 0.00000000000 0.00000000000 0.00000000000 0.00000000000 0.00000000000 0.25143146571
0.06019893615 -0.00824815995 0.25129619384 3339.95536344438 0.00000000000 0.00000000000 0.00000000000 0.00000000000 0.00000000000 0.00000000000 0.25143151987
0.06020027240 -0.00824996958 0.25129618918 3339.70950840524 0.00000000000 0.00000000000 0.00000000000 0.00000000000 0.00000000000 0.00000000000 0.25143157458
0.06020162220 -0.00825176913 0.25129618540 3340.01546625922 0.00000000000 0.00000000000 0.00000000000 0.00000000000 0.00000000000 0.00000000000 0.25143162985
0.06020298545 -0.00825355850 0.25129618248 3339.76683069129 0.00000000000 0.00000000000 0.00000000000 0.00000000000 0.00000000000 0.00000000000 0.25143168567
0.06020436209 -0.00825533758 0.25129618044 3340.07007464773 0.00000000000 0.00000000000 0.00000000000 0.00000000000 0.00000000000 0.00000000000 0.25143174204
0.06020575203 -0.00825710628 0.25129617928 3339.81863006467 0.00000000000 0.00000000000 0.00000000000 0.00000000000 0.00000000000 0.00000000000 0.25143179895
0.06020715520 -0.00825886450 0.25129617899 3340.11911236876 0.00000000000 0.00000000000 0.00000000000 0.00000000000 0.00000000000 0.00000000000 0.25143185641
0.06020857152 -0.00826061214 0.25129617957 3339.86483311318 0.00000000000 0.00000000000 0.00000000000 0.00000000000 0.00000000000 0.00000000000 0.25143191440
0.06021000092 -0.00826234909 0.25129618102 3340.16259527051 0.00000000000 0.00000000000 0.00000000000 0.00000000000 0.00000000000 0.00000000000 0.25143197293
0.06021144330 -0.00826407527 0.25129618336 3339.90545835725 0.00000000000 0.00000000000 0.00000000000 0.00000000000 0.00000000000 0.00000000000 0.25143203199
0.06021289859 -0.00826579057 0.25129618656 3340.20007301004 0.00000000000 0.00000000000 0.00000000000 0.00000000000 0.00000000000 0.00000000000 0.25143209158
0.06021436670 -0.00826749490 0.25129619064 3339.94005834918 0.00000000000 0.00000000000 0.00000000000 0.00000000000 0.00000000000 0.00000000000 0.25143215169
0.06021584756 -0.00826918816 0.25129619560 3340.23082365872 0.00000000000 0.00000000000 0.00000000000 0.00000000000 0.00000000000 0.00000000000 0.25143221233
0.06021734108 -0.00827087026 0.25129620143 3339.96791424244 0.00000000000 0.00000000000 0.00000000000 0.00000000000 0.00000000000 0.00000000000 0.25143227348
0.06021884718 -0.00827254111 0.25129620813 3340.25487121168 0.00000000000 0.00000000000 0.00000000000 0.00000000000 0.00000000000 0.00000000000 0.25143233515
0.06022036576 -0.00827420060 0.25129621571 3339.98905243061 0.00000000000 0.00000000000 0.00000000000 0.00000000000 0.00000000000 0.00000000000 0.25143239733
0.06022189676 -0.00827584864 0.25129622417 3340.27281062603 0.00000000000 0.00000000000 0.00000000000 0.00000000000 0.00000000000 0.00000000000 0.25143246002
0.06022344007 -0.00827748515 0.25129623349 3340.00407088776 0.00000000000 0.00000000000 0.00000000000 0.00000000000 0.00000000000 0.00000000000 0.25143252321
0.06022499561 -0.00827911002 0.25129624369 3340.28497465256 0.00000000000 0.00000000000 0.00000000000 0.00000000000 0.00000000000 0.00000000000 0.25143258690
0.06022656330 -0.00828072318 0.25129625477 3340.01330489434 0.00000000000 0.00000000000 0.00000000000 0.00000000000 0.00000000000 0.00000000000 0.25143265110
0.06022814305 -0.00828232452 0.25129626672 3340.29131959797 0.00000000000 0.00000000000 0.00000000000 0.00000000000 0.00000000000 0.00000000000 0.25143271578
0.06022973476 -0.00828391396 0.25129627954 3340.01671381597 0.00000000000 0.00000000000 0.00000000000 0.00000000000 0.00000000000 0.00000000000 0.25143278096
0.06023133835 -0.00828549141 0.25129629323 3340.29181542994 0.00000000000 0.00000000000 0.00000000000 0.00000000000 0.00000000000 0.00000000000 0.25143284662
0.06023295373 -0.00828705677 0.25129630779 3340.01427053449 0.00000000000 0.00000000000 0.00000000000 0.00000000000 0.00000000000 0.00000000000 0.25143291276
0.06023458081 -0.00828860997 0.25129632322 3340.28654213378 0.00000000000 0.00000000000 0.00000000000 0.00000000000 0.00000000000 0.00000000000 0.25143297938
0.06023621949 -0.00829015091 0.25129633953 3340.00605774397 0.00000000000 0.00000000000 0.00000000000 0.00000000000 0.00000000000 0.00000000000 0.25143304648
0.06023786969 -0.00829167951 0.25129635670 3340.27494510071 0.00000000000 0.00000000000 0.00000000000 0.00000000000 0.00000000000 0.00000000000 0.25143311405
0.06023953130 -0.00829319568 0.25129637474 3339.99152419621 0.00000000000 0.00000000000 0.00000000000 0.00000000000 0.00000000000 0.00000000000 0.25143318209
0.06024120424 -0.00829469933 0.25129639366 3340.25633125482 0.00000000000 0.00000000000 0.00000000000 0.00000000000 0.00000000000 0.00000000000 0.25143325059
0.06024288842 -0.00829619039 0.25129641343 3339.96997961147 0.00000000000 0.00000000000 0.00000000000 0.00000000000 0.00000000000 0.00000000000 0.25143331955
0.06024458373 -0.00829766876 0.25129643408 3340.23100196204 0.00000000000 0.00000000000 0.00000000000 0.00000000000 0.00000000000 0.00000000000 0.25143338897
0.06024629008 -0.00829913436 0.25129645559 3339.94172803608 0.00000000000 0.00000000000 0.00000000000 0.00000000000 0.00000000000 0.00000000000 0.25143345883
0.06024800738 -0.00830058712 0.25129647796 3340.19972165147 0.00000000000 0.00000000000 0.00000000000 0.00000000000 0.00000000000 0.00000000000 0.25143352915
0.06024973553 -0.00830202694 0.25129650120 3339.90753680979 0.00000000000 0.00000000000 0.00000000000 0.00000000000 0.00000000000 0.00000000000 0.25143359991
0.06025147443 -0.00830345376 0.25129652530 3340.16265721305 0.00000000000 0.00000000000 0.00000000000 0.00000000000 0.00000000000 0.00000000000 0.25143367111
0.06025322398 -0.00830486748 0.25129655026 3339.86757551087 0.00000000000 0.00000000000 0.00000000000 0.00000000000 0.00000000000 0.00000000000 0.25143374275
0.06025498409 -0.00830626803 0.25129657608 3340.11982586991 0.00000000000 0.00000000000 0.00000000000 0.00000000000 0.00000000000 0.00000000000 0.25143381482
0.06025675466 -0.00830765533 0.25129660275 3339.82186432010 0.00000000000 0.00000000000 0.00000000000 0.00000000000 0.00000000000 0.00000000000 0.25143388732
0.06025853558 -0.00830902930 0.25129663029 3340.07124376016 0.00000000000 0.00000000000 0.00000000000 0.00000000000 0.00000000000 0.00000000000 0.25143396024
0.06026032676 -0.00831038986 0.25129665868 3339.77042226533 0.00000000000 0.00000000000 0.00000000000 0.00000000000 0.00000000000 0.00000000000 0.25143403358
0.06026212810 -0.00831173695 0.25129668793 3340.01703376720 0.00000000000 0.00000000000 0.00000000000 0.00000000000 0.00000000000 0.00000000000 0.25143410734
0.06026393949 -0.00831307047 0.25129671803 3339.71337519306 0.00000000000 0.00000000000 0.00000000000 0.00000000000 0.00000000000 0.00000000000 0.25143418151
0.06026576083 -0.00831439036 0.25129674898 3339.95653980796 0.00000000000 0.00000000000 0.00000000000 0.00000000000 0.00000000000 0.00000000000 0.25143425609
0.06026759202 -0.00831569654 0.25129678078 3339.65006980958 0.00000000000 0.00000000000 0.00000000000 0.00000000000 0.00000000000 0.00000000000 0.25143433107
0.06026943296 -0.00831698894 0.25129681343 3339.88909581323 0.00000000000 0.00000000000 0.00000000000 0.00000000000 0.00000000000 0.00000000000 0.25143440645
0.06027128354 -0.00831826749 0.25129684693 3339.57984321914 0.00000000000 0.00000000000 0.00000000000 0.00000000000 0.00000000000 0.00000000000 0.25143448222
0.06027314366 -0.00831953211 0.25129688127 3339.81545141679 0.00000000000 0.00000000000 0.00000000000 0.00000000000 0.00000000000 0.00000000000 0.25143455839
0.06027501321 -0.00832078273 0.25129691646 3339.50344725761 0.00000000000 0.00000000000 0.00000000000 0.00000000000 0.00000000000 0.00000000000 0.25143463494
0.06027689209 -0.00832201929 0.25129695249 3339.73628798262 0.00000000000 0.00000000000 0.00000000000 0.00000000000 0.00000000000 0.00000000000 0.25143471187
0.06027878020 -0.00832324171 0.25129698936 3339.42156624948 0.00000000000 0.00000000000 0.00000000000 0.00000000000 0.00000000000 0.00000000000 0.25143478918
0.06028067742 -0.00832444992 0.25129702706 3339.65171091493 0.00000000000 0.00000000000 0.00000000000 0.00000000000 0.00000000000 0.00000000000 0.25143486687
0.06028258365 -0.00832564386 0.25129706561 3339.33430797220 0.00000000000 0.00000000000 0.00000000000 0.00000000000 0.00000000000 0.00000000000 0.25143494492
0.06028449878 -0.00832682346 0.25129710498 3339.56178656344 0.00000000000 0.00000000000 0.00000000000 0.00000000000 0.00000000000 0.00000000000 0.25143502334
0.06028642271 -0.00832798864 0.25129714519 3339.24174187654 0.00000000000 0.00000000000 0.00000000000 0.00000000000 0.00000000000 0.00000000000 0.25143510212
0.06028835533 -0.00832913936 0.25129718623 3339.46659243087 0.00000000000 0.00000000000 0.00000000000 0.00000000000 0.00000000000 0.00000000000 0.25143518125
0.06029029652 -0.00833027554 0.25129722810 3339.14394763548 0.00000000000 0.00000000000 0.00000000000 0.00000000000 0.00000000000 0.00000000000 0.25143526073
0.06029224618 -0.00833139712 0.25129727079 3339.36627410572 0.00000000000 0.00000000000 0.00000000000 0.00000000000 0.00000000000 0.00000000000 0.25143534057
0.06029420420 -0.00833250403 0.25129731431 3339.04107407133 0.00000000000 0.00000000000 0.00000000000 0.00000000000 0.00000000000 0.00000000000 0.25143542074
0.06029617046 -0.00833359621 0.25129735865 3339.26000841494 0.00000000000 0.00000000000 0.00000000000 0.00000000000 0.00000000000 0.00000000000 0.25143550125
0.06029814487 -0.00833467360 0.25129740381 3338.93230035840 0.00000000000 0.00000000000 0.00000000000 0.00000000000 0.00000000000 0.00000000000 0.25143558210
0.06030012730 -0.00833573615 0.25129744978 3339.14732239003 0.00000000000 0.00000000000 0.00000000000 0.00000000000 0.00000000000 0.00000000000 0.25143566327
0.06030211764 -0.00833678379 0.25129749657 3338.81715629800 0.00000000000 0.00000000000 0.00000000000 0.00000000000 0.00000000000 0.00000000000 0.25143574477
0.06030411579 -0.00833781645 0.25129754417 3339.02935351003 0.00000000000 0.00000000000 0.00000000000 0.00000000000 0.00000000000 0.00000000000 0.25143582658
0.06030612163 -0.00833883409 0.25129759258 3338.69678152278 0.00000000000 0.00000000000 0.00000000000 0.00000000000 0.00000000000 0.00000000000 0.25143590871
0.06030813504 -0.00833983665 0.25129764180 3338.90659416878 0.00000000000 0.00000000000 0.00000000000 0.00000000000 0.00000000000 0.00000000000 0.25143599116
0.06031015592 -0.00834082407 0.25129769182 3338.57167066681 0.00000000000 0.00000000000 0.00000000000 0.00000000000 0.00000000000 0.00000000000 0.25143607390
0.06031218415 -0.00834179629 0.25129774264 3338.77914764965 0.00000000000 0.00000000000 0.00000000000 0.00000000000 0.00000000000 0.00000000000 0.25143615695
0.06031421961 -0.00834275326 0.25129779426 3338.44192953066 0.00000000000 0.00000000000 0.00000000000 0.00000000000 0.00000000000 0.00000000000 0.25143624030
0.06031626220 -0.00834369493 0.25129784668 3338.64713581216 0.00000000000 0.00000000000 0.00000000000 0.00000000000 0.00000000000 0.00000000000 0.25143632393
0.06031831179 -0.00834462124 0.25129789990 3338.30768214914 0.00000000000 0.00000000000 0.00000000000 0.00000000000 0.00000000000 0.00000000000 0.25143640786
0.06032036827 -0.00834553214 0.25129795390 3338.51065992080 0.00000000000 0.00000000000 0.00000000000 0.00000000000 0.00000000000 0.00000000000 0.25143649206
0.06032243153 -0.00834642757 0.25129800869 3338.16903238899 0.00000000000 0.00000000000 0.00000000000 0.00000000000 0.00000000000 0.00000000000 0.25143657654
0.06032450144 -0.00834730750 0.25129806426 3338.36990997165 0.00000000000 0.00000000000 0.00000000000 0.00000000000 0.00000000000 0.00000000000 0.25143666130
0.06032657790 -0.00834817187 0.25129812062 3338.02617210973 0.00000000000 0.00000000000 0.00000000000 0.00000000000 0.00000000000 0.00000000000 0.25143674632
0.06032866079 -0.00834902063 0.25129817776 3338.22380555144 0.00000000000 0.00000000000 0.00000000000 0.00000000000 0.00000000000 0.00000000000 0.25143683161
0.06033074998 -0.00834985373 0.25129823567 3337.87802371050 0.00000000000 0.00000000000 0.00000000000 0.00000000000 0.00000000000 0.00000000000 0.25143691715
0.06033284536 -0.00835067112 0.25129829435 3338.07230334895 0.00000000000 0.00000000000 0.00000000000 0.00000000000 0.00000000000 0.00000000000 0.25143700295
0.06033494681 -0.00835147277 0.25129835381 3337.72454567437 0.00000000000 0.00000000000 0.00000000000 0.00000000000 0.00000000000 0.00000000000 0.25143708900
0.06033705422 -0.00835225862 0.25129841403 3337.91672251073 0.00000000000 0.00000000000 0.00000000000 0.00000000000 0.00000000000 0.00000000000 0.25143717529
0.06033916747 -0.00835302863 0.25129847501 3337.56705885974 0.00000000000 0.00000000000 0.00000000000 0.00000000000 0.00000000000 0.00000000000 0.25143726182
0.06034128643 -0.00835378276 0.25129853676 3337.75735730069 0.00000000000 0.00000000000 0.00000000000 0.00000000000 0.00000000000 0.00000000000 0.25143734858
0.06034341099 -0.00835452096 0.25129859926 3337.40585945767 0.00000000000 0.00000000000 0.00000000000 0.00000000000 0.00000000000 0.00000000000 0.25143743557
0.06034554102 -0.00835524320 0.25129866251 3337.59435167367 0.00000000000 0.00000000000 0.00000000000 0.00000000000 0.00000000000 0.00000000000 0.25143752279
0.06034767642 -0.00835594943 0.25129872651 3337.24109334788 0.00000000000 0.00000000000 0.00000000000 0.00000000000 0.00000000000 0.00000000000 0.25143761023
0.06034981705 -0.00835663961 0.25129879126 3337.42785906079 0.00000000000 0.00000000000 0.00000000000 0.00000000000 0.00000000000 0.00000000000 0.25143769788
0.06035196280 -0.00835731371 0.25129885675 3337.07291568948 0.00000000000 0.00000000000 0.00000000000 0.00000000000 0.00000000000 0.00000000000 0.25143778574
0.06035411354 -0.00835797168 0.25129892298 3337.25802710211 0.00000000000 0.00000000000 0.00000000000 0.00000000000 0.00000000000 0.00000000000 0.25143787380
0.06035626916 -0.00835861349 0.25129898995 3336.90147619593 0.00000000000 0.00000000000 0.00000000000 0.00000000000 0.00000000000 0.00000000000 0.25143796207
0.06035842953 -0.00835923911 0.25129905765 3337.08499901498 0.00000000000 0.00000000000 0.00000000000 0.00000000000 0.00000000000 0.00000000000 0.25143805053
0.06036059454 -0.00835984849 0.25129912607 3336.72691931208 0.00000000000 0.00000000000 0.00000000000 0.00000000000 0.00000000000 0.00000000000 0.25143813918
0.06036276405 -0.00836044161 0.25129919523 3336.90746668005 0.00000000000 0.00000000000 0.00000000000 0.00000000000 0.00000000000 0.00000000000 0.25143822801
0.06036493795 -0.00836101842 0.25129926510 3336.54793965175 0.00000000000 0.00000000000 0.00000000000 0.00000000000 0.00000000000 0.00000000000 0.25143831702
0.06036711612 -0.00836157891 0.25129933569 3336.72602214824 0.00000000000 0.00000000000 0.00000000000 0.00000000000 0.00000000000 0.00000000000 0.25143840621
0.06036929843 -0.00836212302 0.25129940699 3336.36512811479 0.00000000000 0.00000000000 0.00000000000 0.00000000000 0.00000000000 0.00000000000 0.25143849557
0.06037148477 -0.00836265075 0.25129947900 3336.54179172223 0.00000000000 0.00000000000 0.00000000000 0.00000000000 0.00000000000 0.00000000000 0.25143858509
0.06037367499 -0.00836316205 0.25129955171 3336.17962459277 0.00000000000 0.00000000000 0.00000000000 0.00000000000 0.00000000000 0.00000000000 0.25143867477
0.06037586900 -0.00836365690 0.25129962513 3336.35540399745 0.00000000000 0.00000000000 0.00000000000 0.00000000000 0.00000000000 0.00000000000 0.25143876461
0.06037806665 -0.00836413526 0.25129969925 3335.99198661147 0.00000000000 0.00000000000 0.00000000000 0.00000000000 0.00000000000 0.00000000000 0.25143885459
0.06038026783 -0.00836459712 0.25129977405 3336.16479231280 0.00000000000 0.00000000000 0.00000000000 0.00000000000 0.00000000000 0.00000000000 0.25143894472
0.06038247241 -0.00836504245 0.25129984955 3335.80057217657 0.00000000000 0.00000000000 0.00000000000 0.00000000000 0.00000000000 0.00000000000 0.25143903499
0.06038468027 -0.00836547121 0.25129992573 3335.98153859139 0.00000000000 0.00000000000 0.00000000000 0.00000000000 0.00000000000 0.00000000000 0.25143912540
0.06038689128 -0.00836588339 0.25130000259 3335.61449294359 0.00000000000 0.00000000000 0.00000000000 0.00000000000 0.00000000000 0.00000000000 0.25143921593
0.06038910533 -0.00836627897 0.25130008013 3335.74894668190 0.00000000000 0.00000000000 0.00000000000 0.00000000000 0.00000000000 0.00000000000 0.25143930659
0.06039132227 -0.00836665792 0.25130015834 3335.39147650229 0.00000000000 0.00000000000 0.00000000000 0.00000000000 0.00000000000 0.00000000000 0.25143939736
0.06039354201 -0.00836702022 0.25130023722 3335.74256057160 0.00000000000 0.00000000000 0.00000000000 0.00000000000 0.00000000000 0.00000000000 0.25143948825
0.06039576440 -0.00836736585 0.25130031676 3335.32291792028 0.00000000000 0.00000000000 0.00000000000 0.00000000000 0.00000000000 0.00000000000 0.25143957925
0.06039798930 -0.00836769478 0.25130039696 3334.68192923808 0.00000000000 0.00000000000 0.00000000000 0.00000000000 0.00000000000 0.00000000000 0.25143967035
0.06040021654 -0.00836800701 0.25130047781 3334.61918227093 0.00000000000 0.00000000000 0.00000000000 0.00000000000 0.00000000000 0.00000000000 0.25143976155
0.06040244621 -0.00836830252 0.25130055932 3338.11462276184 0.00000000000 0.00000000000 0.00000000000 0.00000000000 0.00000000000 0.00000000000 0.25143985285
0.06040467844 -0.00836858132 0.25130064148 3335.96470873145 0.00000000000 0.00000000000 0.00000000000 0.00000000000 0.00000000000 0.00000000000 0.25143994425
0.06040691179 -0.00836884329 0.25130072426 3324.80710727391 0.00000000000 0.00000000000 0.00000000000 0.00000000000 0.00000000000 0.00000000000 0.25144003569
0.06040914471 -0.00836908829 0.25130080758 3334.81528533005 0.00000000000 0.00000000000 0.00000000000 0.00000000000 0.00000000000 0.00000000000 0.25144012712
0.06041138469 -0.00836931694 0.25130089173 3353.21981749284 0.00000000000 0.00000000000 0.00000000000 0.00000000000 0.00000000000 0.00000000000 0.25144021884
0.06041363987 -0.00836952989 0.25130097703 3292.98745607807 0.00000000000 0.00000000000 0.00000000000 0.00000000000 0.00000000000 0.00000000000 0.25144031118
0.06041584607 -0.00836972235 0.25130106101 3376.78929660214 0.00000000000 0.00000000000 0.00000000000 0.00000000000 0.00000000000 0.00000000000 0.25144040152
0.06041793483 -0.00836988924 0.25130114103 3776.87478155961 0.00000000000 0.00000000000 0.00000000000 0.00000000000 0.00000000000 0.00000000000 0.25144048705
0.06041998794 -0.00837003722 0.25130122021 3628.40665364029 0.00000000000 0.00000000000 0.00000000000 0.00000000000 0.00000000000 0.00000000000 0.25144057111
0.06042207279 -0.00837017172 0.25130130114 3264.08403707860 0.00000000000 0.00000000000 0.00000000000 0.00000000000 0.00000000000 0.00000000000 0.25144065648
0.06042430477 -0.00837030011 0.25130138831 2479.78577621986 0.00000000000 0.00000000000 0.00000000000 0.00000000000 0.00000000000 0.00000000000 0.25144074787
0.06042674187 -0.00837042609 0.25130148396 1927.73489307496 0.00000000000 0.00000000000 0.00000000000 0.00000000000 0.00000000000 0.00000000000 0.25144084766
0.06042938408 -0.00837054965 0.25130158809 1528.00586102928 0.00000000000 0.00000000000 0.00000000000 0.00000000000 0.00000000000 0.00000000000 0.25144095585
