VARIABLES=
"CoordinateX"
"CoordinateY"
"CoordinateZ"
"Kappa1"
"Kappa2"
"dy"
"dz"
"d2x"
"d2y"
"d2z"
"R"
ZONE T="Konrollpunkte"
I=101, J=1, K=1
0.03153927589 -0.00806216304 0.26015104308 0.00000000000 0.00000000000 0.00000000000 0.00000000000 0.00000000000 0.00000000000 0.00000000000 0.00000000000
0.03154328743 -0.00806027612 0.26015048695 0.00000000000 0.00000000000 0.00000000000 0.00000000000 0.00000000000 0.00000000000 0.00000000000 0.00000000000
0.03154935172 -0.00805754790 0.26014964238 0.00000000000 0.00000000000 0.00000000000 0.00000000000 0.00000000000 0.00000000000 0.00000000000 0.00000000000
0.03155752458 -0.00805411759 0.26014849646 0.00000000000 0.00000000000 0.00000000000 0.00000000000 0.00000000000 0.00000000000 0.00000000000 0.00000000000
0.03156369606 -0.00805164926 0.26014762735 0.00000000000 0.00000000000 0.00000000000 0.00000000000 0.00000000000 0.00000000000 0.00000000000 0.00000000000
0.03156990764 -0.00804928600 0.26014674883 0.00000000000 0.00000000000 0.00000000000 0.00000000000 0.00000000000 0.00000000000 0.00000000000 0.00000000000
0.03157615757 -0.00804702849 0.26014586114 0.00000000000 0.00000000000 0.00000000000 0.00000000000 0.00000000000 0.00000000000 0.00000000000 0.00000000000
0.03158244410 -0.00804487737 0.26014496453 0.00000000000 0.00000000000 0.00000000000 0.00000000000 0.00000000000 0.00000000000 0.00000000000 0.00000000000
0.03158876544 -0.00804283325 0.26014405926 0.00000000000 0.00000000000 0.00000000000 0.00000000000 0.00000000000 0.00000000000 0.00000000000 0.00000000000
0.03159511982 -0.00804089669 0.26014314559 0.00000000000 0.00000000000 0.00000000000 0.00000000000 0.00000000000 0.00000000000 0.00000000000 0.00000000000
0.03160150544 -0.00803906824 0.26014222378 0.00000000000 0.00000000000 0.00000000000 0.00000000000 0.00000000000 0.00000000000 0.00000000000 0.00000000000
0.03160792052 -0.00803734842 0.26014129409 0.00000000000 0.00000000000 0.00000000000 0.00000000000 0.00000000000 0.00000000000 0.00000000000 0.00000000000
0.03161436323 -0.00803573771 0.26014035678 0.00000000000 0.00000000000 0.00000000000 0.00000000000 0.00000000000 0.00000000000 0.00000000000 0.00000000000
0.03162083178 -0.00803423658 0.26013941213 0.00000000000 0.00000000000 0.00000000000 0.00000000000 0.00000000000 0.00000000000 0.00000000000 0.00000000000
0.03162732432 -0.00803284543 0.26013846039 0.00000000000 0.00000000000 0.00000000000 0.00000000000 0.00000000000 0.00000000000 0.00000000000 0.00000000000
0.03163383905 -0.00803156466 0.26013750183 0.00000000000 0.00000000000 0.00000000000 0.00000000000 0.00000000000 0.00000000000 0.00000000000 0.00000000000
0.03164037411 -0.00803039463 0.26013653674 0.00000000000 0.00000000000 0.00000000000 0.00000000000 0.00000000000 0.00000000000 0.00000000000 0.00000000000
0.03164692768 -0.00802933568 0.26013556538 0.00000000000 0.00000000000 0.00000000000 0.00000000000 0.00000000000 0.00000000000 0.00000000000 0.00000000000
0.03165349789 -0.00802838810 0.26013458802 0.00000000000 0.00000000000 0.00000000000 0.00000000000 0.00000000000 0.00000000000 0.00000000000 0.00000000000
0.03166008291 -0.00802755216 0.26013360495 0.00000000000 0.00000000000 0.00000000000 0.00000000000 0.00000000000 0.00000000000 0.00000000000 0.00000000000
0.03166668088 -0.00802682808 0.26013261645 0.00000000000 0.00000000000 0.00000000000 0.00000000000 0.00000000000 0.00000000000 0.00000000000 0.00000000000
0.03167328993 -0.00802621609 0.26013162278 0.00000000000 0.00000000000 0.00000000000 0.00000000000 0.00000000000 0.00000000000 0.00000000000 0.00000000000
0.03167990821 -0.00802571635 0.26013062423 0.00000000000 0.00000000000 0.00000000000 0.00000000000 0.00000000000 0.00000000000 0.00000000000 0.00000000000
0.03168653385 -0.00802532899 0.26012962109 0.00000000000 0.00000000000 0.00000000000 0.00000000000 0.00000000000 0.00000000000 0.00000000000 0.00000000000
0.03169316499 -0.00802505414 0.26012861364 0.00000000000 0.00000000000 0.00000000000 0.00000000000 0.00000000000 0.00000000000 0.00000000000 0.00000000000
0.03169979976 -0.00802489186 0.26012760216 0.00000000000 0.00000000000 0.00000000000 0.00000000000 0.00000000000 0.00000000000 0.00000000000 0.00000000000
0.03170643628 -0.00802484220 0.26012658693 0.00000000000 0.00000000000 0.00000000000 0.00000000000 0.00000000000 0.00000000000 0.00000000000 0.00000000000
0.03171307270 -0.00802490518 0.26012556825 0.00000000000 0.00000000000 0.00000000000 0.00000000000 0.00000000000 0.00000000000 0.00000000000 0.00000000000
0.03171970713 -0.00802508078 0.26012454639 0.00000000000 0.00000000000 0.00000000000 0.00000000000 0.00000000000 0.00000000000 0.00000000000 0.00000000000
0.03172633771 -0.00802536895 0.26012352165 0.00000000000 0.00000000000 0.00000000000 0.00000000000 0.00000000000 0.00000000000 0.00000000000 0.00000000000
0.03173296258 -0.00802576961 0.26012249432 0.00000000000 0.00000000000 0.00000000000 0.00000000000 0.00000000000 0.00000000000 0.00000000000 0.00000000000
0.03173957986 -0.00802628264 0.26012146468 0.00000000000 0.00000000000 0.00000000000 0.00000000000 0.00000000000 0.00000000000 0.00000000000 0.00000000000
0.03174618770 -0.00802690790 0.26012043302 0.00000000000 0.00000000000 0.00000000000 0.00000000000 0.00000000000 0.00000000000 0.00000000000 0.00000000000
0.03175278422 -0.00802764522 0.26011939964 0.00000000000 0.00000000000 0.00000000000 0.00000000000 0.00000000000 0.00000000000 0.00000000000 0.00000000000
0.03175936758 -0.00802849438 0.26011836481 0.00000000000 0.00000000000 0.00000000000 0.00000000000 0.00000000000 0.00000000000 0.00000000000 0.00000000000
0.03176593592 -0.00802945515 0.26011732885 0.00000000000 0.00000000000 0.00000000000 0.00000000000 0.00000000000 0.00000000000 0.00000000000 0.00000000000
0.03177248738 -0.00803052726 0.26011629202 0.00000000000 0.00000000000 0.00000000000 0.00000000000 0.00000000000 0.00000000000 0.00000000000 0.00000000000
0.03177902012 -0.00803171040 0.26011525463 0.00000000000 0.00000000000 0.00000000000 0.00000000000 0.00000000000 0.00000000000 0.00000000000 0.00000000000
0.03178553231 -0.00803300425 0.26011421697 0.00000000000 0.00000000000 0.00000000000 0.00000000000 0.00000000000 0.00000000000 0.00000000000 0.00000000000
0.03179202210 -0.00803440843 0.26011317932 0.00000000000 0.00000000000 0.00000000000 0.00000000000 0.00000000000 0.00000000000 0.00000000000 0.00000000000
0.03179848768 -0.00803592255 0.26011214198 0.00000000000 0.00000000000 0.00000000000 0.00000000000 0.00000000000 0.00000000000 0.00000000000 0.00000000000
0.03180492721 -0.00803754618 0.26011110523 0.00000000000 0.00000000000 0.00000000000 0.00000000000 0.00000000000 0.00000000000 0.00000000000 0.00000000000
0.03181133888 -0.00803927888 0.26011006937 0.00000000000 0.00000000000 0.00000000000 0.00000000000 0.00000000000 0.00000000000 0.00000000000 0.00000000000
0.03181772089 -0.00804112014 0.26010903469 0.00000000000 0.00000000000 0.00000000000 0.00000000000 0.00000000000 0.00000000000 0.00000000000 0.00000000000
0.03182407144 -0.00804306945 0.26010800148 0.00000000000 0.00000000000 0.00000000000 0.00000000000 0.00000000000 0.00000000000 0.00000000000 0.00000000000
0.03183038874 -0.00804512626 0.26010697001 0.00000000000 0.00000000000 0.00000000000 0.00000000000 0.00000000000 0.00000000000 0.00000000000 0.00000000000
0.03183667101 -0.00804729000 0.26010594059 0.00000000000 0.00000000000 0.00000000000 0.00000000000 0.00000000000 0.00000000000 0.00000000000 0.00000000000
0.03184291648 -0.00804956004 0.26010491350 0.00000000000 0.00000000000 0.00000000000 0.00000000000 0.00000000000 0.00000000000 0.00000000000 0.00000000000
0.03184912339 -0.00805193576 0.26010388903 0.00000000000 0.00000000000 0.00000000000 0.00000000000 0.00000000000 0.00000000000 0.00000000000 0.00000000000
0.03185528999 -0.00805441648 0.26010286745 0.00000000000 0.00000000000 0.00000000000 0.00000000000 0.00000000000 0.00000000000 0.00000000000 0.00000000000
0.03186141455 -0.00805700151 0.26010184907 0.00000000000 0.00000000000 0.00000000000 0.00000000000 0.00000000000 0.00000000000 0.00000000000 0.00000000000
0.03186749535 -0.00805969011 0.26010083415 0.00000000000 0.00000000000 0.00000000000 0.00000000000 0.00000000000 0.00000000000 0.00000000000 0.00000000000
0.03187353065 -0.00806248152 0.26009982298 0.00000000000 0.00000000000 0.00000000000 0.00000000000 0.00000000000 0.00000000000 0.00000000000 0.00000000000
0.03187951878 -0.00806537497 0.26009881585 0.00000000000 0.00000000000 0.00000000000 0.00000000000 0.00000000000 0.00000000000 0.00000000000 0.00000000000
0.03188545803 -0.00806836964 0.26009781304 0.00000000000 0.00000000000 0.00000000000 0.00000000000 0.00000000000 0.00000000000 0.00000000000 0.00000000000
0.03189134675 -0.00807146468 0.26009681481 0.00000000000 0.00000000000 0.00000000000 0.00000000000 0.00000000000 0.00000000000 0.00000000000 0.00000000000
0.03189718326 -0.00807465922 0.26009582146 0.00000000000 0.00000000000 0.00000000000 0.00000000000 0.00000000000 0.00000000000 0.00000000000 0.00000000000
0.03190296592 -0.00807795235 0.26009483326 0.00000000000 0.00000000000 0.00000000000 0.00000000000 0.00000000000 0.00000000000 0.00000000000 0.00000000000
0.03190869311 -0.00808134317 0.26009385048 0.00000000000 0.00000000000 0.00000000000 0.00000000000 0.00000000000 0.00000000000 0.00000000000 0.00000000000
0.03191436321 -0.00808483070 0.26009287339 0.00000000000 0.00000000000 0.00000000000 0.00000000000 0.00000000000 0.00000000000 0.00000000000 0.00000000000
0.03191997463 -0.00808841396 0.26009190227 0.00000000000 0.00000000000 0.00000000000 0.00000000000 0.00000000000 0.00000000000 0.00000000000 0.00000000000
0.03192552578 -0.00809209195 0.26009093739 0.00000000000 0.00000000000 0.00000000000 0.00000000000 0.00000000000 0.00000000000 0.00000000000 0.00000000000
0.03193101510 -0.00809586363 0.26008997901 0.00000000000 0.00000000000 0.00000000000 0.00000000000 0.00000000000 0.00000000000 0.00000000000 0.00000000000
0.03193644104 -0.00809972793 0.26008902740 0.00000000000 0.00000000000 0.00000000000 0.00000000000 0.00000000000 0.00000000000 0.00000000000 0.00000000000
0.03194180208 -0.00810368377 0.26008808282 0.00000000000 0.00000000000 0.00000000000 0.00000000000 0.00000000000 0.00000000000 0.00000000000 0.00000000000
0.03194709670 -0.00810773004 0.26008714554 0.00000000000 0.00000000000 0.00000000000 0.00000000000 0.00000000000 0.00000000000 0.00000000000 0.00000000000
0.03195232341 -0.00811186558 0.26008621581 0.00000000000 0.00000000000 0.00000000000 0.00000000000 0.00000000000 0.00000000000 0.00000000000 0.00000000000
0.03195748075 -0.00811608925 0.26008529390 0.00000000000 0.00000000000 0.00000000000 0.00000000000 0.00000000000 0.00000000000 0.00000000000 0.00000000000
0.03196256725 -0.00812039984 0.26008438006 0.00000000000 0.00000000000 0.00000000000 0.00000000000 0.00000000000 0.00000000000 0.00000000000 0.00000000000
0.03196758149 -0.00812479615 0.26008347453 0.00000000000 0.00000000000 0.00000000000 0.00000000000 0.00000000000 0.00000000000 0.00000000000 0.00000000000
0.03197252205 -0.00812927693 0.26008257758 0.00000000000 0.00000000000 0.00000000000 0.00000000000 0.00000000000 0.00000000000 0.00000000000 0.00000000000
0.03197738754 -0.00813384092 0.26008168945 0.00000000000 0.00000000000 0.00000000000 0.00000000000 0.00000000000 0.00000000000 0.00000000000 0.00000000000
0.03198217659 -0.00813848684 0.26008081039 0.00000000000 0.00000000000 0.00000000000 0.00000000000 0.00000000000 0.00000000000 0.00000000000 0.00000000000
0.03198688785 -0.00814321338 0.26007994064 0.00000000000 0.00000000000 0.00000000000 0.00000000000 0.00000000000 0.00000000000 0.00000000000 0.00000000000
0.03199151999 -0.00814801920 0.26007908044 0.00000000000 0.00000000000 0.00000000000 0.00000000000 0.00000000000 0.00000000000 0.00000000000 0.00000000000
0.03199607172 -0.00815290296 0.26007823002 0.00000000000 0.00000000000 0.00000000000 0.00000000000 0.00000000000 0.00000000000 0.00000000000 0.00000000000
0.03200054173 -0.00815786327 0.26007738963 0.00000000000 0.00000000000 0.00000000000 0.00000000000 0.00000000000 0.00000000000 0.00000000000 0.00000000000
0.03200492879 -0.00816289874 0.26007655950 0.00000000000 0.00000000000 0.00000000000 0.00000000000 0.00000000000 0.00000000000 0.00000000000 0.00000000000
0.03200923165 -0.00816800795 0.26007573985 0.00000000000 0.00000000000 0.00000000000 0.00000000000 0.00000000000 0.00000000000 0.00000000000 0.00000000000
0.03201344910 -0.00817318945 0.26007493092 0.00000000000 0.00000000000 0.00000000000 0.00000000000 0.00000000000 0.00000000000 0.00000000000 0.00000000000
0.03201757994 -0.00817844180 0.26007413292 0.00000000000 0.00000000000 0.00000000000 0.00000000000 0.00000000000 0.00000000000 0.00000000000 0.00000000000
0.03202162303 -0.00818376351 0.26007334608 0.00000000000 0.00000000000 0.00000000000 0.00000000000 0.00000000000 0.00000000000 0.00000000000 0.00000000000
0.03202557721 -0.00818915309 0.26007257061 0.00000000000 0.00000000000 0.00000000000 0.00000000000 0.00000000000 0.00000000000 0.00000000000 0.00000000000
0.03202944138 -0.00819460900 0.26007180673 0.00000000000 0.00000000000 0.00000000000 0.00000000000 0.00000000000 0.00000000000 0.00000000000 0.00000000000
0.03203321444 -0.00820012972 0.26007105465 0.00000000000 0.00000000000 0.00000000000 0.00000000000 0.00000000000 0.00000000000 0.00000000000 0.00000000000
0.03203689534 -0.00820571369 0.26007031457 0.00000000000 0.00000000000 0.00000000000 0.00000000000 0.00000000000 0.00000000000 0.00000000000 0.00000000000
0.03204048304 -0.00821135934 0.26006958671 0.00000000000 0.00000000000 0.00000000000 0.00000000000 0.00000000000 0.00000000000 0.00000000000 0.00000000000
0.03204397651 -0.00821706508 0.26006887126 0.00000000000 0.00000000000 0.00000000000 0.00000000000 0.00000000000 0.00000000000 0.00000000000 0.00000000000
0.03204737479 -0.00822282929 0.26006816842 0.00000000000 0.00000000000 0.00000000000 0.00000000000 0.00000000000 0.00000000000 0.00000000000 0.00000000000
0.03205067692 -0.00822865036 0.26006747838 0.00000000000 0.00000000000 0.00000000000 0.00000000000 0.00000000000 0.00000000000 0.00000000000 0.00000000000
0.03205388195 -0.00823452664 0.26006680134 0.00000000000 0.00000000000 0.00000000000 0.00000000000 0.00000000000 0.00000000000 0.00000000000 0.00000000000
0.03205698900 -0.00824045649 0.26006613749 0.00000000000 0.00000000000 0.00000000000 0.00000000000 0.00000000000 0.00000000000 0.00000000000 0.00000000000
0.03205999719 -0.00824643822 0.26006548700 0.00000000000 0.00000000000 0.00000000000 0.00000000000 0.00000000000 0.00000000000 0.00000000000 0.00000000000
0.03206290566 -0.00825247016 0.26006485005 0.00000000000 0.00000000000 0.00000000000 0.00000000000 0.00000000000 0.00000000000 0.00000000000 0.00000000000
0.03206571360 -0.00825855060 0.26006422682 0.00000000000 0.00000000000 0.00000000000 0.00000000000 0.00000000000 0.00000000000 0.00000000000 0.00000000000
0.03206842022 -0.00826467784 0.26006361749 0.00000000000 0.00000000000 0.00000000000 0.00000000000 0.00000000000 0.00000000000 0.00000000000 0.00000000000
0.03207102475 -0.00827085013 0.26006302222 0.00000000000 0.00000000000 0.00000000000 0.00000000000 0.00000000000 0.00000000000 0.00000000000 0.00000000000
0.03207352647 -0.00827706576 0.26006244118 0.00000000000 0.00000000000 0.00000000000 0.00000000000 0.00000000000 0.00000000000 0.00000000000 0.00000000000
0.03207672406 -0.00828540869 0.26006168561 0.00000000000 0.00000000000 0.00000000000 0.00000000000 0.00000000000 0.00000000000 0.00000000000 0.00000000000
0.03207896595 -0.00829172562 0.26006114079 0.00000000000 0.00000000000 0.00000000000 0.00000000000 0.00000000000 0.00000000000 0.00000000000 0.00000000000
0.03208039023 -0.00829596107 0.26006078750 0.00000000000 0.00000000000 0.00000000000 0.00000000000 0.00000000000 0.00000000000 0.00000000000 0.00000000000
ZONE T="NURB"
I=201, J=1, K=1
0.03153927589 -0.00806216304 0.26015104308 2513.93938083529 0.00000000000 0.00000000000 0.00000000000 0.00000000000 0.00000000000 0.00000000000 0.26027593759
0.03154229038 -0.00806076063 0.26015062469 2513.37411853997 0.00000000000 0.00000000000 0.00000000000 0.00000000000 0.00000000000 0.00000000000 0.26027547597
0.03154531641 -0.00805938386 0.26015020374 2512.98217014282 0.00000000000 0.00000000000 0.00000000000 0.00000000000 0.00000000000 0.00000000000 0.26027501258
0.03154835376 -0.00805803282 0.26014978024 2512.76366095891 0.00000000000 0.00000000000 0.00000000000 0.00000000000 0.00000000000 0.00000000000 0.26027454746
0.03155140221 -0.00805670760 0.26014935424 2512.71860065741 0.00000000000 0.00000000000 0.00000000000 0.00000000000 0.00000000000 0.00000000000 0.26027408064
0.03155446155 -0.00805540829 0.26014892577 2512.40361945857 0.00000000000 0.00000000000 0.00000000000 0.00000000000 0.00000000000 0.00000000000 0.26027361215
0.03155753157 -0.00805413499 0.26014849485 2512.26187720525 0.00000000000 0.00000000000 0.00000000000 0.00000000000 0.00000000000 0.00000000000 0.26027314203
0.03156061205 -0.00805288778 0.26014806151 2511.95677273414 0.00000000000 0.00000000000 0.00000000000 0.00000000000 0.00000000000 0.00000000000 0.26027267030
0.03156370277 -0.00805166676 0.26014762578 2511.82553780221 0.00000000000 0.00000000000 0.00000000000 0.00000000000 0.00000000000 0.00000000000 0.26027219701
0.03156680351 -0.00805047201 0.26014718770 2511.51011108998 0.00000000000 0.00000000000 0.00000000000 0.00000000000 0.00000000000 0.00000000000 0.26027172218
0.03156991406 -0.00804930361 0.26014674730 2511.36847616052 0.00000000000 0.00000000000 0.00000000000 0.00000000000 0.00000000000 0.00000000000 0.26027124585
0.03157303420 -0.00804816166 0.26014630460 2511.04881219546 0.00000000000 0.00000000000 0.00000000000 0.00000000000 0.00000000000 0.00000000000 0.26027076805
0.03157616371 -0.00804704621 0.26014585965 2510.90303094733 0.00000000000 0.00000000000 0.00000000000 0.00000000000 0.00000000000 0.00000000000 0.26027028882
0.03157930236 -0.00804595737 0.26014541246 2510.57707495356 0.00000000000 0.00000000000 0.00000000000 0.00000000000 0.00000000000 0.00000000000 0.26026980819
0.03158244994 -0.00804489519 0.26014496308 2510.42509976693 0.00000000000 0.00000000000 0.00000000000 0.00000000000 0.00000000000 0.00000000000 0.26026932619
0.03158560622 -0.00804385977 0.26014451153 2510.09373059630 0.00000000000 0.00000000000 0.00000000000 0.00000000000 0.00000000000 0.00000000000 0.26026884286
0.03158877099 -0.00804285116 0.26014405786 2509.93644083905 0.00000000000 0.00000000000 0.00000000000 0.00000000000 0.00000000000 0.00000000000 0.26026835822
0.03159194401 -0.00804186944 0.26014360208 2509.59976323796 0.00000000000 0.00000000000 0.00000000000 0.00000000000 0.00000000000 0.00000000000 0.26026787233
0.03159512507 -0.00804091469 0.26014314423 2509.43726593778 0.00000000000 0.00000000000 0.00000000000 0.00000000000 0.00000000000 0.00000000000 0.26026738520
0.03159831394 -0.00803998696 0.26014268435 2509.09559258247 0.00000000000 0.00000000000 0.00000000000 0.00000000000 0.00000000000 0.00000000000 0.26026689688
0.03160151040 -0.00803908633 0.26014222246 2508.92820212452 0.00000000000 0.00000000000 0.00000000000 0.00000000000 0.00000000000 0.00000000000 0.26026640739
0.03160471422 -0.00803821285 0.26014175861 2508.58180146211 0.00000000000 0.00000000000 0.00000000000 0.00000000000 0.00000000000 0.00000000000 0.26026591678
0.03160792518 -0.00803736659 0.26014129281 2508.40978818332 0.00000000000 0.00000000000 0.00000000000 0.00000000000 0.00000000000 0.00000000000 0.26026542507
0.03161114305 -0.00803654761 0.26014082512 2508.05894120760 0.00000000000 0.00000000000 0.00000000000 0.00000000000 0.00000000000 0.00000000000 0.26026493231
0.03161436760 -0.00803575596 0.26014035555 2507.88258776421 0.00000000000 0.00000000000 0.00000000000 0.00000000000 0.00000000000 0.00000000000 0.26026443852
0.03161759861 -0.00803499170 0.26013988414 2507.52758154013 0.00000000000 0.00000000000 0.00000000000 0.00000000000 0.00000000000 0.00000000000 0.26026394375
0.03162083585 -0.00803425489 0.26013941094 2507.34717629602 0.00000000000 0.00000000000 0.00000000000 0.00000000000 0.00000000000 0.00000000000 0.26026344802
0.03162407908 -0.00803354558 0.26013893596 2506.98829820458 0.00000000000 0.00000000000 0.00000000000 0.00000000000 0.00000000000 0.00000000000 0.26026295137
0.03162732809 -0.00803286381 0.26013845924 2506.80412967471 0.00000000000 0.00000000000 0.00000000000 0.00000000000 0.00000000000 0.00000000000 0.26026245384
0.03163058265 -0.00803220963 0.26013798082 2506.44167381149 0.00000000000 0.00000000000 0.00000000000 0.00000000000 0.00000000000 0.00000000000 0.26026195545
0.03163384252 -0.00803158310 0.26013750073 2506.25403742377 0.00000000000 0.00000000000 0.00000000000 0.00000000000 0.00000000000 0.00000000000 0.26026145626
0.03163710747 -0.00803098425 0.26013701901 2505.88829810971 0.00000000000 0.00000000000 0.00000000000 0.00000000000 0.00000000000 0.00000000000 0.26026095628
0.03164037728 -0.00803041313 0.26013653568 2505.69748948178 0.00000000000 0.00000000000 0.00000000000 0.00000000000 0.00000000000 0.00000000000 0.26026045557
0.03164365171 -0.00802986978 0.26013605079 2505.32876662230 0.00000000000 0.00000000000 0.00000000000 0.00000000000 0.00000000000 0.00000000000 0.26025995414
0.03164693054 -0.00802935423 0.26013556437 2505.13508647440 0.00000000000 0.00000000000 0.00000000000 0.00000000000 0.00000000000 0.00000000000 0.26025945204
0.03165021353 -0.00802886652 0.26013507644 2504.76367964897 0.00000000000 0.00000000000 0.00000000000 0.00000000000 0.00000000000 0.00000000000 0.26025894931
0.03165350045 -0.00802840669 0.26013458706 2504.56742853419 0.00000000000 0.00000000000 0.00000000000 0.00000000000 0.00000000000 0.00000000000 0.26025844597
0.03165679107 -0.00802797477 0.26013409624 2504.19364292718 0.00000000000 0.00000000000 0.00000000000 0.00000000000 0.00000000000 0.00000000000 0.26025794206
0.03166008516 -0.00802757079 0.26013360403 2503.99512654155 0.00000000000 0.00000000000 0.00000000000 0.00000000000 0.00000000000 0.00000000000 0.26025743763
0.03166338249 -0.00802719477 0.26013311046 2503.61926634179 0.00000000000 0.00000000000 0.00000000000 0.00000000000 0.00000000000 0.00000000000 0.26025693270
0.03166668282 -0.00802684675 0.26013261557 2503.41878970448 0.00000000000 0.00000000000 0.00000000000 0.00000000000 0.00000000000 0.00000000000 0.26025642730
0.03166998593 -0.00802652675 0.26013211939 2503.04116248799 0.00000000000 0.00000000000 0.00000000000 0.00000000000 0.00000000000 0.00000000000 0.26025592149
0.03167329157 -0.00802623479 0.26013162195 2502.83903370032 0.00000000000 0.00000000000 0.00000000000 0.00000000000 0.00000000000 0.00000000000 0.26025541528
0.03167659952 -0.00802597089 0.26013112329 2502.45994758083 0.00000000000 0.00000000000 0.00000000000 0.00000000000 0.00000000000 0.00000000000 0.26025490872
0.03167990954 -0.00802573507 0.26013062345 2502.25647515170 0.00000000000 0.00000000000 0.00000000000 0.00000000000 0.00000000000 0.00000000000 0.26025440185
0.03168322141 -0.00802552735 0.26013012246 2501.87623998787 0.00000000000 0.00000000000 0.00000000000 0.00000000000 0.00000000000 0.00000000000 0.26025389469
0.03168653488 -0.00802534773 0.26012962036 2501.67173398697 0.00000000000 0.00000000000 0.00000000000 0.00000000000 0.00000000000 0.00000000000 0.26025338729
0.03168984973 -0.00802519625 0.26012911718 2501.29065952257 0.00000000000 0.00000000000 0.00000000000 0.00000000000 0.00000000000 0.00000000000 0.26025287967
0.03169316571 -0.00802507289 0.26012861295 2501.08542998109 0.00000000000 0.00000000000 0.00000000000 0.00000000000 0.00000000000 0.00000000000 0.26025237188
0.03169648260 -0.00802497768 0.26012810772 2500.70382722501 0.00000000000 0.00000000000 0.00000000000 0.00000000000 0.00000000000 0.00000000000 0.26025186396
0.03169980017 -0.00802491063 0.26012760151 2500.49818521431 0.00000000000 0.00000000000 0.00000000000 0.00000000000 0.00000000000 0.00000000000 0.26025135592
0.03170311817 -0.00802487172 0.26012709438 2500.11636464019 0.00000000000 0.00000000000 0.00000000000 0.00000000000 0.00000000000 0.00000000000 0.26025084783
0.03170643638 -0.00802486097 0.26012658634 2499.91062051170 0.00000000000 0.00000000000 0.00000000000 0.00000000000 0.00000000000 0.00000000000 0.26025033970
0.03170975457 -0.00802487839 0.26012607743 2499.52889292208 0.00000000000 0.00000000000 0.00000000000 0.00000000000 0.00000000000 0.00000000000 0.26024983157
0.03171307249 -0.00802492395 0.26012556770 2499.32335740426 0.00000000000 0.00000000000 0.00000000000 0.00000000000 0.00000000000 0.00000000000 0.26024932349
0.03171638992 -0.00802499768 0.26012505717 2498.94203311756 0.00000000000 0.00000000000 0.00000000000 0.00000000000 0.00000000000 0.00000000000 0.26024881548
0.03171970661 -0.00802509955 0.26012454589 2498.73701603842 0.00000000000 0.00000000000 0.00000000000 0.00000000000 0.00000000000 0.00000000000 0.26024830758
0.03172302235 -0.00802522956 0.26012403389 2498.35640386534 0.00000000000 0.00000000000 0.00000000000 0.00000000000 0.00000000000 0.00000000000 0.26024779983
0.03172633689 -0.00802538770 0.26012352120 2498.15221374937 0.00000000000 0.00000000000 0.00000000000 0.00000000000 0.00000000000 0.00000000000 0.26024729226
0.03172965000 -0.00802557397 0.26012300786 2497.77262288255 0.00000000000 0.00000000000 0.00000000000 0.00000000000 0.00000000000 0.00000000000 0.26024678491
0.03173296145 -0.00802578834 0.26012249391 2497.56956849989 0.00000000000 0.00000000000 0.00000000000 0.00000000000 0.00000000000 0.00000000000 0.26024627782
0.03173627100 -0.00802603081 0.26012197939 2497.19130531128 0.00000000000 0.00000000000 0.00000000000 0.00000000000 0.00000000000 0.00000000000 0.26024577101
0.03173957842 -0.00802630135 0.26012146432 2496.98969233996 0.00000000000 0.00000000000 0.00000000000 0.00000000000 0.00000000000 0.00000000000 0.26024526454
0.03174288348 -0.00802659995 0.26012094875 2496.61306245601 0.00000000000 0.00000000000 0.00000000000 0.00000000000 0.00000000000 0.00000000000 0.26024475842
0.03174618595 -0.00802692659 0.26012043271 2496.41319566628 0.00000000000 0.00000000000 0.00000000000 0.00000000000 0.00000000000 0.00000000000 0.26024425270
0.03174948559 -0.00802728124 0.26011991624 2496.03850255912 0.00000000000 0.00000000000 0.00000000000 0.00000000000 0.00000000000 0.00000000000 0.26024374742
0.03175278217 -0.00802766387 0.26011939937 2495.84068484751 0.00000000000 0.00000000000 0.00000000000 0.00000000000 0.00000000000 0.00000000000 0.26024324260
0.03175607545 -0.00802807447 0.26011888215 2495.46822971087 0.00000000000 0.00000000000 0.00000000000 0.00000000000 0.00000000000 0.00000000000 0.26024273829
0.03175936522 -0.00802851300 0.26011836460 2495.27276132441 0.00000000000 0.00000000000 0.00000000000 0.00000000000 0.00000000000 0.00000000000 0.26024223451
0.03176265122 -0.00802897943 0.26011784677 2494.90284281085 0.00000000000 0.00000000000 0.00000000000 0.00000000000 0.00000000000 0.00000000000 0.26024173131
0.03176593324 -0.00802947373 0.26011732868 2494.71002122747 0.00000000000 0.00000000000 0.00000000000 0.00000000000 0.00000000000 0.00000000000 0.26024122873
0.03176921105 -0.00802999586 0.26011681038 2494.34293577666 0.00000000000 0.00000000000 0.00000000000 0.00000000000 0.00000000000 0.00000000000 0.26024072678
0.03177248440 -0.00803054579 0.26011629191 2494.15305627679 0.00000000000 0.00000000000 0.00000000000 0.00000000000 0.00000000000 0.00000000000 0.26024022552
0.03177575308 -0.00803112348 0.26011577329 2493.78909654993 0.00000000000 0.00000000000 0.00000000000 0.00000000000 0.00000000000 0.00000000000 0.26023972498
0.03177901684 -0.00803172888 0.26011525456 2493.60245065972 0.00000000000 0.00000000000 0.00000000000 0.00000000000 0.00000000000 0.00000000000 0.26023922519
0.03178227547 -0.00803236196 0.26011473577 2493.24190636159 0.00000000000 0.00000000000 0.00000000000 0.00000000000 0.00000000000 0.00000000000 0.26023872618
0.03178552872 -0.00803302266 0.26011421695 2493.05878239666 0.00000000000 0.00000000000 0.00000000000 0.00000000000 0.00000000000 0.00000000000 0.26023822800
0.03178877638 -0.00803371096 0.26011369813 2492.70193996706 0.00000000000 0.00000000000 0.00000000000 0.00000000000 0.00000000000 0.00000000000 0.26023773067
0.03179201821 -0.00803442678 0.26011317935 2492.52262289289 0.00000000000 0.00000000000 0.00000000000 0.00000000000 0.00000000000 0.00000000000 0.26023723424
0.03179525399 -0.00803517009 0.26011266064 2492.16976405836 0.00000000000 0.00000000000 0.00000000000 0.00000000000 0.00000000000 0.00000000000 0.26023673873
0.03179848348 -0.00803594083 0.26011214205 2491.99453422403 0.00000000000 0.00000000000 0.00000000000 0.00000000000 0.00000000000 0.00000000000 0.26023624419
0.03180170646 -0.00803673896 0.26011162361 2491.64593790707 0.00000000000 0.00000000000 0.00000000000 0.00000000000 0.00000000000 0.00000000000 0.26023575064
0.03180492271 -0.00803756440 0.26011110536 2491.47507251425 0.00000000000 0.00000000000 0.00000000000 0.00000000000 0.00000000000 0.00000000000 0.26023525813
0.03180813199 -0.00803841710 0.26011058732 2491.13101176226 0.00000000000 0.00000000000 0.00000000000 0.00000000000 0.00000000000 0.00000000000 0.26023476668
0.03181133408 -0.00803929701 0.26011006955 2490.96478212486 0.00000000000 0.00000000000 0.00000000000 0.00000000000 0.00000000000 0.00000000000 0.26023427633
0.03181452876 -0.00804020406 0.26010955207 2490.62552699107 0.00000000000 0.00000000000 0.00000000000 0.00000000000 0.00000000000 0.00000000000 0.26023378712
0.03181771579 -0.00804113819 0.26010903491 2490.46420138374 0.00000000000 0.00000000000 0.00000000000 0.00000000000 0.00000000000 0.00000000000 0.26023329907
0.03182089496 -0.00804209933 0.26010851813 2490.13001550189 0.00000000000 0.00000000000 0.00000000000 0.00000000000 0.00000000000 0.00000000000 0.26023281224
0.03182406604 -0.00804308741 0.26010800174 2489.97385560820 0.00000000000 0.00000000000 0.00000000000 0.00000000000 0.00000000000 0.00000000000 0.26023232664
0.03182722881 -0.00804410237 0.26010748580 2489.64499940708 0.00000000000 0.00000000000 0.00000000000 0.00000000000 0.00000000000 0.00000000000 0.26023184231
0.03183038305 -0.00804514413 0.26010697033 2489.49426366432 0.00000000000 0.00000000000 0.00000000000 0.00000000000 0.00000000000 0.00000000000 0.26023135929
0.03183352852 -0.00804621262 0.26010645537 2489.17098969039 0.00000000000 0.00000000000 0.00000000000 0.00000000000 0.00000000000 0.00000000000 0.26023087761
0.03183666502 -0.00804730777 0.26010594096 2489.02592856698 0.00000000000 0.00000000000 0.00000000000 0.00000000000 0.00000000000 0.00000000000 0.26023039731
0.03183979232 -0.00804842949 0.26010542713 2488.70848647481 0.00000000000 0.00000000000 0.00000000000 0.00000000000 0.00000000000 0.00000000000 0.26022991841
0.03184291020 -0.00804957771 0.26010491391 2488.56934763544 0.00000000000 0.00000000000 0.00000000000 0.00000000000 0.00000000000 0.00000000000 0.26022944096
0.03184601844 -0.00805075235 0.26010440136 2488.25797951997 0.00000000000 0.00000000000 0.00000000000 0.00000000000 0.00000000000 0.00000000000 0.26022896499
0.03184911682 -0.00805195332 0.26010388949 2488.12500250245 0.00000000000 0.00000000000 0.00000000000 0.00000000000 0.00000000000 0.00000000000 0.26022849052
0.03185220512 -0.00805318054 0.26010337834 2487.81994525515 0.00000000000 0.00000000000 0.00000000000 0.00000000000 0.00000000000 0.00000000000 0.26022801760
0.03185528313 -0.00805443392 0.26010286796 2487.69336472872 0.00000000000 0.00000000000 0.00000000000 0.00000000000 0.00000000000 0.00000000000 0.26022754625
0.03185835063 -0.00805571338 0.26010235837 2487.39484839996 0.00000000000 0.00000000000 0.00000000000 0.00000000000 0.00000000000 0.00000000000 0.26022707651
0.03186140740 -0.00805701883 0.26010184962 2487.27489219207 0.00000000000 0.00000000000 0.00000000000 0.00000000000 0.00000000000 0.00000000000 0.26022660842
0.03186445323 -0.00805835017 0.26010134173 2486.98314138113 0.00000000000 0.00000000000 0.00000000000 0.00000000000 0.00000000000 0.00000000000 0.26022614200
0.03186748791 -0.00805970731 0.26010083475 2486.87003158932 0.00000000000 0.00000000000 0.00000000000 0.00000000000 0.00000000000 0.00000000000 0.26022567729
0.03187051121 -0.00806109015 0.26010032870 2486.58526247741 0.00000000000 0.00000000000 0.00000000000 0.00000000000 0.00000000000 0.00000000000 0.26022521432
0.03187352293 -0.00806249860 0.26009982363 2486.47921254262 0.00000000000 0.00000000000 0.00000000000 0.00000000000 0.00000000000 0.00000000000 0.26022475312
0.03187652286 -0.00806393255 0.26009931957 2486.20163705237 0.00000000000 0.00000000000 0.00000000000 0.00000000000 0.00000000000 0.00000000000 0.26022429373
0.03187951077 -0.00806539191 0.26009881655 2486.10285650531 0.00000000000 0.00000000000 0.00000000000 0.00000000000 0.00000000000 0.00000000000 0.26022383618
0.03188248647 -0.00806687658 0.26009831461 2485.83267665394 0.00000000000 0.00000000000 0.00000000000 0.00000000000 0.00000000000 0.00000000000 0.26022338050
0.03188544975 -0.00806838644 0.26009781378 2485.74136466038 0.00000000000 0.00000000000 0.00000000000 0.00000000000 0.00000000000 0.00000000000 0.26022292672
0.03188840039 -0.00806992139 0.26009731410 2485.47877744638 0.00000000000 0.00000000000 0.00000000000 0.00000000000 0.00000000000 0.00000000000 0.26022247488
0.03189133818 -0.00807148133 0.26009681560 2485.39512839544 0.00000000000 0.00000000000 0.00000000000 0.00000000000 0.00000000000 0.00000000000 0.26022202501
0.03189426293 -0.00807306615 0.26009631833 2485.14032208760 0.00000000000 0.00000000000 0.00000000000 0.00000000000 0.00000000000 0.00000000000 0.26022157713
0.03189717442 -0.00807467572 0.26009582230 2485.06452134870 0.00000000000 0.00000000000 0.00000000000 0.00000000000 0.00000000000 0.00000000000 0.26022113128
0.03190007245 -0.00807630995 0.26009532756 2484.81767707906 0.00000000000 0.00000000000 0.00000000000 0.00000000000 0.00000000000 0.00000000000 0.26022068750
0.03190295681 -0.00807796871 0.26009483414 2484.74990264713 0.00000000000 0.00000000000 0.00000000000 0.00000000000 0.00000000000 0.00000000000 0.26022024580
0.03190582730 -0.00807965189 0.26009434208 2484.51119402367 0.00000000000 0.00000000000 0.00000000000 0.00000000000 0.00000000000 0.00000000000 0.26021980623
0.03190868373 -0.00808135936 0.26009385141 2484.45161669114 0.00000000000 0.00000000000 0.00000000000 0.00000000000 0.00000000000 0.00000000000 0.26021936882
0.03191152588 -0.00808309102 0.26009336216 2484.22120838104 0.00000000000 0.00000000000 0.00000000000 0.00000000000 0.00000000000 0.00000000000 0.26021893359
0.03191435356 -0.00808484673 0.26009287436 2484.16998991029 0.00000000000 0.00000000000 0.00000000000 0.00000000000 0.00000000000 0.00000000000 0.26021850058
0.03191716657 -0.00808662638 0.26009238806 2483.94803959056 0.00000000000 0.00000000000 0.00000000000 0.00000000000 0.00000000000 0.00000000000 0.26021806981
0.03191996471 -0.00808842983 0.26009190329 2483.90533457515 0.00000000000 0.00000000000 0.00000000000 0.00000000000 0.00000000000 0.00000000000 0.26021764132
0.03192274778 -0.00809025696 0.26009142007 2483.69199063612 0.00000000000 0.00000000000 0.00000000000 0.00000000000 0.00000000000 0.00000000000 0.26021721514
0.03192551560 -0.00809210765 0.26009093845 2483.65794445809 0.00000000000 0.00000000000 0.00000000000 0.00000000000 0.00000000000 0.00000000000 0.26021679129
0.03192826795 -0.00809398175 0.26009045845 2483.45334760755 0.00000000000 0.00000000000 0.00000000000 0.00000000000 0.00000000000 0.00000000000 0.26021636981
0.03193100465 -0.00809587915 0.26008998011 2483.42809773204 0.00000000000 0.00000000000 0.00000000000 0.00000000000 0.00000000000 0.00000000000 0.26021595073
0.03193372551 -0.00809779970 0.26008950347 2483.23237949099 0.00000000000 0.00000000000 0.00000000000 0.00000000000 0.00000000000 0.00000000000 0.26021553408
0.03193643034 -0.00809974327 0.26008902855 2483.21605397529 0.00000000000 0.00000000000 0.00000000000 0.00000000000 0.00000000000 0.00000000000 0.26021511988
0.03193911894 -0.00810170973 0.26008855539 2483.02933706130 0.00000000000 0.00000000000 0.00000000000 0.00000000000 0.00000000000 0.00000000000 0.26021470816
0.03194179112 -0.00810369893 0.26008808402 2483.02205528015 0.00000000000 0.00000000000 0.00000000000 0.00000000000 0.00000000000 0.00000000000 0.26021429896
0.03194444670 -0.00810571073 0.26008761447 2482.84445530693 0.00000000000 0.00000000000 0.00000000000 0.00000000000 0.00000000000 0.00000000000 0.26021389230
0.03194708549 -0.00810774500 0.26008714678 2482.84632965853 0.00000000000 0.00000000000 0.00000000000 0.00000000000 0.00000000000 0.00000000000 0.26021348821
0.03194970731 -0.00810980159 0.26008668098 2482.67795008894 0.00000000000 0.00000000000 0.00000000000 0.00000000000 0.00000000000 0.00000000000 0.26021308673
0.03195231196 -0.00811188036 0.26008621710 2482.68908081747 0.00000000000 0.00000000000 0.00000000000 0.00000000000 0.00000000000 0.00000000000 0.26021268787
0.03195489927 -0.00811398115 0.26008575517 2482.53001813140 0.00000000000 0.00000000000 0.00000000000 0.00000000000 0.00000000000 0.00000000000 0.26021229166
0.03195746905 -0.00811610382 0.26008529523 2482.55049842969 0.00000000000 0.00000000000 0.00000000000 0.00000000000 0.00000000000 0.00000000000 0.26021189814
0.03196002112 -0.00811824823 0.26008483730 2482.40083971823 0.00000000000 0.00000000000 0.00000000000 0.00000000000 0.00000000000 0.00000000000 0.26021150733
0.03196255531 -0.00812041422 0.26008438142 2482.43075271762 0.00000000000 0.00000000000 0.00000000000 0.00000000000 0.00000000000 0.00000000000 0.26021111926
0.03196507143 -0.00812260163 0.26008392763 2482.29057554155 0.00000000000 0.00000000000 0.00000000000 0.00000000000 0.00000000000 0.00000000000 0.26021073396
0.03196756931 -0.00812481032 0.26008347594 2482.32999557749 0.00000000000 0.00000000000 0.00000000000 0.00000000000 0.00000000000 0.00000000000 0.26021035145
0.03197004877 -0.00812704012 0.26008302640 2482.19936670394 0.00000000000 0.00000000000 0.00000000000 0.00000000000 0.00000000000 0.00000000000 0.26020997176
0.03197250963 -0.00812929089 0.26008257904 2482.24835729542 0.00000000000 0.00000000000 0.00000000000 0.00000000000 0.00000000000 0.00000000000 0.26020959492
0.03197495173 -0.00813156245 0.26008213387 2482.12733630491 0.00000000000 0.00000000000 0.00000000000 0.00000000000 0.00000000000 0.00000000000 0.26020922095
0.03197737489 -0.00813385466 0.26008169095 2482.18595335657 0.00000000000 0.00000000000 0.00000000000 0.00000000000 0.00000000000 0.00000000000 0.26020884988
0.03197977894 -0.00813616736 0.26008125029 2482.07458831570 0.00000000000 0.00000000000 0.00000000000 0.00000000000 0.00000000000 0.00000000000 0.26020848174
0.03198216371 -0.00813850037 0.26008081193 2482.14287606103 0.00000000000 0.00000000000 0.00000000000 0.00000000000 0.00000000000 0.00000000000 0.26020811655
0.03198452904 -0.00814085353 0.26008037589 2482.04120646968 0.00000000000 0.00000000000 0.00000000000 0.00000000000 0.00000000000 0.00000000000 0.26020775434
0.03198687475 -0.00814322668 0.26007994222 2482.11920091001 0.00000000000 0.00000000000 0.00000000000 0.00000000000 0.00000000000 0.00000000000 0.26020739514
0.03198920068 -0.00814561965 0.26007951093 2482.02725581350 0.00000000000 0.00000000000 0.00000000000 0.00000000000 0.00000000000 0.00000000000 0.26020703896
0.03199150667 -0.00814803228 0.26007908205 2482.11498207792 0.00000000000 0.00000000000 0.00000000000 0.00000000000 0.00000000000 0.00000000000 0.26020668583
0.03199379256 -0.00815046438 0.26007865563 2482.03278054093 0.00000000000 0.00000000000 0.00000000000 0.00000000000 0.00000000000 0.00000000000 0.26020633579
0.03199605818 -0.00815291580 0.26007823168 2482.13025455622 0.00000000000 0.00000000000 0.00000000000 0.00000000000 0.00000000000 0.00000000000 0.26020598884
0.03199830337 -0.00815538636 0.26007781024 2482.05780636452 0.00000000000 0.00000000000 0.00000000000 0.00000000000 0.00000000000 0.00000000000 0.26020564503
0.03200052798 -0.00815787588 0.26007739133 2482.16503405923 0.00000000000 0.00000000000 0.00000000000 0.00000000000 0.00000000000 0.00000000000 0.26020530437
0.03200273185 -0.00816038419 0.26007697499 2482.10233824706 0.00000000000 0.00000000000 0.00000000000 0.00000000000 0.00000000000 0.00000000000 0.26020496688
0.03200491483 -0.00816291111 0.26007656124 2482.21931480793 0.00000000000 0.00000000000 0.00000000000 0.00000000000 0.00000000000 0.00000000000 0.26020463259
0.03200707676 -0.00816545647 0.26007615011 2482.16636121080 0.00000000000 0.00000000000 0.00000000000 0.00000000000 0.00000000000 0.00000000000 0.26020430153
0.03200921748 -0.00816802008 0.26007574163 2482.29307322301 0.00000000000 0.00000000000 0.00000000000 0.00000000000 0.00000000000 0.00000000000 0.26020397371
0.03201133686 -0.00817060176 0.26007533582 2482.24984120970 0.00000000000 0.00000000000 0.00000000000 0.00000000000 0.00000000000 0.00000000000 0.26020364916
0.03201343473 -0.00817320134 0.26007493273 2482.38626359699 0.00000000000 0.00000000000 0.00000000000 0.00000000000 0.00000000000 0.00000000000 0.26020332791
0.03201551095 -0.00817581863 0.26007453237 2482.35272294583 0.00000000000 0.00000000000 0.00000000000 0.00000000000 0.00000000000 0.00000000000 0.26020300997
0.03201756538 -0.00817845344 0.26007413477 2482.49882205496 0.00000000000 0.00000000000 0.00000000000 0.00000000000 0.00000000000 0.00000000000 0.26020269536
0.03201959787 -0.00818110560 0.26007373996 2482.47493070025 0.00000000000 0.00000000000 0.00000000000 0.00000000000 0.00000000000 0.00000000000 0.26020238412
0.03202160827 -0.00818377490 0.26007334796 2482.63066122060 0.00000000000 0.00000000000 0.00000000000 0.00000000000 0.00000000000 0.00000000000 0.26020207626
0.03202359645 -0.00818646117 0.26007295881 2482.61636976587 0.00000000000 0.00000000000 0.00000000000 0.00000000000 0.00000000000 0.00000000000 0.26020177180
0.03202556226 -0.00818916422 0.26007257253 2482.78167833746 0.00000000000 0.00000000000 0.00000000000 0.00000000000 0.00000000000 0.00000000000 0.26020147077
0.03202750558 -0.00819188385 0.26007218914 2482.77692445815 0.00000000000 0.00000000000 0.00000000000 0.00000000000 0.00000000000 0.00000000000 0.26020117319
0.03202942625 -0.00819461987 0.26007180868 2482.95174494745 0.00000000000 0.00000000000 0.00000000000 0.00000000000 0.00000000000 0.00000000000 0.26020087907
0.03203132414 -0.00819737210 0.26007143117 2482.95645915777 0.00000000000 0.00000000000 0.00000000000 0.00000000000 0.00000000000 0.00000000000 0.26020058843
0.03203319913 -0.00820014033 0.26007105664 2483.14071824199 0.00000000000 0.00000000000 0.00000000000 0.00000000000 0.00000000000 0.00000000000 0.26020030131
0.03203505108 -0.00820292438 0.26007068510 2483.15481824532 0.00000000000 0.00000000000 0.00000000000 0.00000000000 0.00000000000 0.00000000000 0.26020001771
0.03203687985 -0.00820572404 0.26007031660 2483.34842966552 0.00000000000 0.00000000000 0.00000000000 0.00000000000 0.00000000000 0.00000000000 0.26019973767
0.03203868533 -0.00820853912 0.26006995114 2483.37182575882 0.00000000000 0.00000000000 0.00000000000 0.00000000000 0.00000000000 0.00000000000 0.26019946119
0.03204046737 -0.00821136942 0.26006958877 2483.57469650307 0.00000000000 0.00000000000 0.00000000000 0.00000000000 0.00000000000 0.00000000000 0.26019918830
0.03204222587 -0.00821421474 0.26006922950 2483.60728552685 0.00000000000 0.00000000000 0.00000000000 0.00000000000 0.00000000000 0.00000000000 0.26019891901
0.03204396068 -0.00821707488 0.26006887335 2483.81930872660 0.00000000000 0.00000000000 0.00000000000 0.00000000000 0.00000000000 0.00000000000 0.26019865335
0.03204567170 -0.00821994964 0.26006852036 2483.86098125494 0.00000000000 0.00000000000 0.00000000000 0.00000000000 0.00000000000 0.00000000000 0.26019839134
0.03204735880 -0.00822283882 0.26006817055 2484.08204394039 0.00000000000 0.00000000000 0.00000000000 0.00000000000 0.00000000000 0.00000000000 0.26019813299
0.03204902186 -0.00822574221 0.26006782393 2484.13267891949 0.00000000000 0.00000000000 0.00000000000 0.00000000000 0.00000000000 0.00000000000 0.26019787832
0.03205066077 -0.00822865962 0.26006748054 2484.36265611668 0.00000000000 0.00000000000 0.00000000000 0.00000000000 0.00000000000 0.00000000000 0.26019762734
0.03205227540 -0.00823159082 0.26006714040 2484.42212258281 0.00000000000 0.00000000000 0.00000000000 0.00000000000 0.00000000000 0.00000000000 0.26019738009
0.03205386565 -0.00823453562 0.26006680354 2484.66087993525 0.00000000000 0.00000000000 0.00000000000 0.00000000000 0.00000000000 0.00000000000 0.26019713657
0.03205543140 -0.00823749381 0.26006646996 2484.72903371775 0.00000000000 0.00000000000 0.00000000000 0.00000000000 0.00000000000 0.00000000000 0.26019689680
0.03205697255 -0.00824046518 0.26006613971 2484.97642325800 0.00000000000 0.00000000000 0.00000000000 0.00000000000 0.00000000000 0.00000000000 0.26019666080
0.03205848898 -0.00824344953 0.26006581280 2485.05312888698 0.00000000000 0.00000000000 0.00000000000 0.00000000000 0.00000000000 0.00000000000 0.26019642858
0.03205998059 -0.00824644663 0.26006548925 2485.30901179862 0.00000000000 0.00000000000 0.00000000000 0.00000000000 0.00000000000 0.00000000000 0.26019620016
0.03206144727 -0.00824945629 0.26006516909 2485.39406146873 0.00000000000 0.00000000000 0.00000000000 0.00000000000 0.00000000000 0.00000000000 0.26019597557
0.03206288892 -0.00825247828 0.26006485233 2485.65822649343 0.00000000000 0.00000000000 0.00000000000 0.00000000000 0.00000000000 0.00000000000 0.26019575480
0.03206430544 -0.00825551240 0.26006453901 2485.75161804713 0.00000000000 0.00000000000 0.00000000000 0.00000000000 0.00000000000 0.00000000000 0.26019553788
0.03206569673 -0.00825855843 0.26006422914 2486.02405983461 0.00000000000 0.00000000000 0.00000000000 0.00000000000 0.00000000000 0.00000000000 0.26019532483
0.03206706268 -0.00826161616 0.26006392274 2486.12500096612 0.00000000000 0.00000000000 0.00000000000 0.00000000000 0.00000000000 0.00000000000 0.26019511566
0.03206840322 -0.00826468537 0.26006361983 2486.40492196672 0.00000000000 0.00000000000 0.00000000000 0.00000000000 0.00000000000 0.00000000000 0.26019491038
0.03206971823 -0.00826776585 0.26006332045 2486.51551104801 0.00000000000 0.00000000000 0.00000000000 0.00000000000 0.00000000000 0.00000000000 0.26019470900
0.03207100762 -0.00827085738 0.26006302459 2486.80501103460 0.00000000000 0.00000000000 0.00000000000 0.00000000000 0.00000000000 0.00000000000 0.26019451155
0.03207227132 -0.00827395974 0.26006273230 2486.87767793486 0.00000000000 0.00000000000 0.00000000000 0.00000000000 0.00000000000 0.00000000000 0.26019431804
0.03207350922 -0.00827707271 0.26006244357 2487.12872496209 0.00000000000 0.00000000000 0.00000000000 0.00000000000 0.00000000000 0.00000000000 0.26019412847
0.03207472124 -0.00828019607 0.26006215844 2487.36275040146 0.00000000000 0.00000000000 0.00000000000 0.00000000000 0.00000000000 0.00000000000 0.26019394286
0.03207590730 -0.00828332961 0.26006187693 2487.77678231152 0.00000000000 0.00000000000 0.00000000000 0.00000000000 0.00000000000 0.00000000000 0.26019376123
0.03207706730 -0.00828647310 0.26006159906 2487.83074315131 0.00000000000 0.00000000000 0.00000000000 0.00000000000 0.00000000000 0.00000000000 0.26019358359
0.03207820118 -0.00828962632 0.26006132485 2488.06326668534 0.00000000000 0.00000000000 0.00000000000 0.00000000000 0.00000000000 0.00000000000 0.26019340996
0.03207930885 -0.00829278905 0.26006105433 2488.47435120525 0.00000000000 0.00000000000 0.00000000000 0.00000000000 0.00000000000 0.00000000000 0.26019324036
0.03208039023 -0.00829596107 0.26006078750 2489.06388593161 0.00000000000 0.00000000000 0.00000000000 0.00000000000 0.00000000000 0.00000000000 0.26019307479
