VARIABLES=
"CoordinateX"
"CoordinateY"
"CoordinateZ"
"Kappa1"
"Kappa2"
"dy"
"dz"
"d2x"
"d2y"
"d2z"
"R"
ZONE T="Konrollpunkte"
I=101, J=1, K=1
0.02430407017 0.01008594060 0.25249077293 0.00000000000 0.00000000000 0.00000000000 0.00000000000 0.00000000000 0.00000000000 0.00000000000 0.00000000000
0.02430605060 0.01008263162 0.25249071225 0.00000000000 0.00000000000 0.00000000000 0.00000000000 0.00000000000 0.00000000000 0.00000000000 0.00000000000
0.02430894962 0.01007762497 0.25249062986 0.00000000000 0.00000000000 0.00000000000 0.00000000000 0.00000000000 0.00000000000 0.00000000000 0.00000000000
0.02431266930 0.01007086726 0.25249053730 0.00000000000 0.00000000000 0.00000000000 0.00000000000 0.00000000000 0.00000000000 0.00000000000 0.00000000000
0.02431538564 0.01006575897 0.25249047651 0.00000000000 0.00000000000 0.00000000000 0.00000000000 0.00000000000 0.00000000000 0.00000000000 0.00000000000
0.02431802799 0.01006061173 0.25249042438 0.00000000000 0.00000000000 0.00000000000 0.00000000000 0.00000000000 0.00000000000 0.00000000000 0.00000000000
0.02432059579 0.01005542662 0.25249038090 0.00000000000 0.00000000000 0.00000000000 0.00000000000 0.00000000000 0.00000000000 0.00000000000 0.00000000000
0.02432308851 0.01005020473 0.25249034610 0.00000000000 0.00000000000 0.00000000000 0.00000000000 0.00000000000 0.00000000000 0.00000000000 0.00000000000
0.02432550563 0.01004494717 0.25249031996 0.00000000000 0.00000000000 0.00000000000 0.00000000000 0.00000000000 0.00000000000 0.00000000000 0.00000000000
0.02432784663 0.01003965502 0.25249030251 0.00000000000 0.00000000000 0.00000000000 0.00000000000 0.00000000000 0.00000000000 0.00000000000 0.00000000000
0.02433011102 0.01003432941 0.25249029373 0.00000000000 0.00000000000 0.00000000000 0.00000000000 0.00000000000 0.00000000000 0.00000000000 0.00000000000
0.02433229834 0.01002897144 0.25249029363 0.00000000000 0.00000000000 0.00000000000 0.00000000000 0.00000000000 0.00000000000 0.00000000000 0.00000000000
0.02433440813 0.01002358225 0.25249030221 0.00000000000 0.00000000000 0.00000000000 0.00000000000 0.00000000000 0.00000000000 0.00000000000 0.00000000000
0.02433643993 0.01001816296 0.25249031945 0.00000000000 0.00000000000 0.00000000000 0.00000000000 0.00000000000 0.00000000000 0.00000000000 0.00000000000
0.02433839334 0.01001271472 0.25249034537 0.00000000000 0.00000000000 0.00000000000 0.00000000000 0.00000000000 0.00000000000 0.00000000000 0.00000000000
0.02434026793 0.01000723865 0.25249037994 0.00000000000 0.00000000000 0.00000000000 0.00000000000 0.00000000000 0.00000000000 0.00000000000 0.00000000000
0.02434206331 0.01000173592 0.25249042316 0.00000000000 0.00000000000 0.00000000000 0.00000000000 0.00000000000 0.00000000000 0.00000000000 0.00000000000
0.02434377912 0.00999620768 0.25249047503 0.00000000000 0.00000000000 0.00000000000 0.00000000000 0.00000000000 0.00000000000 0.00000000000 0.00000000000
0.02434541498 0.00999065508 0.25249053551 0.00000000000 0.00000000000 0.00000000000 0.00000000000 0.00000000000 0.00000000000 0.00000000000 0.00000000000
0.02434697056 0.00998507930 0.25249060461 0.00000000000 0.00000000000 0.00000000000 0.00000000000 0.00000000000 0.00000000000 0.00000000000 0.00000000000
0.02434844553 0.00997948150 0.25249068231 0.00000000000 0.00000000000 0.00000000000 0.00000000000 0.00000000000 0.00000000000 0.00000000000 0.00000000000
0.02434983958 0.00997386285 0.25249076858 0.00000000000 0.00000000000 0.00000000000 0.00000000000 0.00000000000 0.00000000000 0.00000000000 0.00000000000
0.02435115243 0.00996822454 0.25249086341 0.00000000000 0.00000000000 0.00000000000 0.00000000000 0.00000000000 0.00000000000 0.00000000000 0.00000000000
0.02435238378 0.00996256775 0.25249096678 0.00000000000 0.00000000000 0.00000000000 0.00000000000 0.00000000000 0.00000000000 0.00000000000 0.00000000000
0.02435353340 0.00995689366 0.25249107867 0.00000000000 0.00000000000 0.00000000000 0.00000000000 0.00000000000 0.00000000000 0.00000000000 0.00000000000
0.02435460103 0.00995120347 0.25249119904 0.00000000000 0.00000000000 0.00000000000 0.00000000000 0.00000000000 0.00000000000 0.00000000000 0.00000000000
0.02435558646 0.00994549837 0.25249132788 0.00000000000 0.00000000000 0.00000000000 0.00000000000 0.00000000000 0.00000000000 0.00000000000 0.00000000000
0.02435648948 0.00993977955 0.25249146515 0.00000000000 0.00000000000 0.00000000000 0.00000000000 0.00000000000 0.00000000000 0.00000000000 0.00000000000
0.02435730989 0.00993404822 0.25249161083 0.00000000000 0.00000000000 0.00000000000 0.00000000000 0.00000000000 0.00000000000 0.00000000000 0.00000000000
0.02435804753 0.00992830558 0.25249176488 0.00000000000 0.00000000000 0.00000000000 0.00000000000 0.00000000000 0.00000000000 0.00000000000 0.00000000000
0.02435870225 0.00992255283 0.25249192727 0.00000000000 0.00000000000 0.00000000000 0.00000000000 0.00000000000 0.00000000000 0.00000000000 0.00000000000
0.02435927390 0.00991679118 0.25249209797 0.00000000000 0.00000000000 0.00000000000 0.00000000000 0.00000000000 0.00000000000 0.00000000000 0.00000000000
0.02435976237 0.00991102184 0.25249227694 0.00000000000 0.00000000000 0.00000000000 0.00000000000 0.00000000000 0.00000000000 0.00000000000 0.00000000000
0.02436016755 0.00990524602 0.25249246414 0.00000000000 0.00000000000 0.00000000000 0.00000000000 0.00000000000 0.00000000000 0.00000000000 0.00000000000
0.02436048937 0.00989946493 0.25249265953 0.00000000000 0.00000000000 0.00000000000 0.00000000000 0.00000000000 0.00000000000 0.00000000000 0.00000000000
0.02436072775 0.00989367978 0.25249286307 0.00000000000 0.00000000000 0.00000000000 0.00000000000 0.00000000000 0.00000000000 0.00000000000 0.00000000000
0.02436088264 0.00988789179 0.25249307472 0.00000000000 0.00000000000 0.00000000000 0.00000000000 0.00000000000 0.00000000000 0.00000000000 0.00000000000
0.02436095402 0.00988210218 0.25249329443 0.00000000000 0.00000000000 0.00000000000 0.00000000000 0.00000000000 0.00000000000 0.00000000000 0.00000000000
0.02436094186 0.00987631214 0.25249352216 0.00000000000 0.00000000000 0.00000000000 0.00000000000 0.00000000000 0.00000000000 0.00000000000 0.00000000000
0.02436084618 0.00987052291 0.25249375785 0.00000000000 0.00000000000 0.00000000000 0.00000000000 0.00000000000 0.00000000000 0.00000000000 0.00000000000
0.02436066699 0.00986473569 0.25249400147 0.00000000000 0.00000000000 0.00000000000 0.00000000000 0.00000000000 0.00000000000 0.00000000000 0.00000000000
0.02436040433 0.00985895171 0.25249425295 0.00000000000 0.00000000000 0.00000000000 0.00000000000 0.00000000000 0.00000000000 0.00000000000 0.00000000000
0.02436005826 0.00985317216 0.25249451225 0.00000000000 0.00000000000 0.00000000000 0.00000000000 0.00000000000 0.00000000000 0.00000000000 0.00000000000
0.02435962885 0.00984739827 0.25249477931 0.00000000000 0.00000000000 0.00000000000 0.00000000000 0.00000000000 0.00000000000 0.00000000000 0.00000000000
0.02435911618 0.00984163125 0.25249505408 0.00000000000 0.00000000000 0.00000000000 0.00000000000 0.00000000000 0.00000000000 0.00000000000 0.00000000000
0.02435852038 0.00983587230 0.25249533649 0.00000000000 0.00000000000 0.00000000000 0.00000000000 0.00000000000 0.00000000000 0.00000000000 0.00000000000
0.02435784156 0.00983012263 0.25249562650 0.00000000000 0.00000000000 0.00000000000 0.00000000000 0.00000000000 0.00000000000 0.00000000000 0.00000000000
0.02435707986 0.00982438346 0.25249592403 0.00000000000 0.00000000000 0.00000000000 0.00000000000 0.00000000000 0.00000000000 0.00000000000 0.00000000000
0.02435623546 0.00981865598 0.25249622903 0.00000000000 0.00000000000 0.00000000000 0.00000000000 0.00000000000 0.00000000000 0.00000000000 0.00000000000
0.02435530852 0.00981294140 0.25249654144 0.00000000000 0.00000000000 0.00000000000 0.00000000000 0.00000000000 0.00000000000 0.00000000000 0.00000000000
0.02435429924 0.00980724091 0.25249686119 0.00000000000 0.00000000000 0.00000000000 0.00000000000 0.00000000000 0.00000000000 0.00000000000 0.00000000000
0.02435320783 0.00980155571 0.25249718821 0.00000000000 0.00000000000 0.00000000000 0.00000000000 0.00000000000 0.00000000000 0.00000000000 0.00000000000
0.02435203452 0.00979588699 0.25249752243 0.00000000000 0.00000000000 0.00000000000 0.00000000000 0.00000000000 0.00000000000 0.00000000000 0.00000000000
0.02435077957 0.00979023595 0.25249786380 0.00000000000 0.00000000000 0.00000000000 0.00000000000 0.00000000000 0.00000000000 0.00000000000 0.00000000000
0.02434944322 0.00978460376 0.25249821223 0.00000000000 0.00000000000 0.00000000000 0.00000000000 0.00000000000 0.00000000000 0.00000000000 0.00000000000
0.02434802577 0.00977899161 0.25249856765 0.00000000000 0.00000000000 0.00000000000 0.00000000000 0.00000000000 0.00000000000 0.00000000000 0.00000000000
0.02434652751 0.00977340068 0.25249893000 0.00000000000 0.00000000000 0.00000000000 0.00000000000 0.00000000000 0.00000000000 0.00000000000 0.00000000000
0.02434494876 0.00976783213 0.25249929919 0.00000000000 0.00000000000 0.00000000000 0.00000000000 0.00000000000 0.00000000000 0.00000000000 0.00000000000
0.02434328985 0.00976228715 0.25249967515 0.00000000000 0.00000000000 0.00000000000 0.00000000000 0.00000000000 0.00000000000 0.00000000000 0.00000000000
0.02434155112 0.00975676688 0.25250005781 0.00000000000 0.00000000000 0.00000000000 0.00000000000 0.00000000000 0.00000000000 0.00000000000 0.00000000000
0.02433973295 0.00975127249 0.25250044708 0.00000000000 0.00000000000 0.00000000000 0.00000000000 0.00000000000 0.00000000000 0.00000000000 0.00000000000
0.02433783571 0.00974580513 0.25250084289 0.00000000000 0.00000000000 0.00000000000 0.00000000000 0.00000000000 0.00000000000 0.00000000000 0.00000000000
0.02433585981 0.00974036595 0.25250124515 0.00000000000 0.00000000000 0.00000000000 0.00000000000 0.00000000000 0.00000000000 0.00000000000 0.00000000000
0.02433380565 0.00973495609 0.25250165378 0.00000000000 0.00000000000 0.00000000000 0.00000000000 0.00000000000 0.00000000000 0.00000000000 0.00000000000
0.02433167367 0.00972957668 0.25250206870 0.00000000000 0.00000000000 0.00000000000 0.00000000000 0.00000000000 0.00000000000 0.00000000000 0.00000000000
0.02432946432 0.00972422885 0.25250248982 0.00000000000 0.00000000000 0.00000000000 0.00000000000 0.00000000000 0.00000000000 0.00000000000 0.00000000000
0.02432717806 0.00971891373 0.25250291706 0.00000000000 0.00000000000 0.00000000000 0.00000000000 0.00000000000 0.00000000000 0.00000000000 0.00000000000
0.02432481537 0.00971363242 0.25250335032 0.00000000000 0.00000000000 0.00000000000 0.00000000000 0.00000000000 0.00000000000 0.00000000000 0.00000000000
0.02432237675 0.00970838604 0.25250378952 0.00000000000 0.00000000000 0.00000000000 0.00000000000 0.00000000000 0.00000000000 0.00000000000 0.00000000000
0.02431986271 0.00970317568 0.25250423458 0.00000000000 0.00000000000 0.00000000000 0.00000000000 0.00000000000 0.00000000000 0.00000000000 0.00000000000
0.02431727378 0.00969800244 0.25250468539 0.00000000000 0.00000000000 0.00000000000 0.00000000000 0.00000000000 0.00000000000 0.00000000000 0.00000000000
0.02431461050 0.00969286741 0.25250514186 0.00000000000 0.00000000000 0.00000000000 0.00000000000 0.00000000000 0.00000000000 0.00000000000 0.00000000000
0.02431187344 0.00968777166 0.25250560391 0.00000000000 0.00000000000 0.00000000000 0.00000000000 0.00000000000 0.00000000000 0.00000000000 0.00000000000
0.02430906315 0.00968271626 0.25250607144 0.00000000000 0.00000000000 0.00000000000 0.00000000000 0.00000000000 0.00000000000 0.00000000000 0.00000000000
0.02430618025 0.00967770227 0.25250654435 0.00000000000 0.00000000000 0.00000000000 0.00000000000 0.00000000000 0.00000000000 0.00000000000 0.00000000000
0.02430322532 0.00967273074 0.25250702254 0.00000000000 0.00000000000 0.00000000000 0.00000000000 0.00000000000 0.00000000000 0.00000000000 0.00000000000
0.02430019900 0.00966780271 0.25250750592 0.00000000000 0.00000000000 0.00000000000 0.00000000000 0.00000000000 0.00000000000 0.00000000000 0.00000000000
0.02429710191 0.00966291922 0.25250799439 0.00000000000 0.00000000000 0.00000000000 0.00000000000 0.00000000000 0.00000000000 0.00000000000 0.00000000000
0.02429393471 0.00965808130 0.25250848785 0.00000000000 0.00000000000 0.00000000000 0.00000000000 0.00000000000 0.00000000000 0.00000000000 0.00000000000
0.02429069807 0.00965328995 0.25250898620 0.00000000000 0.00000000000 0.00000000000 0.00000000000 0.00000000000 0.00000000000 0.00000000000 0.00000000000
0.02428739265 0.00964854619 0.25250948933 0.00000000000 0.00000000000 0.00000000000 0.00000000000 0.00000000000 0.00000000000 0.00000000000 0.00000000000
0.02428401916 0.00964385100 0.25250999714 0.00000000000 0.00000000000 0.00000000000 0.00000000000 0.00000000000 0.00000000000 0.00000000000 0.00000000000
0.02428057830 0.00963920537 0.25251050954 0.00000000000 0.00000000000 0.00000000000 0.00000000000 0.00000000000 0.00000000000 0.00000000000 0.00000000000
0.02427707081 0.00963461028 0.25251102640 0.00000000000 0.00000000000 0.00000000000 0.00000000000 0.00000000000 0.00000000000 0.00000000000 0.00000000000
0.02427349740 0.00963006669 0.25251154764 0.00000000000 0.00000000000 0.00000000000 0.00000000000 0.00000000000 0.00000000000 0.00000000000 0.00000000000
0.02426985883 0.00962557555 0.25251207314 0.00000000000 0.00000000000 0.00000000000 0.00000000000 0.00000000000 0.00000000000 0.00000000000 0.00000000000
0.02426615588 0.00962113780 0.25251260279 0.00000000000 0.00000000000 0.00000000000 0.00000000000 0.00000000000 0.00000000000 0.00000000000 0.00000000000
0.02426238930 0.00961675438 0.25251313649 0.00000000000 0.00000000000 0.00000000000 0.00000000000 0.00000000000 0.00000000000 0.00000000000 0.00000000000
0.02425855990 0.00961242621 0.25251367413 0.00000000000 0.00000000000 0.00000000000 0.00000000000 0.00000000000 0.00000000000 0.00000000000 0.00000000000
0.02425466848 0.00960815419 0.25251421559 0.00000000000 0.00000000000 0.00000000000 0.00000000000 0.00000000000 0.00000000000 0.00000000000 0.00000000000
0.02425071585 0.00960393921 0.25251476078 0.00000000000 0.00000000000 0.00000000000 0.00000000000 0.00000000000 0.00000000000 0.00000000000 0.00000000000
0.02424670285 0.00959978217 0.25251530956 0.00000000000 0.00000000000 0.00000000000 0.00000000000 0.00000000000 0.00000000000 0.00000000000 0.00000000000
0.02424263032 0.00959568393 0.25251586184 0.00000000000 0.00000000000 0.00000000000 0.00000000000 0.00000000000 0.00000000000 0.00000000000 0.00000000000
0.02423849910 0.00959164535 0.25251641750 0.00000000000 0.00000000000 0.00000000000 0.00000000000 0.00000000000 0.00000000000 0.00000000000 0.00000000000
0.02423431008 0.00958766728 0.25251697642 0.00000000000 0.00000000000 0.00000000000 0.00000000000 0.00000000000 0.00000000000 0.00000000000 0.00000000000
0.02423006412 0.00958375056 0.25251753850 0.00000000000 0.00000000000 0.00000000000 0.00000000000 0.00000000000 0.00000000000 0.00000000000 0.00000000000
0.02422576213 0.00957989600 0.25251810361 0.00000000000 0.00000000000 0.00000000000 0.00000000000 0.00000000000 0.00000000000 0.00000000000 0.00000000000
0.02422140499 0.00957610442 0.25251867164 0.00000000000 0.00000000000 0.00000000000 0.00000000000 0.00000000000 0.00000000000 0.00000000000 0.00000000000
0.02421552319 0.00957113400 0.25251943275 0.00000000000 0.00000000000 0.00000000000 0.00000000000 0.00000000000 0.00000000000 0.00000000000 0.00000000000
0.02421103188 0.00956750301 0.25252000763 0.00000000000 0.00000000000 0.00000000000 0.00000000000 0.00000000000 0.00000000000 0.00000000000 0.00000000000
0.02420800339 0.00956512640 0.25252039252 0.00000000000 0.00000000000 0.00000000000 0.00000000000 0.00000000000 0.00000000000 0.00000000000 0.00000000000
ZONE T="NURB"
I=201, J=1, K=1
0.02430407017 0.01008594060 0.25249077293 2512.34543563335 0.00000000000 0.00000000000 0.00000000000 0.00000000000 0.00000000000 0.00000000000 0.25269213801
0.02430554666 0.01008345326 0.25249072849 2511.97835382582 0.00000000000 0.00000000000 0.00000000000 0.00000000000 0.00000000000 0.00000000000 0.25269199434
0.02430700516 0.01008095526 0.25249068622 2511.73979544755 0.00000000000 0.00000000000 0.00000000000 0.00000000000 0.00000000000 0.00000000000 0.25269185243
0.02430844561 0.01007844673 0.25249064610 2511.62983057933 0.00000000000 0.00000000000 0.00000000000 0.00000000000 0.00000000000 0.00000000000 0.25269171228
0.02430986791 0.01007592778 0.25249060815 2511.64831995527 0.00000000000 0.00000000000 0.00000000000 0.00000000000 0.00000000000 0.00000000000 0.25269157391
0.02431127200 0.01007339857 0.25249057235 2511.39773764631 0.00000000000 0.00000000000 0.00000000000 0.00000000000 0.00000000000 0.00000000000 0.25269143730
0.02431265781 0.01007085922 0.25249053872 2511.28593061867 0.00000000000 0.00000000000 0.00000000000 0.00000000000 0.00000000000 0.00000000000 0.25269130248
0.02431402525 0.01006830987 0.25249050725 2511.13047397348 0.00000000000 0.00000000000 0.00000000000 0.00000000000 0.00000000000 0.00000000000 0.25269116944
0.02431537427 0.01006575065 0.25249047793 2511.10049268492 0.00000000000 0.00000000000 0.00000000000 0.00000000000 0.00000000000 0.00000000000 0.25269103819
0.02431670478 0.01006318169 0.25249045078 2510.91136923973 0.00000000000 0.00000000000 0.00000000000 0.00000000000 0.00000000000 0.00000000000 0.25269090875
0.02431801672 0.01006060313 0.25249042580 2510.85128987686 0.00000000000 0.00000000000 0.00000000000 0.00000000000 0.00000000000 0.00000000000 0.25269078111
0.02431931002 0.01005801511 0.25249040298 2510.65875635655 0.00000000000 0.00000000000 0.00000000000 0.00000000000 0.00000000000 0.00000000000 0.25269065528
0.02432058461 0.01005541776 0.25249038233 2510.59526510514 0.00000000000 0.00000000000 0.00000000000 0.00000000000 0.00000000000 0.00000000000 0.25269053127
0.02432184042 0.01005281121 0.25249036384 2510.39772131706 0.00000000000 0.00000000000 0.00000000000 0.00000000000 0.00000000000 0.00000000000 0.25269040909
0.02432307740 0.01005019561 0.25249034752 2510.32922467826 0.00000000000 0.00000000000 0.00000000000 0.00000000000 0.00000000000 0.00000000000 0.25269028874
0.02432429547 0.01004757109 0.25249033337 2510.12726078631 0.00000000000 0.00000000000 0.00000000000 0.00000000000 0.00000000000 0.00000000000 0.25269017023
0.02432549457 0.01004493779 0.25249032140 2510.05435025318 0.00000000000 0.00000000000 0.00000000000 0.00000000000 0.00000000000 0.00000000000 0.25269005357
0.02432667464 0.01004229585 0.25249031159 2509.84796597822 0.00000000000 0.00000000000 0.00000000000 0.00000000000 0.00000000000 0.00000000000 0.25268993876
0.02432783561 0.01003964540 0.25249030394 2509.77064417301 0.00000000000 0.00000000000 0.00000000000 0.00000000000 0.00000000000 0.00000000000 0.25268982581
0.02432897743 0.01003698658 0.25249029847 2509.56000899624 0.00000000000 0.00000000000 0.00000000000 0.00000000000 0.00000000000 0.00000000000 0.25268971472
0.02433010004 0.01003431954 0.25249029517 2509.47844716131 0.00000000000 0.00000000000 0.00000000000 0.00000000000 0.00000000000 0.00000000000 0.25268960550
0.02433120338 0.01003164441 0.25249029404 2509.26368934378 0.00000000000 0.00000000000 0.00000000000 0.00000000000 0.00000000000 0.00000000000 0.25268949815
0.02433228738 0.01002896134 0.25249029508 2509.17801783067 0.00000000000 0.00000000000 0.00000000000 0.00000000000 0.00000000000 0.00000000000 0.25268939268
0.02433335199 0.01002627046 0.25249029829 2508.95927532176 0.00000000000 0.00000000000 0.00000000000 0.00000000000 0.00000000000 0.00000000000 0.25268928911
0.02433439717 0.01002357192 0.25249030366 2508.86963473752 0.00000000000 0.00000000000 0.00000000000 0.00000000000 0.00000000000 0.00000000000 0.25268918742
0.02433542284 0.01002086586 0.25249031121 2508.64705305018 0.00000000000 0.00000000000 0.00000000000 0.00000000000 0.00000000000 0.00000000000 0.25268908763
0.02433642897 0.01001815241 0.25249032092 2508.55359116019 0.00000000000 0.00000000000 0.00000000000 0.00000000000 0.00000000000 0.00000000000 0.25268898974
0.02433741548 0.01001543173 0.25249033280 2508.32731467805 0.00000000000 0.00000000000 0.00000000000 0.00000000000 0.00000000000 0.00000000000 0.25268889376
0.02433838235 0.01001270395 0.25249034685 2508.23017767771 0.00000000000 0.00000000000 0.00000000000 0.00000000000 0.00000000000 0.00000000000 0.25268879969
0.02433932950 0.01000996923 0.25249036306 2508.00035374190 0.00000000000 0.00000000000 0.00000000000 0.00000000000 0.00000000000 0.00000000000 0.25268870754
0.02434025691 0.01000722769 0.25249038143 2507.89969121336 0.00000000000 0.00000000000 0.00000000000 0.00000000000 0.00000000000 0.00000000000 0.25268861731
0.02434116450 0.01000447949 0.25249040197 2507.66647338872 0.00000000000 0.00000000000 0.00000000000 0.00000000000 0.00000000000 0.00000000000 0.25268852901
0.02434205225 0.01000172476 0.25249042466 2507.56244058149 0.00000000000 0.00000000000 0.00000000000 0.00000000000 0.00000000000 0.00000000000 0.25268844264
0.02434292009 0.00999896367 0.25249044952 2507.32598241782 0.00000000000 0.00000000000 0.00000000000 0.00000000000 0.00000000000 0.00000000000 0.25268835821
0.02434376800 0.00999619634 0.25249047654 2507.21873506584 0.00000000000 0.00000000000 0.00000000000 0.00000000000 0.00000000000 0.00000000000 0.25268827571
0.02434459591 0.00999342292 0.25249050571 2506.97919143024 0.00000000000 0.00000000000 0.00000000000 0.00000000000 0.00000000000 0.00000000000 0.25268819516
0.02434540379 0.00999064357 0.25249053704 2506.86888631649 0.00000000000 0.00000000000 0.00000000000 0.00000000000 0.00000000000 0.00000000000 0.25268811656
0.02434619160 0.00998785842 0.25249057052 2506.62641652175 0.00000000000 0.00000000000 0.00000000000 0.00000000000 0.00000000000 0.00000000000 0.25268803992
0.02434695930 0.00998506762 0.25249060615 2506.51321489590 0.00000000000 0.00000000000 0.00000000000 0.00000000000 0.00000000000 0.00000000000 0.25268796523
0.02434770684 0.00998227132 0.25249064393 2506.26798024601 0.00000000000 0.00000000000 0.00000000000 0.00000000000 0.00000000000 0.00000000000 0.25268789250
0.02434843418 0.00997946966 0.25249068386 2506.15204516455 0.00000000000 0.00000000000 0.00000000000 0.00000000000 0.00000000000 0.00000000000 0.25268782173
0.02434914129 0.00997666280 0.25249072593 2505.90420780573 0.00000000000 0.00000000000 0.00000000000 0.00000000000 0.00000000000 0.00000000000 0.25268775293
0.02434982814 0.00997385088 0.25249077015 2505.78570305722 0.00000000000 0.00000000000 0.00000000000 0.00000000000 0.00000000000 0.00000000000 0.25268768611
0.02435049468 0.00997103404 0.25249081650 2505.53542837372 0.00000000000 0.00000000000 0.00000000000 0.00000000000 0.00000000000 0.00000000000 0.25268762126
0.02435114088 0.00996821243 0.25249086500 2505.41452064730 0.00000000000 0.00000000000 0.00000000000 0.00000000000 0.00000000000 0.00000000000 0.25268755839
0.02435176670 0.00996538621 0.25249091562 2505.16197426881 0.00000000000 0.00000000000 0.00000000000 0.00000000000 0.00000000000 0.00000000000 0.25268749750
0.02435237212 0.00996255552 0.25249096838 2505.03883098511 0.00000000000 0.00000000000 0.00000000000 0.00000000000 0.00000000000 0.00000000000 0.25268743860
0.02435295711 0.00995972051 0.25249102327 2504.78418027540 0.00000000000 0.00000000000 0.00000000000 0.00000000000 0.00000000000 0.00000000000 0.25268738169
0.02435352162 0.00995688132 0.25249108028 2504.65897016842 0.00000000000 0.00000000000 0.00000000000 0.00000000000 0.00000000000 0.00000000000 0.25268732676
0.02435406564 0.00995403812 0.25249113942 2504.40238649989 0.00000000000 0.00000000000 0.00000000000 0.00000000000 0.00000000000 0.00000000000 0.25268727384
0.02435458913 0.00995119103 0.25249120067 2504.27528235227 0.00000000000 0.00000000000 0.00000000000 0.00000000000 0.00000000000 0.00000000000 0.25268722290
0.02435509206 0.00994834023 0.25249126404 2504.01693339421 0.00000000000 0.00000000000 0.00000000000 0.00000000000 0.00000000000 0.00000000000 0.25268717397
0.02435557442 0.00994548584 0.25249132952 2503.88810448099 0.00000000000 0.00000000000 0.00000000000 0.00000000000 0.00000000000 0.00000000000 0.25268712704
0.02435603617 0.00994262804 0.25249139712 2503.62816256948 0.00000000000 0.00000000000 0.00000000000 0.00000000000 0.00000000000 0.00000000000 0.25268708212
0.02435647729 0.00993976695 0.25249146681 2503.49778282418 0.00000000000 0.00000000000 0.00000000000 0.00000000000 0.00000000000 0.00000000000 0.25268703920
0.02435689776 0.00993690275 0.25249153861 2503.23642197475 0.00000000000 0.00000000000 0.00000000000 0.00000000000 0.00000000000 0.00000000000 0.25268699829
0.02435729756 0.00993403556 0.25249161251 2503.10466627706 0.00000000000 0.00000000000 0.00000000000 0.00000000000 0.00000000000 0.00000000000 0.25268695940
0.02435767666 0.00993116555 0.25249168850 2502.84205632613 0.00000000000 0.00000000000 0.00000000000 0.00000000000 0.00000000000 0.00000000000 0.25268692251
0.02435803505 0.00992829287 0.25249176657 2502.70909563049 0.00000000000 0.00000000000 0.00000000000 0.00000000000 0.00000000000 0.00000000000 0.25268688764
0.02435837270 0.00992541766 0.25249184674 2502.44541254457 0.00000000000 0.00000000000 0.00000000000 0.00000000000 0.00000000000 0.00000000000 0.25268685479
0.02435868960 0.00992254008 0.25249192898 2502.31142431940 0.00000000000 0.00000000000 0.00000000000 0.00000000000 0.00000000000 0.00000000000 0.25268682396
0.02435898574 0.00991966028 0.25249201330 2502.04684283516 0.00000000000 0.00000000000 0.00000000000 0.00000000000 0.00000000000 0.00000000000 0.25268679515
0.02435926109 0.00991677841 0.25249209970 2501.91200308811 0.00000000000 0.00000000000 0.00000000000 0.00000000000 0.00000000000 0.00000000000 0.25268676836
0.02435951565 0.00991389462 0.25249218816 2501.64669284338 0.00000000000 0.00000000000 0.00000000000 0.00000000000 0.00000000000 0.00000000000 0.25268674359
0.02435974939 0.00991100906 0.25249227868 2501.51117175172 0.00000000000 0.00000000000 0.00000000000 0.00000000000 0.00000000000 0.00000000000 0.25268672085
0.02435996232 0.00990812188 0.25249237126 2501.24531483092 0.00000000000 0.00000000000 0.00000000000 0.00000000000 0.00000000000 0.00000000000 0.25268670014
0.02436015441 0.00990523324 0.25249246590 2501.10929554885 0.00000000000 0.00000000000 0.00000000000 0.00000000000 0.00000000000 0.00000000000 0.25268668145
0.02436032565 0.00990234328 0.25249256258 2500.84305820972 0.00000000000 0.00000000000 0.00000000000 0.00000000000 0.00000000000 0.00000000000 0.25268666479
0.02436047605 0.00989945216 0.25249266131 2500.70670791047 0.00000000000 0.00000000000 0.00000000000 0.00000000000 0.00000000000 0.00000000000 0.25268665015
0.02436060558 0.00989656003 0.25249276207 2500.44027073226 0.00000000000 0.00000000000 0.00000000000 0.00000000000 0.00000000000 0.00000000000 0.25268663755
0.02436071425 0.00989366704 0.25249286486 2500.30377134651 0.00000000000 0.00000000000 0.00000000000 0.00000000000 0.00000000000 0.00000000000 0.25268662698
0.02436080205 0.00989077335 0.25249296968 2500.03730475298 0.00000000000 0.00000000000 0.00000000000 0.00000000000 0.00000000000 0.00000000000 0.25268661844
0.02436086897 0.00988787909 0.25249307653 2499.90082732743 0.00000000000 0.00000000000 0.00000000000 0.00000000000 0.00000000000 0.00000000000 0.25268661193
0.02436091500 0.00988498444 0.25249318538 2499.63450476669 0.00000000000 0.00000000000 0.00000000000 0.00000000000 0.00000000000 0.00000000000 0.25268660745
0.02436094016 0.00988208953 0.25249329625 2499.49822334974 0.00000000000 0.00000000000 0.00000000000 0.00000000000 0.00000000000 0.00000000000 0.25268660500
0.02436094443 0.00987919452 0.25249340913 2499.23221914847 0.00000000000 0.00000000000 0.00000000000 0.00000000000 0.00000000000 0.00000000000 0.25268660458
0.02436092782 0.00987629957 0.25249352400 2499.09630865729 0.00000000000 0.00000000000 0.00000000000 0.00000000000 0.00000000000 0.00000000000 0.25268660620
0.02436089033 0.00987340481 0.25249364086 2498.83079371047 0.00000000000 0.00000000000 0.00000000000 0.00000000000 0.00000000000 0.00000000000 0.25268660985
0.02436083196 0.00987051041 0.25249375971 2498.69542580406 0.00000000000 0.00000000000 0.00000000000 0.00000000000 0.00000000000 0.00000000000 0.25268661553
0.02436075271 0.00986761652 0.25249388053 2498.43057148658 0.00000000000 0.00000000000 0.00000000000 0.00000000000 0.00000000000 0.00000000000 0.25268662324
0.02436065259 0.00986472329 0.25249400334 2498.29591829533 0.00000000000 0.00000000000 0.00000000000 0.00000000000 0.00000000000 0.00000000000 0.25268663298
0.02436053160 0.00986183087 0.25249412810 2498.03189404286 0.00000000000 0.00000000000 0.00000000000 0.00000000000 0.00000000000 0.00000000000 0.25268664475
0.02436038974 0.00985893941 0.25249425483 2497.89812534710 0.00000000000 0.00000000000 0.00000000000 0.00000000000 0.00000000000 0.00000000000 0.25268665855
0.02436022704 0.00985604907 0.25249438351 2497.63510061742 0.00000000000 0.00000000000 0.00000000000 0.00000000000 0.00000000000 0.00000000000 0.25268667438
0.02436004349 0.00985315999 0.25249451414 2497.50238644306 0.00000000000 0.00000000000 0.00000000000 0.00000000000 0.00000000000 0.00000000000 0.25268669224
0.02435983910 0.00985027233 0.25249464671 2497.24052819288 0.00000000000 0.00000000000 0.00000000000 0.00000000000 0.00000000000 0.00000000000 0.25268671212
0.02435961389 0.00984738623 0.25249478122 2497.10903592945 0.00000000000 0.00000000000 0.00000000000 0.00000000000 0.00000000000 0.00000000000 0.25268673403
0.02435936787 0.00984450186 0.25249491765 2496.84851016434 0.00000000000 0.00000000000 0.00000000000 0.00000000000 0.00000000000 0.00000000000 0.25268675797
0.02435910105 0.00984161936 0.25249505599 2496.71840620661 0.00000000000 0.00000000000 0.00000000000 0.00000000000 0.00000000000 0.00000000000 0.25268678393
0.02435881345 0.00983873888 0.25249519625 2496.45937741448 0.00000000000 0.00000000000 0.00000000000 0.00000000000 0.00000000000 0.00000000000 0.25268681191
0.02435850507 0.00983586057 0.25249533842 2496.33082661210 0.00000000000 0.00000000000 0.00000000000 0.00000000000 0.00000000000 0.00000000000 0.25268684191
0.02435817594 0.00983298459 0.25249548248 2496.07345767983 0.00000000000 0.00000000000 0.00000000000 0.00000000000 0.00000000000 0.00000000000 0.25268687394
0.02435782608 0.00983011109 0.25249562843 2495.94662297354 0.00000000000 0.00000000000 0.00000000000 0.00000000000 0.00000000000 0.00000000000 0.25268690797
0.02435745549 0.00982724020 0.25249577627 2495.69107255581 0.00000000000 0.00000000000 0.00000000000 0.00000000000 0.00000000000 0.00000000000 0.25268694403
0.02435706421 0.00982437210 0.25249592598 2495.56611287081 0.00000000000 0.00000000000 0.00000000000 0.00000000000 0.00000000000 0.00000000000 0.25268698210
0.02435665226 0.00982150692 0.25249607755 2495.31254436473 0.00000000000 0.00000000000 0.00000000000 0.00000000000 0.00000000000 0.00000000000 0.25268702218
0.02435621964 0.00981864482 0.25249623099 2495.18962362982 0.00000000000 0.00000000000 0.00000000000 0.00000000000 0.00000000000 0.00000000000 0.25268706427
0.02435576639 0.00981578595 0.25249638627 2494.93818683849 0.00000000000 0.00000000000 0.00000000000 0.00000000000 0.00000000000 0.00000000000 0.25268710837
0.02435529254 0.00981293045 0.25249654340 2494.81745492183 0.00000000000 0.00000000000 0.00000000000 0.00000000000 0.00000000000 0.00000000000 0.25268715447
0.02435479810 0.00981007849 0.25249670236 2494.56831155110 0.00000000000 0.00000000000 0.00000000000 0.00000000000 0.00000000000 0.00000000000 0.25268720257
0.02435428310 0.00980723019 0.25249686315 2494.44993025867 0.00000000000 0.00000000000 0.00000000000 0.00000000000 0.00000000000 0.00000000000 0.25268725268
0.02435374757 0.00980438573 0.25249702576 2494.20322558198 0.00000000000 0.00000000000 0.00000000000 0.00000000000 0.00000000000 0.00000000000 0.25268730478
0.02435319154 0.00980154523 0.25249719018 2494.08734033956 0.00000000000 0.00000000000 0.00000000000 0.00000000000 0.00000000000 0.00000000000 0.25268735888
0.02435261504 0.00979870887 0.25249735640 2493.84322966102 0.00000000000 0.00000000000 0.00000000000 0.00000000000 0.00000000000 0.00000000000 0.25268741497
0.02435201809 0.00979587677 0.25249752441 2493.72999558672 0.00000000000 0.00000000000 0.00000000000 0.00000000000 0.00000000000 0.00000000000 0.25268747305
0.02435140073 0.00979304910 0.25249769420 2493.48862122347 0.00000000000 0.00000000000 0.00000000000 0.00000000000 0.00000000000 0.00000000000 0.25268753311
0.02435076299 0.00979022599 0.25249786577 2493.37818049607 0.00000000000 0.00000000000 0.00000000000 0.00000000000 0.00000000000 0.00000000000 0.25268759516
0.02435010491 0.00978740761 0.25249803911 2493.13969022696 0.00000000000 0.00000000000 0.00000000000 0.00000000000 0.00000000000 0.00000000000 0.25268765918
0.02434942652 0.00978459408 0.25249821421 2493.03219075091 0.00000000000 0.00000000000 0.00000000000 0.00000000000 0.00000000000 0.00000000000 0.25268772518
0.02434872785 0.00978178558 0.25249839105 2492.79672422047 0.00000000000 0.00000000000 0.00000000000 0.00000000000 0.00000000000 0.00000000000 0.25268779316
0.02434800894 0.00977898223 0.25249856963 2492.69230550441 0.00000000000 0.00000000000 0.00000000000 0.00000000000 0.00000000000 0.00000000000 0.25268786310
0.02434726983 0.00977618419 0.25249874994 2492.46000122987 0.00000000000 0.00000000000 0.00000000000 0.00000000000 0.00000000000 0.00000000000 0.25268793501
0.02434651057 0.00977339160 0.25249893198 2492.35880177193 0.00000000000 0.00000000000 0.00000000000 0.00000000000 0.00000000000 0.00000000000 0.25268800888
0.02434573118 0.00977060461 0.25249911572 2492.12979687775 0.00000000000 0.00000000000 0.00000000000 0.00000000000 0.00000000000 0.00000000000 0.25268808471
0.02434493170 0.00976782337 0.25249930117 2492.03195337628 0.00000000000 0.00000000000 0.00000000000 0.00000000000 0.00000000000 0.00000000000 0.25268816249
0.02434411220 0.00976504802 0.25249948831 2491.80637855394 0.00000000000 0.00000000000 0.00000000000 0.00000000000 0.00000000000 0.00000000000 0.25268824223
0.02434327269 0.00976227871 0.25249967713 2491.71202166585 0.00000000000 0.00000000000 0.00000000000 0.00000000000 0.00000000000 0.00000000000 0.25268832390
0.02434241324 0.00975951558 0.25249986763 2491.49000774331 0.00000000000 0.00000000000 0.00000000000 0.00000000000 0.00000000000 0.00000000000 0.25268840752
0.02434153387 0.00975675878 0.25250005978 2491.39926785067 0.00000000000 0.00000000000 0.00000000000 0.00000000000 0.00000000000 0.00000000000 0.25268849308
0.02434063465 0.00975400845 0.25250025360 2491.18094045750 0.00000000000 0.00000000000 0.00000000000 0.00000000000 0.00000000000 0.00000000000 0.25268858056
0.02433971562 0.00975126474 0.25250044905 2491.09394321035 0.00000000000 0.00000000000 0.00000000000 0.00000000000 0.00000000000 0.00000000000 0.25268866998
0.02433877682 0.00974852779 0.25250064614 2490.87942439860 0.00000000000 0.00000000000 0.00000000000 0.00000000000 0.00000000000 0.00000000000 0.25268876131
0.02433781831 0.00974579774 0.25250084485 2490.79629146495 0.00000000000 0.00000000000 0.00000000000 0.00000000000 0.00000000000 0.00000000000 0.25268885457
0.02433684013 0.00974307474 0.25250104518 2490.58570133684 0.00000000000 0.00000000000 0.00000000000 0.00000000000 0.00000000000 0.00000000000 0.25268894974
0.02433584234 0.00974035893 0.25250124710 2490.50655237768 0.00000000000 0.00000000000 0.00000000000 0.00000000000 0.00000000000 0.00000000000 0.25268904682
0.02433482499 0.00973765045 0.25250145062 2490.30000710027 0.00000000000 0.00000000000 0.00000000000 0.00000000000 0.00000000000 0.00000000000 0.25268914580
0.02433378813 0.00973494945 0.25250165572 2490.22495835989 0.00000000000 0.00000000000 0.00000000000 0.00000000000 0.00000000000 0.00000000000 0.25268924667
0.02433273182 0.00973225606 0.25250186240 2490.02256830984 0.00000000000 0.00000000000 0.00000000000 0.00000000000 0.00000000000 0.00000000000 0.25268934944
0.02433165611 0.00972957043 0.25250207063 2489.95172935245 0.00000000000 0.00000000000 0.00000000000 0.00000000000 0.00000000000 0.00000000000 0.25268945410
0.02433056107 0.00972689270 0.25250228042 2489.75360498684 0.00000000000 0.00000000000 0.00000000000 0.00000000000 0.00000000000 0.00000000000 0.25268956064
0.02432944674 0.00972422300 0.25250249174 2489.68708603279 0.00000000000 0.00000000000 0.00000000000 0.00000000000 0.00000000000 0.00000000000 0.25268966906
0.02432831318 0.00972156148 0.25250270459 2489.49333189807 0.00000000000 0.00000000000 0.00000000000 0.00000000000 0.00000000000 0.00000000000 0.25268977934
0.02432716046 0.00971890828 0.25250291896 2489.43123710803 0.00000000000 0.00000000000 0.00000000000 0.00000000000 0.00000000000 0.00000000000 0.25268989149
0.02432598864 0.00971626354 0.25250313484 2489.24195240650 0.00000000000 0.00000000000 0.00000000000 0.00000000000 0.00000000000 0.00000000000 0.25269000550
0.02432479777 0.00971362739 0.25250335221 2489.18438039852 0.00000000000 0.00000000000 0.00000000000 0.00000000000 0.00000000000 0.00000000000 0.25269012136
0.02432358793 0.00971099998 0.25250357107 2488.99966483517 0.00000000000 0.00000000000 0.00000000000 0.00000000000 0.00000000000 0.00000000000 0.25269023907
0.02432235916 0.00970838144 0.25250379140 2488.94671496037 0.00000000000 0.00000000000 0.00000000000 0.00000000000 0.00000000000 0.00000000000 0.25269035862
0.02432111155 0.00970577191 0.25250401319 2488.76666022603 0.00000000000 0.00000000000 0.00000000000 0.00000000000 0.00000000000 0.00000000000 0.25269048000
0.02431984515 0.00970317152 0.25250423643 2488.71842318160 0.00000000000 0.00000000000 0.00000000000 0.00000000000 0.00000000000 0.00000000000 0.25269060321
0.02431856003 0.00970058041 0.25250446111 2488.54311916666 0.00000000000 0.00000000000 0.00000000000 0.00000000000 0.00000000000 0.00000000000 0.25269072825
0.02431725625 0.00969799873 0.25250468722 2488.49968462945 0.00000000000 0.00000000000 0.00000000000 0.00000000000 0.00000000000 0.00000000000 0.25269085509
0.02431593390 0.00969542659 0.25250491474 2488.32921611123 0.00000000000 0.00000000000 0.00000000000 0.00000000000 0.00000000000 0.00000000000 0.25269098375
0.02431459303 0.00969286414 0.25250514367 2488.29066825269 0.00000000000 0.00000000000 0.00000000000 0.00000000000 0.00000000000 0.00000000000 0.25269111420
0.02431323371 0.00969031152 0.25250537400 2488.12511790721 0.00000000000 0.00000000000 0.00000000000 0.00000000000 0.00000000000 0.00000000000 0.25269124645
0.02431185602 0.00968776885 0.25250560570 2488.09153880884 0.00000000000 0.00000000000 0.00000000000 0.00000000000 0.00000000000 0.00000000000 0.25269138049
0.02431046004 0.00968523627 0.25250583877 2487.93098025229 0.00000000000 0.00000000000 0.00000000000 0.00000000000 0.00000000000 0.00000000000 0.25269151631
0.02430904582 0.00968271391 0.25250607320 2487.90244313264 0.00000000000 0.00000000000 0.00000000000 0.00000000000 0.00000000000 0.00000000000 0.25269165390
0.02430761346 0.00968020191 0.25250630897 2487.74695387072 0.00000000000 0.00000000000 0.00000000000 0.00000000000 0.00000000000 0.00000000000 0.25269179326
0.02430616301 0.00967770039 0.25250654608 2487.72353557943 0.00000000000 0.00000000000 0.00000000000 0.00000000000 0.00000000000 0.00000000000 0.25269193438
0.02430469457 0.00967520949 0.25250678451 2487.57317992743 0.00000000000 0.00000000000 0.00000000000 0.00000000000 0.00000000000 0.00000000000 0.25269207724
0.02430320820 0.00967272934 0.25250702424 2487.55494421377 0.00000000000 0.00000000000 0.00000000000 0.00000000000 0.00000000000 0.00000000000 0.25269222185
0.02430170398 0.00967026006 0.25250726528 2487.40978971017 0.00000000000 0.00000000000 0.00000000000 0.00000000000 0.00000000000 0.00000000000 0.25269236820
0.02430018200 0.00966780180 0.25250750760 2487.39680340295 0.00000000000 0.00000000000 0.00000000000 0.00000000000 0.00000000000 0.00000000000 0.25269251628
0.02429864233 0.00966535467 0.25250775118 2487.25690911048 0.00000000000 0.00000000000 0.00000000000 0.00000000000 0.00000000000 0.00000000000 0.25269266608
0.02429708506 0.00966291880 0.25250799603 2487.24923081459 0.00000000000 0.00000000000 0.00000000000 0.00000000000 0.00000000000 0.00000000000 0.25269281759
0.02429551026 0.00966049432 0.25250824213 2487.11465201592 0.00000000000 0.00000000000 0.00000000000 0.00000000000 0.00000000000 0.00000000000 0.25269297080
0.02429391802 0.00965808136 0.25250848946 2487.11233639154 0.00000000000 0.00000000000 0.00000000000 0.00000000000 0.00000000000 0.00000000000 0.25269312571
0.02429230842 0.00965568005 0.25250873801 2486.98312510353 0.00000000000 0.00000000000 0.00000000000 0.00000000000 0.00000000000 0.00000000000 0.25269328232
0.02429068155 0.00965329051 0.25250898777 2486.98622342868 0.00000000000 0.00000000000 0.00000000000 0.00000000000 0.00000000000 0.00000000000 0.25269344060
0.02428903749 0.00965091287 0.25250923872 2486.86242802730 0.00000000000 0.00000000000 0.00000000000 0.00000000000 0.00000000000 0.00000000000 0.25269360055
0.02428737633 0.00964854725 0.25250949086 2486.87098783286 0.00000000000 0.00000000000 0.00000000000 0.00000000000 0.00000000000 0.00000000000 0.25269376217
0.02428569815 0.00964619377 0.25250974417 2486.75264842826 0.00000000000 0.00000000000 0.00000000000 0.00000000000 0.00000000000 0.00000000000 0.25269392544
0.02428400305 0.00964385256 0.25250999864 2486.76670960885 0.00000000000 0.00000000000 0.00000000000 0.00000000000 0.00000000000 0.00000000000 0.25269409036
0.02428229111 0.00964152374 0.25251025425 2486.65386817162 0.00000000000 0.00000000000 0.00000000000 0.00000000000 0.00000000000 0.00000000000 0.25269425692
0.02428056242 0.00963920744 0.25251051099 2486.67347170521 0.00000000000 0.00000000000 0.00000000000 0.00000000000 0.00000000000 0.00000000000 0.25269442511
0.02427881708 0.00963690377 0.25251076885 2486.56615905403 0.00000000000 0.00000000000 0.00000000000 0.00000000000 0.00000000000 0.00000000000 0.25269459491
0.02427705517 0.00963461286 0.25251102781 2486.59133497785 0.00000000000 0.00000000000 0.00000000000 0.00000000000 0.00000000000 0.00000000000 0.25269476633
0.02427527679 0.00963233482 0.25251128787 2486.48958332962 0.00000000000 0.00000000000 0.00000000000 0.00000000000 0.00000000000 0.00000000000 0.25269493936
0.02427348203 0.00963006978 0.25251154901 2486.52036335600 0.00000000000 0.00000000000 0.00000000000 0.00000000000 0.00000000000 0.00000000000 0.25269511397
0.02427167098 0.00962781785 0.25251181121 2486.42419593767 0.00000000000 0.00000000000 0.00000000000 0.00000000000 0.00000000000 0.00000000000 0.25269529017
0.02426984374 0.00962557915 0.25251207446 2486.46060269362 0.00000000000 0.00000000000 0.00000000000 0.00000000000 0.00000000000 0.00000000000 0.25269546795
0.02426800041 0.00962335380 0.25251233875 2486.37004170141 0.00000000000 0.00000000000 0.00000000000 0.00000000000 0.00000000000 0.00000000000 0.25269564729
0.02426614109 0.00962114191 0.25251260406 2486.41209670691 0.00000000000 0.00000000000 0.00000000000 0.00000000000 0.00000000000 0.00000000000 0.25269582819
0.02426426586 0.00961894361 0.25251287039 2486.32715793415 0.00000000000 0.00000000000 0.00000000000 0.00000000000 0.00000000000 0.00000000000 0.25269601063
0.02426237483 0.00961675900 0.25251313771 2486.37487619264 0.00000000000 0.00000000000 0.00000000000 0.00000000000 0.00000000000 0.00000000000 0.25269619461
0.02426046810 0.00961458821 0.25251340602 2486.29557191200 0.00000000000 0.00000000000 0.00000000000 0.00000000000 0.00000000000 0.00000000000 0.25269638012
0.02425854577 0.00961243134 0.25251367530 2486.34896509695 0.00000000000 0.00000000000 0.00000000000 0.00000000000 0.00000000000 0.00000000000 0.25269656715
0.02425660794 0.00961028851 0.25251394553 2486.27530187980 0.00000000000 0.00000000000 0.00000000000 0.00000000000 0.00000000000 0.00000000000 0.25269675568
0.02425465471 0.00960815983 0.25251421671 2486.33437594099 0.00000000000 0.00000000000 0.00000000000 0.00000000000 0.00000000000 0.00000000000 0.25269694572
0.02425268618 0.00960604541 0.25251448881 2486.26635935615 0.00000000000 0.00000000000 0.00000000000 0.00000000000 0.00000000000 0.00000000000 0.25269713724
0.02425070245 0.00960394536 0.25251476183 2486.33111888237 0.00000000000 0.00000000000 0.00000000000 0.00000000000 0.00000000000 0.00000000000 0.25269733024
0.02424870364 0.00960185980 0.25251503575 2486.26874404218 0.00000000000 0.00000000000 0.00000000000 0.00000000000 0.00000000000 0.00000000000 0.25269752471
0.02424668985 0.00959978882 0.25251531056 2486.33918380973 0.00000000000 0.00000000000 0.00000000000 0.00000000000 0.00000000000 0.00000000000 0.25269772063
0.02424466117 0.00959773255 0.25251558624 2486.28245294015 0.00000000000 0.00000000000 0.00000000000 0.00000000000 0.00000000000 0.00000000000 0.25269791801
0.02424261773 0.00959569109 0.25251586278 2486.35857434773 0.00000000000 0.00000000000 0.00000000000 0.00000000000 0.00000000000 0.00000000000 0.25269811682
0.02424055962 0.00959366454 0.25251614017 2486.30744789601 0.00000000000 0.00000000000 0.00000000000 0.00000000000 0.00000000000 0.00000000000 0.25269831706
0.02423848695 0.00959165301 0.25251641838 2486.38921103076 0.00000000000 0.00000000000 0.00000000000 0.00000000000 0.00000000000 0.00000000000 0.25269851871
0.02423639983 0.00958965661 0.25251669741 2486.34379340539 0.00000000000 0.00000000000 0.00000000000 0.00000000000 0.00000000000 0.00000000000 0.25269872177
0.02423429838 0.00958767544 0.25251697724 2486.43130163530 0.00000000000 0.00000000000 0.00000000000 0.00000000000 0.00000000000 0.00000000000 0.25269892622
0.02423218270 0.00958570960 0.25251725786 2486.39112024103 0.00000000000 0.00000000000 0.00000000000 0.00000000000 0.00000000000 0.00000000000 0.25269913206
0.02423005290 0.00958375921 0.25251753925 2486.48390134022 0.00000000000 0.00000000000 0.00000000000 0.00000000000 0.00000000000 0.00000000000 0.25269933928
0.02422790909 0.00958182435 0.25251782140 2486.45063466580 0.00000000000 0.00000000000 0.00000000000 0.00000000000 0.00000000000 0.00000000000 0.25269954785
0.02422575139 0.00957990514 0.25251810430 2486.55035473136 0.00000000000 0.00000000000 0.00000000000 0.00000000000 0.00000000000 0.00000000000 0.25269975778
0.02422357992 0.00957800166 0.25251838792 2486.50809094158 0.00000000000 0.00000000000 0.00000000000 0.00000000000 0.00000000000 0.00000000000 0.25269996904
0.02422139477 0.00957611404 0.25251867226 2486.60304091363 0.00000000000 0.00000000000 0.00000000000 0.00000000000 0.00000000000 0.00000000000 0.25270018164
0.02421919608 0.00957424235 0.25251895730 2486.61686103386 0.00000000000 0.00000000000 0.00000000000 0.00000000000 0.00000000000 0.00000000000 0.25270039555
0.02421698395 0.00957238670 0.25251924302 2486.75286654726 0.00000000000 0.00000000000 0.00000000000 0.00000000000 0.00000000000 0.00000000000 0.25270061077
0.02421475850 0.00957054718 0.25251952942 2486.67799721318 0.00000000000 0.00000000000 0.00000000000 0.00000000000 0.00000000000 0.00000000000 0.25270082729
0.02421251984 0.00956872390 0.25251981648 2486.73695443106 0.00000000000 0.00000000000 0.00000000000 0.00000000000 0.00000000000 0.00000000000 0.25270104510
0.02421026810 0.00956691694 0.25252010418 2486.92973651671 0.00000000000 0.00000000000 0.00000000000 0.00000000000 0.00000000000 0.00000000000 0.25270126418
0.02420800339 0.00956512640 0.25252039252 2487.25628104196 0.00000000000 0.00000000000 0.00000000000 0.00000000000 0.00000000000 0.00000000000 0.25270148452
