VARIABLES=
"CoordinateX"
"CoordinateY"
"CoordinateZ"
"Kappa1"
"Kappa2"
"dy"
"dz"
"d2x"
"d2y"
"d2z"
"R"
ZONE T="Konrollpunkte"
I=101, J=1, K=1
0.00653827776 0.01810622739 0.25384614134 0.00000000000 0.00000000000 0.00000000000 0.00000000000 0.00000000000 0.00000000000 0.00000000000 0.00000000000
0.00654735965 0.01811606631 0.25384455060 0.00000000000 0.00000000000 0.00000000000 0.00000000000 0.00000000000 0.00000000000 0.00000000000 0.00000000000
0.00656134891 0.01813111806 0.25384210696 0.00000000000 0.00000000000 0.00000000000 0.00000000000 0.00000000000 0.00000000000 0.00000000000 0.00000000000
0.00657129865 0.01814176552 0.25384037253 0.00000000000 0.00000000000 0.00000000000 0.00000000000 0.00000000000 0.00000000000 0.00000000000 0.00000000000
0.00658212068 0.01815327385 0.25383849071 0.00000000000 0.00000000000 0.00000000000 0.00000000000 0.00000000000 0.00000000000 0.00000000000 0.00000000000
0.00659320751 0.01816499830 0.25383656699 0.00000000000 0.00000000000 0.00000000000 0.00000000000 0.00000000000 0.00000000000 0.00000000000 0.00000000000
0.00660416240 0.01817651628 0.25383467041 0.00000000000 0.00000000000 0.00000000000 0.00000000000 0.00000000000 0.00000000000 0.00000000000 0.00000000000
0.00661511822 0.01818796966 0.25383277783 0.00000000000 0.00000000000 0.00000000000 0.00000000000 0.00000000000 0.00000000000 0.00000000000 0.00000000000
0.00662610163 0.01819938665 0.25383088464 0.00000000000 0.00000000000 0.00000000000 0.00000000000 0.00000000000 0.00000000000 0.00000000000 0.00000000000
0.00663711733 0.01821077237 0.25382899001 0.00000000000 0.00000000000 0.00000000000 0.00000000000 0.00000000000 0.00000000000 0.00000000000 0.00000000000
0.00664816508 0.01822212674 0.25382709397 0.00000000000 0.00000000000 0.00000000000 0.00000000000 0.00000000000 0.00000000000 0.00000000000 0.00000000000
0.00665924470 0.01823344976 0.25382519655 0.00000000000 0.00000000000 0.00000000000 0.00000000000 0.00000000000 0.00000000000 0.00000000000 0.00000000000
0.00667035598 0.01824474138 0.25382329777 0.00000000000 0.00000000000 0.00000000000 0.00000000000 0.00000000000 0.00000000000 0.00000000000 0.00000000000
0.00668149865 0.01825600154 0.25382139767 0.00000000000 0.00000000000 0.00000000000 0.00000000000 0.00000000000 0.00000000000 0.00000000000 0.00000000000
0.00669267252 0.01826723023 0.25381949628 0.00000000000 0.00000000000 0.00000000000 0.00000000000 0.00000000000 0.00000000000 0.00000000000 0.00000000000
0.00670387739 0.01827842745 0.25381759360 0.00000000000 0.00000000000 0.00000000000 0.00000000000 0.00000000000 0.00000000000 0.00000000000 0.00000000000
0.00671511316 0.01828959330 0.25381568967 0.00000000000 0.00000000000 0.00000000000 0.00000000000 0.00000000000 0.00000000000 0.00000000000 0.00000000000
0.00672637968 0.01830072783 0.25381378448 0.00000000000 0.00000000000 0.00000000000 0.00000000000 0.00000000000 0.00000000000 0.00000000000 0.00000000000
0.00673767682 0.01831183109 0.25381187805 0.00000000000 0.00000000000 0.00000000000 0.00000000000 0.00000000000 0.00000000000 0.00000000000 0.00000000000
0.00674900439 0.01832290312 0.25380997040 0.00000000000 0.00000000000 0.00000000000 0.00000000000 0.00000000000 0.00000000000 0.00000000000 0.00000000000
0.00676036222 0.01833394394 0.25380806156 0.00000000000 0.00000000000 0.00000000000 0.00000000000 0.00000000000 0.00000000000 0.00000000000 0.00000000000
0.00677175012 0.01834495357 0.25380615153 0.00000000000 0.00000000000 0.00000000000 0.00000000000 0.00000000000 0.00000000000 0.00000000000 0.00000000000
0.00678316791 0.01835593204 0.25380424035 0.00000000000 0.00000000000 0.00000000000 0.00000000000 0.00000000000 0.00000000000 0.00000000000 0.00000000000
0.00679461537 0.01836687936 0.25380232803 0.00000000000 0.00000000000 0.00000000000 0.00000000000 0.00000000000 0.00000000000 0.00000000000 0.00000000000
0.00680609249 0.01837779560 0.25380041458 0.00000000000 0.00000000000 0.00000000000 0.00000000000 0.00000000000 0.00000000000 0.00000000000 0.00000000000
0.00681759690 0.01838867935 0.25379850033 0.00000000000 0.00000000000 0.00000000000 0.00000000000 0.00000000000 0.00000000000 0.00000000000 0.00000000000
0.00682912088 0.01839951998 0.25379658682 0.00000000000 0.00000000000 0.00000000000 0.00000000000 0.00000000000 0.00000000000 0.00000000000 0.00000000000
0.00684057843 0.01841025801 0.25379468678 0.00000000000 0.00000000000 0.00000000000 0.00000000000 0.00000000000 0.00000000000 0.00000000000 0.00000000000
0.00685210410 0.01842084104 0.25379279086 0.00000000000 0.00000000000 0.00000000000 0.00000000000 0.00000000000 0.00000000000 0.00000000000 0.00000000000
0.00686419161 0.01843133212 0.25379084618 0.00000000000 0.00000000000 0.00000000000 0.00000000000 0.00000000000 0.00000000000 0.00000000000 0.00000000000
0.00687637065 0.01844170756 0.25378890050 0.00000000000 0.00000000000 0.00000000000 0.00000000000 0.00000000000 0.00000000000 0.00000000000 0.00000000000
0.00688845850 0.01845198878 0.25378697016 0.00000000000 0.00000000000 0.00000000000 0.00000000000 0.00000000000 0.00000000000 0.00000000000 0.00000000000
0.00690053948 0.01846223529 0.25378504259 0.00000000000 0.00000000000 0.00000000000 0.00000000000 0.00000000000 0.00000000000 0.00000000000 0.00000000000
0.00691263112 0.01847246373 0.25378311488 0.00000000000 0.00000000000 0.00000000000 0.00000000000 0.00000000000 0.00000000000 0.00000000000 0.00000000000
0.00692473643 0.01848267584 0.25378118659 0.00000000000 0.00000000000 0.00000000000 0.00000000000 0.00000000000 0.00000000000 0.00000000000 0.00000000000
0.00693685562 0.01849287138 0.25377925774 0.00000000000 0.00000000000 0.00000000000 0.00000000000 0.00000000000 0.00000000000 0.00000000000 0.00000000000
0.00694898887 0.01850305005 0.25377732831 0.00000000000 0.00000000000 0.00000000000 0.00000000000 0.00000000000 0.00000000000 0.00000000000 0.00000000000
0.00696113638 0.01851321155 0.25377539833 0.00000000000 0.00000000000 0.00000000000 0.00000000000 0.00000000000 0.00000000000 0.00000000000 0.00000000000
0.00697329838 0.01852335560 0.25377346779 0.00000000000 0.00000000000 0.00000000000 0.00000000000 0.00000000000 0.00000000000 0.00000000000 0.00000000000
0.00698547505 0.01853348187 0.25377153669 0.00000000000 0.00000000000 0.00000000000 0.00000000000 0.00000000000 0.00000000000 0.00000000000 0.00000000000
0.00699766660 0.01854359004 0.25376960505 0.00000000000 0.00000000000 0.00000000000 0.00000000000 0.00000000000 0.00000000000 0.00000000000 0.00000000000
0.00700987321 0.01855367978 0.25376767287 0.00000000000 0.00000000000 0.00000000000 0.00000000000 0.00000000000 0.00000000000 0.00000000000 0.00000000000
0.00702209506 0.01856375074 0.25376574016 0.00000000000 0.00000000000 0.00000000000 0.00000000000 0.00000000000 0.00000000000 0.00000000000 0.00000000000
0.00703433235 0.01857380259 0.25376380693 0.00000000000 0.00000000000 0.00000000000 0.00000000000 0.00000000000 0.00000000000 0.00000000000 0.00000000000
0.00704658533 0.01858383502 0.25376187318 0.00000000000 0.00000000000 0.00000000000 0.00000000000 0.00000000000 0.00000000000 0.00000000000 0.00000000000
0.00705885428 0.01859384773 0.25375993891 0.00000000000 0.00000000000 0.00000000000 0.00000000000 0.00000000000 0.00000000000 0.00000000000 0.00000000000
0.00707113943 0.01860384041 0.25375800411 0.00000000000 0.00000000000 0.00000000000 0.00000000000 0.00000000000 0.00000000000 0.00000000000 0.00000000000
0.00708344102 0.01861381271 0.25375606880 0.00000000000 0.00000000000 0.00000000000 0.00000000000 0.00000000000 0.00000000000 0.00000000000 0.00000000000
0.00709575927 0.01862376428 0.25375413298 0.00000000000 0.00000000000 0.00000000000 0.00000000000 0.00000000000 0.00000000000 0.00000000000 0.00000000000
0.00710809443 0.01863369478 0.25375219665 0.00000000000 0.00000000000 0.00000000000 0.00000000000 0.00000000000 0.00000000000 0.00000000000 0.00000000000
0.00712044673 0.01864360384 0.25375025982 0.00000000000 0.00000000000 0.00000000000 0.00000000000 0.00000000000 0.00000000000 0.00000000000 0.00000000000
0.00713281639 0.01865349108 0.25374832250 0.00000000000 0.00000000000 0.00000000000 0.00000000000 0.00000000000 0.00000000000 0.00000000000 0.00000000000
0.00714520365 0.01866335614 0.25374638469 0.00000000000 0.00000000000 0.00000000000 0.00000000000 0.00000000000 0.00000000000 0.00000000000 0.00000000000
0.00715760876 0.01867319864 0.25374444641 0.00000000000 0.00000000000 0.00000000000 0.00000000000 0.00000000000 0.00000000000 0.00000000000 0.00000000000
0.00717003195 0.01868301819 0.25374250765 0.00000000000 0.00000000000 0.00000000000 0.00000000000 0.00000000000 0.00000000000 0.00000000000 0.00000000000
0.00718247346 0.01869281438 0.25374056843 0.00000000000 0.00000000000 0.00000000000 0.00000000000 0.00000000000 0.00000000000 0.00000000000 0.00000000000
0.00719493354 0.01870258683 0.25373862876 0.00000000000 0.00000000000 0.00000000000 0.00000000000 0.00000000000 0.00000000000 0.00000000000 0.00000000000
0.00720741242 0.01871233511 0.25373668865 0.00000000000 0.00000000000 0.00000000000 0.00000000000 0.00000000000 0.00000000000 0.00000000000 0.00000000000
0.00721991036 0.01872205881 0.25373474810 0.00000000000 0.00000000000 0.00000000000 0.00000000000 0.00000000000 0.00000000000 0.00000000000 0.00000000000
0.00723242759 0.01873175751 0.25373280712 0.00000000000 0.00000000000 0.00000000000 0.00000000000 0.00000000000 0.00000000000 0.00000000000 0.00000000000
0.00724496436 0.01874143076 0.25373086573 0.00000000000 0.00000000000 0.00000000000 0.00000000000 0.00000000000 0.00000000000 0.00000000000 0.00000000000
0.00725752087 0.01875107812 0.25372892395 0.00000000000 0.00000000000 0.00000000000 0.00000000000 0.00000000000 0.00000000000 0.00000000000 0.00000000000
0.00727009731 0.01876069921 0.25372698178 0.00000000000 0.00000000000 0.00000000000 0.00000000000 0.00000000000 0.00000000000 0.00000000000 0.00000000000
0.00728269386 0.01877029367 0.25372503924 0.00000000000 0.00000000000 0.00000000000 0.00000000000 0.00000000000 0.00000000000 0.00000000000 0.00000000000
0.00729531073 0.01877986116 0.25372309634 0.00000000000 0.00000000000 0.00000000000 0.00000000000 0.00000000000 0.00000000000 0.00000000000 0.00000000000
0.00730794810 0.01878940133 0.25372115308 0.00000000000 0.00000000000 0.00000000000 0.00000000000 0.00000000000 0.00000000000 0.00000000000 0.00000000000
0.00732060620 0.01879891383 0.25371920948 0.00000000000 0.00000000000 0.00000000000 0.00000000000 0.00000000000 0.00000000000 0.00000000000 0.00000000000
0.00733328522 0.01880839831 0.25371726554 0.00000000000 0.00000000000 0.00000000000 0.00000000000 0.00000000000 0.00000000000 0.00000000000 0.00000000000
0.00734598534 0.01881785438 0.25371532128 0.00000000000 0.00000000000 0.00000000000 0.00000000000 0.00000000000 0.00000000000 0.00000000000 0.00000000000
0.00735870673 0.01882728166 0.25371337671 0.00000000000 0.00000000000 0.00000000000 0.00000000000 0.00000000000 0.00000000000 0.00000000000 0.00000000000
0.00737144904 0.01883667936 0.25371143193 0.00000000000 0.00000000000 0.00000000000 0.00000000000 0.00000000000 0.00000000000 0.00000000000 0.00000000000
0.00738420783 0.01884604371 0.25370948766 0.00000000000 0.00000000000 0.00000000000 0.00000000000 0.00000000000 0.00000000000 0.00000000000 0.00000000000
0.00739696562 0.01885536144 0.25370754659 0.00000000000 0.00000000000 0.00000000000 0.00000000000 0.00000000000 0.00000000000 0.00000000000 0.00000000000
0.00740972948 0.01886463739 0.25370560769 0.00000000000 0.00000000000 0.00000000000 0.00000000000 0.00000000000 0.00000000000 0.00000000000 0.00000000000
0.00742252041 0.01887388640 0.25370366780 0.00000000000 0.00000000000 0.00000000000 0.00000000000 0.00000000000 0.00000000000 0.00000000000 0.00000000000
0.00743538329 0.01888314008 0.25370172017 0.00000000000 0.00000000000 0.00000000000 0.00000000000 0.00000000000 0.00000000000 0.00000000000 0.00000000000
0.00744830397 0.01889238764 0.25369976699 0.00000000000 0.00000000000 0.00000000000 0.00000000000 0.00000000000 0.00000000000 0.00000000000 0.00000000000
0.00746124609 0.01890160292 0.25369781377 0.00000000000 0.00000000000 0.00000000000 0.00000000000 0.00000000000 0.00000000000 0.00000000000 0.00000000000
0.00747418199 0.01891076669 0.25369586466 0.00000000000 0.00000000000 0.00000000000 0.00000000000 0.00000000000 0.00000000000 0.00000000000 0.00000000000
0.00748712590 0.01891988932 0.25369391749 0.00000000000 0.00000000000 0.00000000000 0.00000000000 0.00000000000 0.00000000000 0.00000000000 0.00000000000
0.00750009005 0.01892897971 0.25369197040 0.00000000000 0.00000000000 0.00000000000 0.00000000000 0.00000000000 0.00000000000 0.00000000000 0.00000000000
0.00751307564 0.01893803888 0.25369002322 0.00000000000 0.00000000000 0.00000000000 0.00000000000 0.00000000000 0.00000000000 0.00000000000 0.00000000000
0.00752608270 0.01894706708 0.25368807592 0.00000000000 0.00000000000 0.00000000000 0.00000000000 0.00000000000 0.00000000000 0.00000000000 0.00000000000
0.00753911106 0.01895606439 0.25368612851 0.00000000000 0.00000000000 0.00000000000 0.00000000000 0.00000000000 0.00000000000 0.00000000000 0.00000000000
0.00755216053 0.01896503089 0.25368418100 0.00000000000 0.00000000000 0.00000000000 0.00000000000 0.00000000000 0.00000000000 0.00000000000 0.00000000000
0.00756523094 0.01897396670 0.25368223342 0.00000000000 0.00000000000 0.00000000000 0.00000000000 0.00000000000 0.00000000000 0.00000000000 0.00000000000
0.00757832210 0.01898287192 0.25368028577 0.00000000000 0.00000000000 0.00000000000 0.00000000000 0.00000000000 0.00000000000 0.00000000000 0.00000000000
0.00759143379 0.01899174663 0.25367833808 0.00000000000 0.00000000000 0.00000000000 0.00000000000 0.00000000000 0.00000000000 0.00000000000 0.00000000000
0.00760456572 0.01900059090 0.25367639037 0.00000000000 0.00000000000 0.00000000000 0.00000000000 0.00000000000 0.00000000000 0.00000000000 0.00000000000
0.00761771776 0.01900940450 0.25367444267 0.00000000000 0.00000000000 0.00000000000 0.00000000000 0.00000000000 0.00000000000 0.00000000000 0.00000000000
0.00763089046 0.01901818664 0.25367249499 0.00000000000 0.00000000000 0.00000000000 0.00000000000 0.00000000000 0.00000000000 0.00000000000 0.00000000000
0.00764408464 0.01902693624 0.25367054733 0.00000000000 0.00000000000 0.00000000000 0.00000000000 0.00000000000 0.00000000000 0.00000000000 0.00000000000
0.00765730099 0.01903565212 0.25366859973 0.00000000000 0.00000000000 0.00000000000 0.00000000000 0.00000000000 0.00000000000 0.00000000000 0.00000000000
0.00767054017 0.01904433312 0.25366665220 0.00000000000 0.00000000000 0.00000000000 0.00000000000 0.00000000000 0.00000000000 0.00000000000 0.00000000000
0.00768380301 0.01905297823 0.25366470475 0.00000000000 0.00000000000 0.00000000000 0.00000000000 0.00000000000 0.00000000000 0.00000000000 0.00000000000
0.00769709954 0.01906159242 0.25366275602 0.00000000000 0.00000000000 0.00000000000 0.00000000000 0.00000000000 0.00000000000 0.00000000000 0.00000000000
0.00771047458 0.01907020286 0.25366079958 0.00000000000 0.00000000000 0.00000000000 0.00000000000 0.00000000000 0.00000000000 0.00000000000 0.00000000000
0.00772402078 0.01907886734 0.25365882203 0.00000000000 0.00000000000 0.00000000000 0.00000000000 0.00000000000 0.00000000000 0.00000000000 0.00000000000
0.00773628202 0.01908665704 0.25365703578 0.00000000000 0.00000000000 0.00000000000 0.00000000000 0.00000000000 0.00000000000 0.00000000000 0.00000000000
0.00775006678 0.01909535432 0.25365503182 0.00000000000 0.00000000000 0.00000000000 0.00000000000 0.00000000000 0.00000000000 0.00000000000 0.00000000000
0.00776389775 0.01910403107 0.25365302458 0.00000000000 0.00000000000 0.00000000000 0.00000000000 0.00000000000 0.00000000000 0.00000000000 0.00000000000
ZONE T="NURB"
I=201, J=1, K=1
0.00653827776 0.01810622739 0.25384614134 118.70539746263 0.00000000000 0.00000000000 0.00000000000 0.00000000000 0.00000000000 0.00000000000 0.25449105867
0.00654403120 0.01811245392 0.25384513402 125.53341026819 0.00000000000 0.00000000000 0.00000000000 0.00000000000 0.00000000000 0.00000000000 0.25449049697
0.00654968389 0.01811855831 0.25384414517 132.89483683642 0.00000000000 0.00000000000 0.00000000000 0.00000000000 0.00000000000 0.00000000000 0.25448994517
0.00655523583 0.01812454057 0.25384317480 140.84275247426 0.00000000000 0.00000000000 0.00000000000 0.00000000000 0.00000000000 0.00000000000 0.25448940324
0.00656064534 0.01813035536 0.25384223021 172.54413101662 0.00000000000 0.00000000000 0.00000000000 0.00000000000 0.00000000000 0.00000000000 0.25448887525
0.00656584499 0.01813592934 0.25384132321 195.74924174766 0.00000000000 0.00000000000 0.00000000000 0.00000000000 0.00000000000 0.00000000000 0.25448836772
0.00657100052 0.01814143884 0.25384042499 207.01300396329 0.00000000000 0.00000000000 0.00000000000 0.00000000000 0.00000000000 0.00000000000 0.25448786447
0.00657635271 0.01814714007 0.25383949369 186.12032558390 0.00000000000 0.00000000000 0.00000000000 0.00000000000 0.00000000000 0.00000000000 0.25448734202
0.00658182614 0.01815295334 0.25383854239 170.77419870296 0.00000000000 0.00000000000 0.00000000000 0.00000000000 0.00000000000 0.00000000000 0.25448680775
0.00658732630 0.01815877882 0.25383758746 169.06037512959 0.00000000000 0.00000000000 0.00000000000 0.00000000000 0.00000000000 0.00000000000 0.25448627086
0.00659282909 0.01816459080 0.25383663311 177.69209076789 0.00000000000 0.00000000000 0.00000000000 0.00000000000 0.00000000000 0.00000000000 0.25448573372
0.00659830440 0.01817035713 0.25383568458 181.22107493201 0.00000000000 0.00000000000 0.00000000000 0.00000000000 0.00000000000 0.00000000000 0.25448519927
0.00660376766 0.01817609420 0.25383473919 177.40353302826 0.00000000000 0.00000000000 0.00000000000 0.00000000000 0.00000000000 0.00000000000 0.25448466599
0.00660923936 0.01818182376 0.25383379339 177.36489613816 0.00000000000 0.00000000000 0.00000000000 0.00000000000 0.00000000000 0.00000000000 0.25448413188
0.00661471935 0.01818754568 0.25383284718 177.21895573396 0.00000000000 0.00000000000 0.00000000000 0.00000000000 0.00000000000 0.00000000000 0.25448359697
0.00662020733 0.01819325962 0.25383190063 177.23053475930 0.00000000000 0.00000000000 0.00000000000 0.00000000000 0.00000000000 0.00000000000 0.25448306127
0.00662570334 0.01819896567 0.25383095374 176.67026825696 0.00000000000 0.00000000000 0.00000000000 0.00000000000 0.00000000000 0.00000000000 0.25448252480
0.00663120743 0.01820466392 0.25383000648 176.66702609675 0.00000000000 0.00000000000 0.00000000000 0.00000000000 0.00000000000 0.00000000000 0.25448198753
0.00663671959 0.01821035434 0.25382905886 176.19682809363 0.00000000000 0.00000000000 0.00000000000 0.00000000000 0.00000000000 0.00000000000 0.25448144947
0.00664223976 0.01821603693 0.25382811089 176.19624654517 0.00000000000 0.00000000000 0.00000000000 0.00000000000 0.00000000000 0.00000000000 0.25448091064
0.00664776794 0.01822171169 0.25382716257 175.70930383448 0.00000000000 0.00000000000 0.00000000000 0.00000000000 0.00000000000 0.00000000000 0.25448037102
0.00665330409 0.01822737861 0.25382621390 175.70854059940 0.00000000000 0.00000000000 0.00000000000 0.00000000000 0.00000000000 0.00000000000 0.25447983062
0.00665884820 0.01823303769 0.25382526489 175.21421269389 0.00000000000 0.00000000000 0.00000000000 0.00000000000 0.00000000000 0.00000000000 0.25447928945
0.00666440023 0.01823868893 0.25382431554 175.21412951192 0.00000000000 0.00000000000 0.00000000000 0.00000000000 0.00000000000 0.00000000000 0.25447874750
0.00666996017 0.01824433232 0.25382336585 174.68770906305 0.00000000000 0.00000000000 0.00000000000 0.00000000000 0.00000000000 0.00000000000 0.25447820479
0.00667552797 0.01824996787 0.25382241582 174.68838964639 0.00000000000 0.00000000000 0.00000000000 0.00000000000 0.00000000000 0.00000000000 0.25447766130
0.00668110363 0.01825559557 0.25382146547 174.14537828625 0.00000000000 0.00000000000 0.00000000000 0.00000000000 0.00000000000 0.00000000000 0.25447711705
0.00668668711 0.01826121541 0.25382051478 174.14659303537 0.00000000000 0.00000000000 0.00000000000 0.00000000000 0.00000000000 0.00000000000 0.25447657203
0.00669227839 0.01826682741 0.25381956377 173.60166548142 0.00000000000 0.00000000000 0.00000000000 0.00000000000 0.00000000000 0.00000000000 0.25447602625
0.00669787744 0.01827243156 0.25381861244 173.60269278019 0.00000000000 0.00000000000 0.00000000000 0.00000000000 0.00000000000 0.00000000000 0.25447547972
0.00670348426 0.01827802787 0.25381766079 173.06069391348 0.00000000000 0.00000000000 0.00000000000 0.00000000000 0.00000000000 0.00000000000 0.25447493242
0.00670909881 0.01828361634 0.25381670882 173.06097668379 0.00000000000 0.00000000000 0.00000000000 0.00000000000 0.00000000000 0.00000000000 0.25447438437
0.00671472108 0.01828919698 0.25381575653 172.52021202962 0.00000000000 0.00000000000 0.00000000000 0.00000000000 0.00000000000 0.00000000000 0.25447383557
0.00672035106 0.01829476980 0.25381480393 172.51983022831 0.00000000000 0.00000000000 0.00000000000 0.00000000000 0.00000000000 0.00000000000 0.25447328602
0.00672598872 0.01830033479 0.25381385102 171.97048614634 0.00000000000 0.00000000000 0.00000000000 0.00000000000 0.00000000000 0.00000000000 0.25447273571
0.00673163404 0.01830589197 0.25381289779 171.96974557666 0.00000000000 0.00000000000 0.00000000000 0.00000000000 0.00000000000 0.00000000000 0.25447218466
0.00673728699 0.01831144134 0.25381194426 171.40397565827 0.00000000000 0.00000000000 0.00000000000 0.00000000000 0.00000000000 0.00000000000 0.25447163286
0.00674294756 0.01831698289 0.25381099042 171.40314399949 0.00000000000 0.00000000000 0.00000000000 0.00000000000 0.00000000000 0.00000000000 0.25447108032
0.00674861573 0.01832251664 0.25381003628 170.83239382534 0.00000000000 0.00000000000 0.00000000000 0.00000000000 0.00000000000 0.00000000000 0.25447052704
0.00675429146 0.01832804258 0.25380908184 170.83156757226 0.00000000000 0.00000000000 0.00000000000 0.00000000000 0.00000000000 0.00000000000 0.25446997302
0.00675997473 0.01833356072 0.25380812710 170.25950088454 0.00000000000 0.00000000000 0.00000000000 0.00000000000 0.00000000000 0.00000000000 0.25446941826
0.00676566553 0.01833907106 0.25380717207 170.25871889353 0.00000000000 0.00000000000 0.00000000000 0.00000000000 0.00000000000 0.00000000000 0.25446886277
0.00677136383 0.01834457360 0.25380621674 169.69839514180 0.00000000000 0.00000000000 0.00000000000 0.00000000000 0.00000000000 0.00000000000 0.25446830655
0.00677706960 0.01835006834 0.25380526112 169.69756648442 0.00000000000 0.00000000000 0.00000000000 0.00000000000 0.00000000000 0.00000000000 0.25446774959
0.00678278283 0.01835555530 0.25380430522 169.07628763205 0.00000000000 0.00000000000 0.00000000000 0.00000000000 0.00000000000 0.00000000000 0.25446719191
0.00678850347 0.01836103446 0.25380334903 169.07595028089 0.00000000000 0.00000000000 0.00000000000 0.00000000000 0.00000000000 0.00000000000 0.25446663351
0.00679423154 0.01836650584 0.25380239256 168.81297541238 0.00000000000 0.00000000000 0.00000000000 0.00000000000 0.00000000000 0.00000000000 0.25446607438
0.00679996703 0.01837196946 0.25380143581 168.80999933639 0.00000000000 0.00000000000 0.00000000000 0.00000000000 0.00000000000 0.00000000000 0.25446551452
0.00680570981 0.01837742526 0.25380047879 166.47750928390 0.00000000000 0.00000000000 0.00000000000 0.00000000000 0.00000000000 0.00000000000 0.25446495396
0.00681145970 0.01838287322 0.25379952152 166.48997835717 0.00000000000 0.00000000000 0.00000000000 0.00000000000 0.00000000000 0.00000000000 0.25446439270
0.00681721731 0.01838831352 0.25379856393 176.15409948472 0.00000000000 0.00000000000 0.00000000000 0.00000000000 0.00000000000 0.00000000000 0.25446383068
0.00682298341 0.01839374641 0.25379760592 176.07871858276 0.00000000000 0.00000000000 0.00000000000 0.00000000000 0.00000000000 0.00000000000 0.25446326784
0.00682875037 0.01839916704 0.25379664861 116.31704912123 0.00000000000 0.00000000000 0.00000000000 0.00000000000 0.00000000000 0.00000000000 0.25446270492
0.00683450836 0.01840456912 0.25379569340 117.17044937382 0.00000000000 0.00000000000 0.00000000000 0.00000000000 0.00000000000 0.00000000000 0.25446214286
0.00684026761 0.01840994236 0.25379474004 642.76903481643 0.00000000000 0.00000000000 0.00000000000 0.00000000000 0.00000000000 0.00000000000 0.25446158069
0.00684604104 0.01841527378 0.25379378821 647.16800580994 0.00000000000 0.00000000000 0.00000000000 0.00000000000 0.00000000000 0.00000000000 0.25446101714
0.00685187845 0.01842056530 0.25379283290 1744.97608180075 0.00000000000 0.00000000000 0.00000000000 0.00000000000 0.00000000000 0.00000000000 0.25446044733
0.00685784005 0.01842581926 0.25379186805 1700.36628242094 0.00000000000 0.00000000000 0.00000000000 0.00000000000 0.00000000000 0.00000000000 0.25445986541
0.00686387748 0.01843103759 0.25379089825 565.88928485008 0.00000000000 0.00000000000 0.00000000000 0.00000000000 0.00000000000 0.00000000000 0.25445927608
0.00686993233 0.01843622261 0.25378992907 567.69996017889 0.00000000000 0.00000000000 0.00000000000 0.00000000000 0.00000000000 0.00000000000 0.25445868505
0.00687599012 0.01844138155 0.25378896138 49.01488409368 0.00000000000 0.00000000000 0.00000000000 0.00000000000 0.00000000000 0.00000000000 0.25445809374
0.00688203288 0.01844652351 0.25378799628 49.43295408606 0.00000000000 0.00000000000 0.00000000000 0.00000000000 0.00000000000 0.00000000000 0.25445750389
0.00688806847 0.01845165389 0.25378703263 86.38650716666 0.00000000000 0.00000000000 0.00000000000 0.00000000000 0.00000000000 0.00000000000 0.25445691474
0.00689410703 0.01845677958 0.25378606892 86.40955452066 0.00000000000 0.00000000000 0.00000000000 0.00000000000 0.00000000000 0.00000000000 0.25445632531
0.00690014874 0.01846190093 0.25378510511 81.25930163148 0.00000000000 0.00000000000 0.00000000000 0.00000000000 0.00000000000 0.00000000000 0.25445573556
0.00690619379 0.01846701832 0.25378414115 81.25905066403 0.00000000000 0.00000000000 0.00000000000 0.00000000000 0.00000000000 0.00000000000 0.25445514549
0.00691224221 0.01847213170 0.25378317706 83.71926963171 0.00000000000 0.00000000000 0.00000000000 0.00000000000 0.00000000000 0.00000000000 0.25445455509
0.00691829407 0.01847724101 0.25378221281 83.71891408534 0.00000000000 0.00000000000 0.00000000000 0.00000000000 0.00000000000 0.00000000000 0.25445396435
0.00692434937 0.01848234621 0.25378124843 84.89773540273 0.00000000000 0.00000000000 0.00000000000 0.00000000000 0.00000000000 0.00000000000 0.25445337328
0.00693040814 0.01848744727 0.25378028390 84.89765289511 0.00000000000 0.00000000000 0.00000000000 0.00000000000 0.00000000000 0.00000000000 0.25445278187
0.00693647040 0.01849254416 0.25377931923 86.31729572729 0.00000000000 0.00000000000 0.00000000000 0.00000000000 0.00000000000 0.00000000000 0.25445219012
0.00694253618 0.01849763683 0.25377835442 86.31729596639 0.00000000000 0.00000000000 0.00000000000 0.00000000000 0.00000000000 0.00000000000 0.25445159803
0.00694860550 0.01850272525 0.25377738946 87.71789026323 0.00000000000 0.00000000000 0.00000000000 0.00000000000 0.00000000000 0.00000000000 0.25445100559
0.00695467839 0.01850780937 0.25377642437 87.71788744501 0.00000000000 0.00000000000 0.00000000000 0.00000000000 0.00000000000 0.00000000000 0.25445041280
0.00696075488 0.01851288918 0.25377545913 89.14348949453 0.00000000000 0.00000000000 0.00000000000 0.00000000000 0.00000000000 0.00000000000 0.25444981966
0.00696683498 0.01851796461 0.25377449376 89.14349380958 0.00000000000 0.00000000000 0.00000000000 0.00000000000 0.00000000000 0.00000000000 0.25444922616
0.00697291874 0.01852303565 0.25377352824 90.58711723317 0.00000000000 0.00000000000 0.00000000000 0.00000000000 0.00000000000 0.00000000000 0.25444863232
0.00697900616 0.01852810225 0.25377256259 90.58713785955 0.00000000000 0.00000000000 0.00000000000 0.00000000000 0.00000000000 0.00000000000 0.25444803811
0.00698509729 0.01853316436 0.25377159680 92.05112510482 0.00000000000 0.00000000000 0.00000000000 0.00000000000 0.00000000000 0.00000000000 0.25444744354
0.00699119214 0.01853822196 0.25377063087 92.05123342718 0.00000000000 0.00000000000 0.00000000000 0.00000000000 0.00000000000 0.00000000000 0.25444684861
0.00699729073 0.01854327500 0.25376966481 93.53451663613 0.00000000000 0.00000000000 0.00000000000 0.00000000000 0.00000000000 0.00000000000 0.25444625331
0.00700339310 0.01854832344 0.25376869860 93.53483834262 0.00000000000 0.00000000000 0.00000000000 0.00000000000 0.00000000000 0.00000000000 0.25444565764
0.00700949927 0.01855336724 0.25376773227 95.03966044879 0.00000000000 0.00000000000 0.00000000000 0.00000000000 0.00000000000 0.00000000000 0.25444506161
0.00701560926 0.01855840635 0.25376676580 95.04026433107 0.00000000000 0.00000000000 0.00000000000 0.00000000000 0.00000000000 0.00000000000 0.25444446520
0.00702172309 0.01856344073 0.25376579919 96.56535439948 0.00000000000 0.00000000000 0.00000000000 0.00000000000 0.00000000000 0.00000000000 0.25444386841
0.00702784080 0.01856847035 0.25376483246 96.56602338613 0.00000000000 0.00000000000 0.00000000000 0.00000000000 0.00000000000 0.00000000000 0.25444327125
0.00703396242 0.01857349516 0.25376386559 98.11222912264 0.00000000000 0.00000000000 0.00000000000 0.00000000000 0.00000000000 0.00000000000 0.25444267370
0.00704008797 0.01857851513 0.25376289859 98.11268508301 0.00000000000 0.00000000000 0.00000000000 0.00000000000 0.00000000000 0.00000000000 0.25444207577
0.00704621748 0.01858353021 0.25376193146 99.68008192499 0.00000000000 0.00000000000 0.00000000000 0.00000000000 0.00000000000 0.00000000000 0.25444147746
0.00705235099 0.01858854037 0.25376096419 99.68027812461 0.00000000000 0.00000000000 0.00000000000 0.00000000000 0.00000000000 0.00000000000 0.25444087875
0.00705848852 0.01859354556 0.25375999680 101.26911975374 0.00000000000 0.00000000000 0.00000000000 0.00000000000 0.00000000000 0.00000000000 0.25444027965
0.00706463011 0.01859854575 0.25375902927 101.26917671783 0.00000000000 0.00000000000 0.00000000000 0.00000000000 0.00000000000 0.00000000000 0.25443968016
0.00707077578 0.01860354088 0.25375806161 102.88055452002 0.00000000000 0.00000000000 0.00000000000 0.00000000000 0.00000000000 0.00000000000 0.25443908027
0.00707692556 0.01860853093 0.25375709383 102.88058513958 0.00000000000 0.00000000000 0.00000000000 0.00000000000 0.00000000000 0.00000000000 0.25443847997
0.00708307948 0.01861351584 0.25375612591 104.51455267004 0.00000000000 0.00000000000 0.00000000000 0.00000000000 0.00000000000 0.00000000000 0.25443787927
0.00708923756 0.01861849556 0.25375515787 104.51457972756 0.00000000000 0.00000000000 0.00000000000 0.00000000000 0.00000000000 0.00000000000 0.25443727817
0.00709539985 0.01862347007 0.25375418970 106.17162612576 0.00000000000 0.00000000000 0.00000000000 0.00000000000 0.00000000000 0.00000000000 0.25443667666
0.00710156636 0.01862843930 0.25375322140 106.17165637384 0.00000000000 0.00000000000 0.00000000000 0.00000000000 0.00000000000 0.00000000000 0.25443607473
0.00710773712 0.01863340322 0.25375225298 107.85239775004 0.00000000000 0.00000000000 0.00000000000 0.00000000000 0.00000000000 0.00000000000 0.25443547239
0.00711391217 0.01863836178 0.25375128443 107.85242866566 0.00000000000 0.00000000000 0.00000000000 0.00000000000 0.00000000000 0.00000000000 0.25443486962
0.00712009153 0.01864331493 0.25375031576 109.55700627773 0.00000000000 0.00000000000 0.00000000000 0.00000000000 0.00000000000 0.00000000000 0.25443426644
0.00712627524 0.01864826263 0.25374934697 109.55703683658 0.00000000000 0.00000000000 0.00000000000 0.00000000000 0.00000000000 0.00000000000 0.25443366284
0.00713246331 0.01865320484 0.25374837805 111.28616851908 0.00000000000 0.00000000000 0.00000000000 0.00000000000 0.00000000000 0.00000000000 0.25443305881
0.00713865579 0.01865814150 0.25374740901 111.28620149248 0.00000000000 0.00000000000 0.00000000000 0.00000000000 0.00000000000 0.00000000000 0.25443245434
0.00714485270 0.01866307256 0.25374643985 113.04022171671 0.00000000000 0.00000000000 0.00000000000 0.00000000000 0.00000000000 0.00000000000 0.25443184945
0.00715105407 0.01866799799 0.25374547057 113.04026294296 0.00000000000 0.00000000000 0.00000000000 0.00000000000 0.00000000000 0.00000000000 0.25443124412
0.00715725993 0.01867291772 0.25374450117 114.81957174390 0.00000000000 0.00000000000 0.00000000000 0.00000000000 0.00000000000 0.00000000000 0.25443063835
0.00716347031 0.01867783172 0.25374353166 114.81962595274 0.00000000000 0.00000000000 0.00000000000 0.00000000000 0.00000000000 0.00000000000 0.25443003214
0.00716968524 0.01868273993 0.25374256203 116.62495408286 0.00000000000 0.00000000000 0.00000000000 0.00000000000 0.00000000000 0.00000000000 0.25442942549
0.00717590475 0.01868764230 0.25374159228 116.62503096378 0.00000000000 0.00000000000 0.00000000000 0.00000000000 0.00000000000 0.00000000000 0.25442881839
0.00718212887 0.01869253879 0.25374062241 118.45648604585 0.00000000000 0.00000000000 0.00000000000 0.00000000000 0.00000000000 0.00000000000 0.25442821084
0.00718835764 0.01869742933 0.25373965244 118.45659824424 0.00000000000 0.00000000000 0.00000000000 0.00000000000 0.00000000000 0.00000000000 0.25442760283
0.00719459107 0.01870231389 0.25373868235 120.31520139607 0.00000000000 0.00000000000 0.00000000000 0.00000000000 0.00000000000 0.00000000000 0.25442699437
0.00720082921 0.01870719241 0.25373771215 120.31534861659 0.00000000000 0.00000000000 0.00000000000 0.00000000000 0.00000000000 0.00000000000 0.25442638545
0.00720707209 0.01871206484 0.25373674184 122.20086224185 0.00000000000 0.00000000000 0.00000000000 0.00000000000 0.00000000000 0.00000000000 0.25442577607
0.00721331972 0.01871693112 0.25373577142 122.20102790626 0.00000000000 0.00000000000 0.00000000000 0.00000000000 0.00000000000 0.00000000000 0.25442516623
0.00721957216 0.01872179121 0.25373480089 124.11499152313 0.00000000000 0.00000000000 0.00000000000 0.00000000000 0.00000000000 0.00000000000 0.25442455591
0.00722582942 0.01872664505 0.25373383026 124.11519594974 0.00000000000 0.00000000000 0.00000000000 0.00000000000 0.00000000000 0.00000000000 0.25442394513
0.00723209153 0.01873149258 0.25373285952 126.05454688049 0.00000000000 0.00000000000 0.00000000000 0.00000000000 0.00000000000 0.00000000000 0.25442333387
0.00723835853 0.01873633376 0.25373188868 126.05490260416 0.00000000000 0.00000000000 0.00000000000 0.00000000000 0.00000000000 0.00000000000 0.25442272213
0.00724463045 0.01874116852 0.25373091774 127.92584968708 0.00000000000 0.00000000000 0.00000000000 0.00000000000 0.00000000000 0.00000000000 0.25442210992
0.00725090731 0.01874599681 0.25372994669 127.92645490768 0.00000000000 0.00000000000 0.00000000000 0.00000000000 0.00000000000 0.00000000000 0.25442149722
0.00725718914 0.01875081859 0.25372897555 129.58647636758 0.00000000000 0.00000000000 0.00000000000 0.00000000000 0.00000000000 0.00000000000 0.25442088403
0.00726347597 0.01875563381 0.25372800431 129.58724568334 0.00000000000 0.00000000000 0.00000000000 0.00000000000 0.00000000000 0.00000000000 0.25442027036
0.00726976780 0.01876044242 0.25372703297 131.12940649335 0.00000000000 0.00000000000 0.00000000000 0.00000000000 0.00000000000 0.00000000000 0.25441965620
0.00727606467 0.01876524438 0.25372606154 131.13021510314 0.00000000000 0.00000000000 0.00000000000 0.00000000000 0.00000000000 0.00000000000 0.25441904155
0.00728236661 0.01877003965 0.25372509002 132.67831693807 0.00000000000 0.00000000000 0.00000000000 0.00000000000 0.00000000000 0.00000000000 0.25441842640
0.00728867363 0.01877482817 0.25372411840 132.67902090536 0.00000000000 0.00000000000 0.00000000000 0.00000000000 0.00000000000 0.00000000000 0.25441781076
0.00729498576 0.01877960992 0.25372314670 134.24391701216 0.00000000000 0.00000000000 0.00000000000 0.00000000000 0.00000000000 0.00000000000 0.25441719462
0.00730130302 0.01878438483 0.25372217490 134.24443887309 0.00000000000 0.00000000000 0.00000000000 0.00000000000 0.00000000000 0.00000000000 0.25441657798
0.00730762544 0.01878915288 0.25372120302 135.82732701621 0.00000000000 0.00000000000 0.00000000000 0.00000000000 0.00000000000 0.00000000000 0.25441596083
0.00731395305 0.01879391400 0.25372023104 135.82767801176 0.00000000000 0.00000000000 0.00000000000 0.00000000000 0.00000000000 0.00000000000 0.25441534318
0.00732028586 0.01879866817 0.25371925899 137.42677991571 0.00000000000 0.00000000000 0.00000000000 0.00000000000 0.00000000000 0.00000000000 0.25441472502
0.00732662390 0.01880341533 0.25371828685 137.42706363516 0.00000000000 0.00000000000 0.00000000000 0.00000000000 0.00000000000 0.00000000000 0.25441410635
0.00733296719 0.01880815543 0.25371731463 139.04437381511 0.00000000000 0.00000000000 0.00000000000 0.00000000000 0.00000000000 0.00000000000 0.25441348716
0.00733931576 0.01881288843 0.25371634232 139.04459886513 0.00000000000 0.00000000000 0.00000000000 0.00000000000 0.00000000000 0.00000000000 0.25441286747
0.00734566963 0.01881761428 0.25371536994 140.67797765609 0.00000000000 0.00000000000 0.00000000000 0.00000000000 0.00000000000 0.00000000000 0.25441224725
0.00735202882 0.01882233293 0.25371439748 140.67840997485 0.00000000000 0.00000000000 0.00000000000 0.00000000000 0.00000000000 0.00000000000 0.25441162652
0.00735839336 0.01882704435 0.25371342495 142.33282564859 0.00000000000 0.00000000000 0.00000000000 0.00000000000 0.00000000000 0.00000000000 0.25441100526
0.00736476330 0.01883174848 0.25371245233 142.33164894314 0.00000000000 0.00000000000 0.00000000000 0.00000000000 0.00000000000 0.00000000000 0.25441038347
0.00737113853 0.01883644521 0.25371147966 143.99428727884 0.00000000000 0.00000000000 0.00000000000 0.00000000000 0.00000000000 0.00000000000 0.25440976117
0.00737751893 0.01884113436 0.25371050696 144.01094323014 0.00000000000 0.00000000000 0.00000000000 0.00000000000 0.00000000000 0.00000000000 0.25440913837
0.00738390304 0.01884581481 0.25370953445 145.87531910866 0.00000000000 0.00000000000 0.00000000000 0.00000000000 0.00000000000 0.00000000000 0.25440851520
0.00739028908 0.01885048518 0.25370856241 146.11810039944 0.00000000000 0.00000000000 0.00000000000 0.00000000000 0.00000000000 0.00000000000 0.25440789184
0.00739667763 0.01885514584 0.25370759076 147.60436455518 0.00000000000 0.00000000000 0.00000000000 0.00000000000 0.00000000000 0.00000000000 0.25440726824
0.00740306939 0.01885979725 0.25370661940 147.76382484151 0.00000000000 0.00000000000 0.00000000000 0.00000000000 0.00000000000 0.00000000000 0.25440664433
0.00740946536 0.01886444009 0.25370564817 149.13731996750 0.00000000000 0.00000000000 0.00000000000 0.00000000000 0.00000000000 0.00000000000 0.25440602000
0.00741586674 0.01886907517 0.25370467691 149.14633609355 0.00000000000 0.00000000000 0.00000000000 0.00000000000 0.00000000000 0.00000000000 0.25440539515
0.00742227723 0.01887370510 0.25370370505 150.91397177373 0.00000000000 0.00000000000 0.00000000000 0.00000000000 0.00000000000 0.00000000000 0.25440476941
0.00742870118 0.01887833290 0.25370273194 150.36110536674 0.00000000000 0.00000000000 0.00000000000 0.00000000000 0.00000000000 0.00000000000 0.25440414235
0.00743513724 0.01888295756 0.25370175779 151.28962665167 0.00000000000 0.00000000000 0.00000000000 0.00000000000 0.00000000000 0.00000000000 0.25440351411
0.00744158383 0.01888757791 0.25370078285 150.94335617840 0.00000000000 0.00000000000 0.00000000000 0.00000000000 0.00000000000 0.00000000000 0.25440288485
0.00744803853 0.01889219219 0.25369980748 151.08489667217 0.00000000000 0.00000000000 0.00000000000 0.00000000000 0.00000000000 0.00000000000 0.25440225479
0.00745449847 0.01889679834 0.25369883212 151.11012902515 0.00000000000 0.00000000000 0.00000000000 0.00000000000 0.00000000000 0.00000000000 0.25440162422
0.00746096163 0.01890139499 0.25369785706 150.15211440773 0.00000000000 0.00000000000 0.00000000000 0.00000000000 0.00000000000 0.00000000000 0.25440099334
0.00746742564 0.01890598048 0.25369688267 150.48033196747 0.00000000000 0.00000000000 0.00000000000 0.00000000000 0.00000000000 0.00000000000 0.25440036237
0.00747389186 0.01891055582 0.25369590873 149.98881550864 0.00000000000 0.00000000000 0.00000000000 0.00000000000 0.00000000000 0.00000000000 0.25439973119
0.00748036195 0.01891512220 0.25369493500 150.10257851856 0.00000000000 0.00000000000 0.00000000000 0.00000000000 0.00000000000 0.00000000000 0.25439909963
0.00748683668 0.01891968018 0.25369396135 149.38429007288 0.00000000000 0.00000000000 0.00000000000 0.00000000000 0.00000000000 0.00000000000 0.25439846761
0.00749331698 0.01892423046 0.25369298765 149.37657047728 0.00000000000 0.00000000000 0.00000000000 0.00000000000 0.00000000000 0.00000000000 0.25439783506
0.00749980278 0.01892877299 0.25369201391 148.77384525246 0.00000000000 0.00000000000 0.00000000000 0.00000000000 0.00000000000 0.00000000000 0.25439720196
0.00750629396 0.01893330774 0.25369104013 148.77594702351 0.00000000000 0.00000000000 0.00000000000 0.00000000000 0.00000000000 0.00000000000 0.25439656834
0.00751279052 0.01893783473 0.25369006633 148.12094747019 0.00000000000 0.00000000000 0.00000000000 0.00000000000 0.00000000000 0.00000000000 0.25439593420
0.00751929245 0.01894235396 0.25368909249 148.12135259817 0.00000000000 0.00000000000 0.00000000000 0.00000000000 0.00000000000 0.00000000000 0.25439529953
0.00752579973 0.01894686545 0.25368811863 147.44609522720 0.00000000000 0.00000000000 0.00000000000 0.00000000000 0.00000000000 0.00000000000 0.25439466434
0.00753231234 0.01895136922 0.25368714474 147.44680656584 0.00000000000 0.00000000000 0.00000000000 0.00000000000 0.00000000000 0.00000000000 0.25439402863
0.00753883025 0.01895586527 0.25368617083 146.74337942167 0.00000000000 0.00000000000 0.00000000000 0.00000000000 0.00000000000 0.00000000000 0.25439339240
0.00754535344 0.01896035362 0.25368519689 146.74405691263 0.00000000000 0.00000000000 0.00000000000 0.00000000000 0.00000000000 0.00000000000 0.25439275566
0.00755188190 0.01896483428 0.25368422293 146.01425117933 0.00000000000 0.00000000000 0.00000000000 0.00000000000 0.00000000000 0.00000000000 0.25439211840
0.00755841559 0.01896930726 0.25368324896 146.01495397482 0.00000000000 0.00000000000 0.00000000000 0.00000000000 0.00000000000 0.00000000000 0.25439148063
0.00756495450 0.01897377257 0.25368227496 145.25794107124 0.00000000000 0.00000000000 0.00000000000 0.00000000000 0.00000000000 0.00000000000 0.25439084236
0.00757149860 0.01897823024 0.25368130095 145.25868057895 0.00000000000 0.00000000000 0.00000000000 0.00000000000 0.00000000000 0.00000000000 0.25439020357
0.00757804787 0.01898268027 0.25368032692 144.47633264410 0.00000000000 0.00000000000 0.00000000000 0.00000000000 0.00000000000 0.00000000000 0.25438956428
0.00758460228 0.01898712268 0.25367935288 144.47728480397 0.00000000000 0.00000000000 0.00000000000 0.00000000000 0.00000000000 0.00000000000 0.25438892449
0.00759116180 0.01899155747 0.25367837883 143.66852340766 0.00000000000 0.00000000000 0.00000000000 0.00000000000 0.00000000000 0.00000000000 0.25438828420
0.00759772641 0.01899598466 0.25367740477 143.67058700499 0.00000000000 0.00000000000 0.00000000000 0.00000000000 0.00000000000 0.00000000000 0.25438764341
0.00760429609 0.01900040423 0.25367643070 144.14419090861 0.00000000000 0.00000000000 0.00000000000 0.00000000000 0.00000000000 0.00000000000 0.25438700213
0.00761087082 0.01900481614 0.25367545664 144.14749940474 0.00000000000 0.00000000000 0.00000000000 0.00000000000 0.00000000000 0.00000000000 0.25438636036
0.00761745068 0.01900922031 0.25367448257 147.88625834095 0.00000000000 0.00000000000 0.00000000000 0.00000000000 0.00000000000 0.00000000000 0.25438571808
0.00762403573 0.01901361663 0.25367350851 147.88867746748 0.00000000000 0.00000000000 0.00000000000 0.00000000000 0.00000000000 0.00000000000 0.25438507530
0.00763062605 0.01901800497 0.25367253445 153.25445025202 0.00000000000 0.00000000000 0.00000000000 0.00000000000 0.00000000000 0.00000000000 0.25438443201
0.00763722175 0.01902238517 0.25367156040 153.25564530361 0.00000000000 0.00000000000 0.00000000000 0.00000000000 0.00000000000 0.00000000000 0.25438378818
0.00764382291 0.01902675710 0.25367058635 158.59821402048 0.00000000000 0.00000000000 0.00000000000 0.00000000000 0.00000000000 0.00000000000 0.25438314383
0.00765042962 0.01903112060 0.25366961232 158.59916996402 0.00000000000 0.00000000000 0.00000000000 0.00000000000 0.00000000000 0.00000000000 0.25438249893
0.00765704195 0.01903547553 0.25366863830 163.84157511688 0.00000000000 0.00000000000 0.00000000000 0.00000000000 0.00000000000 0.00000000000 0.25438185349
0.00766365999 0.01903982174 0.25366766430 163.84278161633 0.00000000000 0.00000000000 0.00000000000 0.00000000000 0.00000000000 0.00000000000 0.25438120749
0.00767028382 0.01904415910 0.25366669032 168.98454561619 0.00000000000 0.00000000000 0.00000000000 0.00000000000 0.00000000000 0.00000000000 0.25438056092
0.00767691352 0.01904848745 0.25366571637 168.98469597537 0.00000000000 0.00000000000 0.00000000000 0.00000000000 0.00000000000 0.00000000000 0.25437991378
0.00768354914 0.01905280665 0.25366474245 173.96390798870 0.00000000000 0.00000000000 0.00000000000 0.00000000000 0.00000000000 0.00000000000 0.25437926606
0.00769019069 0.01905711649 0.25366376857 173.97111313453 0.00000000000 0.00000000000 0.00000000000 0.00000000000 0.00000000000 0.00000000000 0.25437861777
0.00769683906 0.01906141739 0.25366279463 178.98883032587 0.00000000000 0.00000000000 0.00000000000 0.00000000000 0.00000000000 0.00000000000 0.25437796880
0.00770349527 0.01906570978 0.25366182048 178.85462374483 0.00000000000 0.00000000000 0.00000000000 0.00000000000 0.00000000000 0.00000000000 0.25437731907
0.00771018948 0.01907001288 0.25366084173 179.75668886398 0.00000000000 0.00000000000 0.00000000000 0.00000000000 0.00000000000 0.00000000000 0.25437666564
0.00771695707 0.01907434920 0.25365985323 174.48403835870 0.00000000000 0.00000000000 0.00000000000 0.00000000000 0.00000000000 0.00000000000 0.25437600504
0.00772368567 0.01907864667 0.25365887139 194.61379756318 0.00000000000 0.00000000000 0.00000000000 0.00000000000 0.00000000000 0.00000000000 0.25437534825
0.00773023648 0.01908281624 0.25365791651 211.80768495481 0.00000000000 0.00000000000 0.00000000000 0.00000000000 0.00000000000 0.00000000000 0.25437470881
0.00773645313 0.01908675940 0.25365701130 239.21777722449 0.00000000000 0.00000000000 0.00000000000 0.00000000000 0.00000000000 0.00000000000 0.25437410199
0.00774218346 0.01909038035 0.25365617786 179.64254033937 0.00000000000 0.00000000000 0.00000000000 0.00000000000 0.00000000000 0.00000000000 0.25437354263
0.00774838904 0.01909428917 0.25365527618 109.13900734579 0.00000000000 0.00000000000 0.00000000000 0.00000000000 0.00000000000 0.00000000000 0.25437293687
0.00775562714 0.01909883941 0.25365422509 71.19227253458 0.00000000000 0.00000000000 0.00000000000 0.00000000000 0.00000000000 0.00000000000 0.25437223034
0.00776389775 0.01910403107 0.25365302458 48.98300206125 0.00000000000 0.00000000000 0.00000000000 0.00000000000 0.00000000000 0.00000000000 0.25437142309
