VARIABLES=
"CoordinateX"
"CoordinateY"
"CoordinateZ"
"Kappa1"
"Kappa2"
"dy"
"dz"
"d2x"
"d2y"
"d2z"
"R"
ZONE T="Konrollpunkte"
I=101, J=1, K=1
0.00765452572 0.01067463630 0.25415803057 0.00000000000 0.00000000000 0.00000000000 0.00000000000 0.00000000000 0.00000000000 0.00000000000 0.00000000000
0.00761464652 0.01071512454 0.25416022299 0.00000000000 0.00000000000 0.00000000000 0.00000000000 0.00000000000 0.00000000000 0.00000000000 0.00000000000
0.00755504488 0.01077606831 0.25416346943 0.00000000000 0.00000000000 0.00000000000 0.00000000000 0.00000000000 0.00000000000 0.00000000000 0.00000000000
0.00747608475 0.01085781589 0.25416770482 0.00000000000 0.00000000000 0.00000000000 0.00000000000 0.00000000000 0.00000000000 0.00000000000 0.00000000000
0.00741714255 0.01091938645 0.25417082590 0.00000000000 0.00000000000 0.00000000000 0.00000000000 0.00000000000 0.00000000000 0.00000000000 0.00000000000
0.00735849727 0.01098123359 0.25417389120 0.00000000000 0.00000000000 0.00000000000 0.00000000000 0.00000000000 0.00000000000 0.00000000000 0.00000000000
0.00730017084 0.01104337436 0.25417689763 0.00000000000 0.00000000000 0.00000000000 0.00000000000 0.00000000000 0.00000000000 0.00000000000 0.00000000000
0.00724218429 0.01110582526 0.25417984220 0.00000000000 0.00000000000 0.00000000000 0.00000000000 0.00000000000 0.00000000000 0.00000000000 0.00000000000
0.00718455966 0.01116860282 0.25418272181 0.00000000000 0.00000000000 0.00000000000 0.00000000000 0.00000000000 0.00000000000 0.00000000000 0.00000000000
0.00712731951 0.01123172378 0.25418553326 0.00000000000 0.00000000000 0.00000000000 0.00000000000 0.00000000000 0.00000000000 0.00000000000 0.00000000000
0.00707048644 0.01129520434 0.25418827338 0.00000000000 0.00000000000 0.00000000000 0.00000000000 0.00000000000 0.00000000000 0.00000000000 0.00000000000
0.00701408438 0.01135906077 0.25419093882 0.00000000000 0.00000000000 0.00000000000 0.00000000000 0.00000000000 0.00000000000 0.00000000000 0.00000000000
0.00695813725 0.01142330908 0.25419352626 0.00000000000 0.00000000000 0.00000000000 0.00000000000 0.00000000000 0.00000000000 0.00000000000 0.00000000000
0.00690266988 0.01148796479 0.25419603225 0.00000000000 0.00000000000 0.00000000000 0.00000000000 0.00000000000 0.00000000000 0.00000000000 0.00000000000
0.00684770803 0.01155304348 0.25419845327 0.00000000000 0.00000000000 0.00000000000 0.00000000000 0.00000000000 0.00000000000 0.00000000000 0.00000000000
0.00679327738 0.01161856006 0.25420078580 0.00000000000 0.00000000000 0.00000000000 0.00000000000 0.00000000000 0.00000000000 0.00000000000 0.00000000000
0.00673940533 0.01168452913 0.25420302615 0.00000000000 0.00000000000 0.00000000000 0.00000000000 0.00000000000 0.00000000000 0.00000000000 0.00000000000
0.00668611896 0.01175096521 0.25420517065 0.00000000000 0.00000000000 0.00000000000 0.00000000000 0.00000000000 0.00000000000 0.00000000000 0.00000000000
0.00663344677 0.01181788143 0.25420721555 0.00000000000 0.00000000000 0.00000000000 0.00000000000 0.00000000000 0.00000000000 0.00000000000 0.00000000000
0.00658141777 0.01188529186 0.25420915695 0.00000000000 0.00000000000 0.00000000000 0.00000000000 0.00000000000 0.00000000000 0.00000000000 0.00000000000
0.00653006098 0.01195320807 0.25421099110 0.00000000000 0.00000000000 0.00000000000 0.00000000000 0.00000000000 0.00000000000 0.00000000000 0.00000000000
0.00647940751 0.01202164346 0.25421271391 0.00000000000 0.00000000000 0.00000000000 0.00000000000 0.00000000000 0.00000000000 0.00000000000 0.00000000000
0.00642948589 0.01209060804 0.25421432169 0.00000000000 0.00000000000 0.00000000000 0.00000000000 0.00000000000 0.00000000000 0.00000000000 0.00000000000
0.00638032341 0.01216011045 0.25421581093 0.00000000000 0.00000000000 0.00000000000 0.00000000000 0.00000000000 0.00000000000 0.00000000000 0.00000000000
0.00633194223 0.01223015423 0.25421717886 0.00000000000 0.00000000000 0.00000000000 0.00000000000 0.00000000000 0.00000000000 0.00000000000 0.00000000000
0.00628436482 0.01230074180 0.25421842271 0.00000000000 0.00000000000 0.00000000000 0.00000000000 0.00000000000 0.00000000000 0.00000000000 0.00000000000
0.00623761351 0.01237187431 0.25421953978 0.00000000000 0.00000000000 0.00000000000 0.00000000000 0.00000000000 0.00000000000 0.00000000000 0.00000000000
0.00619171210 0.01244355266 0.25422052726 0.00000000000 0.00000000000 0.00000000000 0.00000000000 0.00000000000 0.00000000000 0.00000000000 0.00000000000
0.00614668476 0.01251577677 0.25422138230 0.00000000000 0.00000000000 0.00000000000 0.00000000000 0.00000000000 0.00000000000 0.00000000000 0.00000000000
0.00610255667 0.01258854540 0.25422210205 0.00000000000 0.00000000000 0.00000000000 0.00000000000 0.00000000000 0.00000000000 0.00000000000 0.00000000000
0.00605935421 0.01266185606 0.25422268358 0.00000000000 0.00000000000 0.00000000000 0.00000000000 0.00000000000 0.00000000000 0.00000000000 0.00000000000
0.00601710405 0.01273570501 0.25422312401 0.00000000000 0.00000000000 0.00000000000 0.00000000000 0.00000000000 0.00000000000 0.00000000000 0.00000000000
0.00597583361 0.01281008809 0.25422342037 0.00000000000 0.00000000000 0.00000000000 0.00000000000 0.00000000000 0.00000000000 0.00000000000 0.00000000000
0.00593556987 0.01288500114 0.25422356979 0.00000000000 0.00000000000 0.00000000000 0.00000000000 0.00000000000 0.00000000000 0.00000000000 0.00000000000
0.00589633997 0.01296043996 0.25422356934 0.00000000000 0.00000000000 0.00000000000 0.00000000000 0.00000000000 0.00000000000 0.00000000000 0.00000000000
0.00585817129 0.01303640023 0.25422341610 0.00000000000 0.00000000000 0.00000000000 0.00000000000 0.00000000000 0.00000000000 0.00000000000 0.00000000000
0.00582109090 0.01311287686 0.25422310721 0.00000000000 0.00000000000 0.00000000000 0.00000000000 0.00000000000 0.00000000000 0.00000000000 0.00000000000
0.00578512717 0.01318986405 0.25422263973 0.00000000000 0.00000000000 0.00000000000 0.00000000000 0.00000000000 0.00000000000 0.00000000000 0.00000000000
0.00575030730 0.01326735503 0.25422201089 0.00000000000 0.00000000000 0.00000000000 0.00000000000 0.00000000000 0.00000000000 0.00000000000 0.00000000000
0.00571666047 0.01334534196 0.25422121777 0.00000000000 0.00000000000 0.00000000000 0.00000000000 0.00000000000 0.00000000000 0.00000000000 0.00000000000
0.00568421397 0.01342381616 0.25422025772 0.00000000000 0.00000000000 0.00000000000 0.00000000000 0.00000000000 0.00000000000 0.00000000000 0.00000000000
0.00565299724 0.01350276755 0.25421912791 0.00000000000 0.00000000000 0.00000000000 0.00000000000 0.00000000000 0.00000000000 0.00000000000 0.00000000000
0.00562303761 0.01358218528 0.25421782582 0.00000000000 0.00000000000 0.00000000000 0.00000000000 0.00000000000 0.00000000000 0.00000000000 0.00000000000
0.00559435391 0.01366205692 0.25421624085 0.00000000000 0.00000000000 0.00000000000 0.00000000000 0.00000000000 0.00000000000 0.00000000000 0.00000000000
0.00556698151 0.01374236925 0.25421445675 0.00000000000 0.00000000000 0.00000000000 0.00000000000 0.00000000000 0.00000000000 0.00000000000 0.00000000000
0.00554095125 0.01382310746 0.25421249935 0.00000000000 0.00000000000 0.00000000000 0.00000000000 0.00000000000 0.00000000000 0.00000000000 0.00000000000
0.00551628981 0.01390425576 0.25421036662 0.00000000000 0.00000000000 0.00000000000 0.00000000000 0.00000000000 0.00000000000 0.00000000000 0.00000000000
0.00549302378 0.01398579714 0.25420805663 0.00000000000 0.00000000000 0.00000000000 0.00000000000 0.00000000000 0.00000000000 0.00000000000 0.00000000000
0.00547117885 0.01406771358 0.25420556760 0.00000000000 0.00000000000 0.00000000000 0.00000000000 0.00000000000 0.00000000000 0.00000000000 0.00000000000
0.00545077893 0.01414998628 0.25420289799 0.00000000000 0.00000000000 0.00000000000 0.00000000000 0.00000000000 0.00000000000 0.00000000000 0.00000000000
0.00543184255 0.01423259460 0.25420004686 0.00000000000 0.00000000000 0.00000000000 0.00000000000 0.00000000000 0.00000000000 0.00000000000 0.00000000000
0.00541438047 0.01431551518 0.25419701421 0.00000000000 0.00000000000 0.00000000000 0.00000000000 0.00000000000 0.00000000000 0.00000000000 0.00000000000
0.00539840030 0.01439872275 0.25419380043 0.00000000000 0.00000000000 0.00000000000 0.00000000000 0.00000000000 0.00000000000 0.00000000000 0.00000000000
0.00538391055 0.01448219133 0.25419040593 0.00000000000 0.00000000000 0.00000000000 0.00000000000 0.00000000000 0.00000000000 0.00000000000 0.00000000000
0.00537092083 0.01456589460 0.25418683105 0.00000000000 0.00000000000 0.00000000000 0.00000000000 0.00000000000 0.00000000000 0.00000000000 0.00000000000
0.00535944145 0.01464980585 0.25418307614 0.00000000000 0.00000000000 0.00000000000 0.00000000000 0.00000000000 0.00000000000 0.00000000000 0.00000000000
0.00534948373 0.01473389782 0.25417914151 0.00000000000 0.00000000000 0.00000000000 0.00000000000 0.00000000000 0.00000000000 0.00000000000 0.00000000000
0.00534105999 0.01481814251 0.25417502744 0.00000000000 0.00000000000 0.00000000000 0.00000000000 0.00000000000 0.00000000000 0.00000000000 0.00000000000
0.00533418297 0.01490251152 0.25417073427 0.00000000000 0.00000000000 0.00000000000 0.00000000000 0.00000000000 0.00000000000 0.00000000000 0.00000000000
0.00532886691 0.01498697564 0.25416626226 0.00000000000 0.00000000000 0.00000000000 0.00000000000 0.00000000000 0.00000000000 0.00000000000 0.00000000000
0.00532512567 0.01507150565 0.25416161174 0.00000000000 0.00000000000 0.00000000000 0.00000000000 0.00000000000 0.00000000000 0.00000000000 0.00000000000
0.00532297528 0.01515607130 0.25415678295 0.00000000000 0.00000000000 0.00000000000 0.00000000000 0.00000000000 0.00000000000 0.00000000000 0.00000000000
0.00532243080 0.01524064222 0.25415177627 0.00000000000 0.00000000000 0.00000000000 0.00000000000 0.00000000000 0.00000000000 0.00000000000 0.00000000000
0.00532350977 0.01532518656 0.25414659196 0.00000000000 0.00000000000 0.00000000000 0.00000000000 0.00000000000 0.00000000000 0.00000000000 0.00000000000
0.00532622848 0.01540967208 0.25414123050 0.00000000000 0.00000000000 0.00000000000 0.00000000000 0.00000000000 0.00000000000 0.00000000000 0.00000000000
0.00533060556 0.01549406497 0.25413569224 0.00000000000 0.00000000000 0.00000000000 0.00000000000 0.00000000000 0.00000000000 0.00000000000 0.00000000000
0.00533665853 0.01557833059 0.25412997777 0.00000000000 0.00000000000 0.00000000000 0.00000000000 0.00000000000 0.00000000000 0.00000000000 0.00000000000
0.00534440657 0.01566243284 0.25412408765 0.00000000000 0.00000000000 0.00000000000 0.00000000000 0.00000000000 0.00000000000 0.00000000000 0.00000000000
0.00535386826 0.01574633429 0.25411802261 0.00000000000 0.00000000000 0.00000000000 0.00000000000 0.00000000000 0.00000000000 0.00000000000 0.00000000000
0.00536506288 0.01582999619 0.25411178347 0.00000000000 0.00000000000 0.00000000000 0.00000000000 0.00000000000 0.00000000000 0.00000000000 0.00000000000
0.00537800964 0.01591337808 0.25410537120 0.00000000000 0.00000000000 0.00000000000 0.00000000000 0.00000000000 0.00000000000 0.00000000000 0.00000000000
0.00539272744 0.01599643817 0.25409878693 0.00000000000 0.00000000000 0.00000000000 0.00000000000 0.00000000000 0.00000000000 0.00000000000 0.00000000000
0.00540923547 0.01607913290 0.25409203194 0.00000000000 0.00000000000 0.00000000000 0.00000000000 0.00000000000 0.00000000000 0.00000000000 0.00000000000
0.00542755195 0.01616141734 0.25408510775 0.00000000000 0.00000000000 0.00000000000 0.00000000000 0.00000000000 0.00000000000 0.00000000000 0.00000000000
0.00544769513 0.01624324573 0.25407801596 0.00000000000 0.00000000000 0.00000000000 0.00000000000 0.00000000000 0.00000000000 0.00000000000 0.00000000000
0.00546968323 0.01632457175 0.25407075829 0.00000000000 0.00000000000 0.00000000000 0.00000000000 0.00000000000 0.00000000000 0.00000000000 0.00000000000
0.00549352391 0.01640535328 0.25406333722 0.00000000000 0.00000000000 0.00000000000 0.00000000000 0.00000000000 0.00000000000 0.00000000000 0.00000000000
0.00551920154 0.01648555693 0.25405575688 0.00000000000 0.00000000000 0.00000000000 0.00000000000 0.00000000000 0.00000000000 0.00000000000 0.00000000000
0.00554668220 0.01656515274 0.25404802292 0.00000000000 0.00000000000 0.00000000000 0.00000000000 0.00000000000 0.00000000000 0.00000000000 0.00000000000
0.00557592916 0.01664411050 0.25404014129 0.00000000000 0.00000000000 0.00000000000 0.00000000000 0.00000000000 0.00000000000 0.00000000000 0.00000000000
0.00560690440 0.01672240253 0.25403211794 0.00000000000 0.00000000000 0.00000000000 0.00000000000 0.00000000000 0.00000000000 0.00000000000 0.00000000000
0.00563956005 0.01679999962 0.25402385236 0.00000000000 0.00000000000 0.00000000000 0.00000000000 0.00000000000 0.00000000000 0.00000000000 0.00000000000
0.00567386138 0.01687687803 0.25401540067 0.00000000000 0.00000000000 0.00000000000 0.00000000000 0.00000000000 0.00000000000 0.00000000000 0.00000000000
0.00570977528 0.01695301130 0.25400681745 0.00000000000 0.00000000000 0.00000000000 0.00000000000 0.00000000000 0.00000000000 0.00000000000 0.00000000000
0.00574726182 0.01702837891 0.25399810865 0.00000000000 0.00000000000 0.00000000000 0.00000000000 0.00000000000 0.00000000000 0.00000000000 0.00000000000
0.00578628356 0.01710295789 0.25398928014 0.00000000000 0.00000000000 0.00000000000 0.00000000000 0.00000000000 0.00000000000 0.00000000000 0.00000000000
0.00582680131 0.01717673006 0.25398033770 0.00000000000 0.00000000000 0.00000000000 0.00000000000 0.00000000000 0.00000000000 0.00000000000 0.00000000000
0.00586877816 0.01724967638 0.25397128690 0.00000000000 0.00000000000 0.00000000000 0.00000000000 0.00000000000 0.00000000000 0.00000000000 0.00000000000
0.00591217653 0.01732178064 0.25396213326 0.00000000000 0.00000000000 0.00000000000 0.00000000000 0.00000000000 0.00000000000 0.00000000000 0.00000000000
0.00595696041 0.01739302717 0.25395288207 0.00000000000 0.00000000000 0.00000000000 0.00000000000 0.00000000000 0.00000000000 0.00000000000 0.00000000000
0.00600309410 0.01746340150 0.25394353854 0.00000000000 0.00000000000 0.00000000000 0.00000000000 0.00000000000 0.00000000000 0.00000000000 0.00000000000
0.00605054279 0.01753289039 0.25393410771 0.00000000000 0.00000000000 0.00000000000 0.00000000000 0.00000000000 0.00000000000 0.00000000000 0.00000000000
0.00609927270 0.01760148104 0.25392459451 0.00000000000 0.00000000000 0.00000000000 0.00000000000 0.00000000000 0.00000000000 0.00000000000 0.00000000000
0.00614925058 0.01766916177 0.25391500372 0.00000000000 0.00000000000 0.00000000000 0.00000000000 0.00000000000 0.00000000000 0.00000000000 0.00000000000
0.00620044445 0.01773592132 0.25390533998 0.00000000000 0.00000000000 0.00000000000 0.00000000000 0.00000000000 0.00000000000 0.00000000000 0.00000000000
0.00625282293 0.01780174905 0.25389560784 0.00000000000 0.00000000000 0.00000000000 0.00000000000 0.00000000000 0.00000000000 0.00000000000 0.00000000000
0.00630635571 0.01786663491 0.25388581169 0.00000000000 0.00000000000 0.00000000000 0.00000000000 0.00000000000 0.00000000000 0.00000000000 0.00000000000
0.00636101345 0.01793056898 0.25387595583 0.00000000000 0.00000000000 0.00000000000 0.00000000000 0.00000000000 0.00000000000 0.00000000000 0.00000000000
0.00643535184 0.01801453235 0.25386273718 0.00000000000 0.00000000000 0.00000000000 0.00000000000 0.00000000000 0.00000000000 0.00000000000 0.00000000000
0.00649270945 0.01807605030 0.25385275129 0.00000000000 0.00000000000 0.00000000000 0.00000000000 0.00000000000 0.00000000000 0.00000000000 0.00000000000
0.00653162516 0.01811640362 0.25384606632 0.00000000000 0.00000000000 0.00000000000 0.00000000000 0.00000000000 0.00000000000 0.00000000000 0.00000000000
ZONE T="NURB"
I=201, J=1, K=1
0.00765452572 0.01067463630 0.25415803057 42.04408768865 0.00000000000 0.00000000000 0.00000000000 0.00000000000 0.00000000000 0.00000000000 0.25438209914
0.00762455493 0.01070511986 0.25415967443 43.76691929783 0.00000000000 0.00000000000 0.00000000000 0.00000000000 0.00000000000 0.00000000000 0.25438502255
0.00759464116 0.01073565862 0.25416130740 45.49027190074 0.00000000000 0.00000000000 0.00000000000 0.00000000000 0.00000000000 0.00000000000 0.25438794104
0.00756478675 0.01076625468 0.25416292920 47.21406810760 0.00000000000 0.00000000000 0.00000000000 0.00000000000 0.00000000000 0.00000000000 0.25439085443
0.00753499404 0.01079691014 0.25416453955 48.94103014660 0.00000000000 0.00000000000 0.00000000000 0.00000000000 0.00000000000 0.00000000000 0.25439376257
0.00750526548 0.01082762706 0.25416613804 50.90453832082 0.00000000000 0.00000000000 0.00000000000 0.00000000000 0.00000000000 0.00000000000 0.25439666514
0.00747560401 0.01085840733 0.25416772367 52.86949106309 0.00000000000 0.00000000000 0.00000000000 0.00000000000 0.00000000000 0.00000000000 0.25439956125
0.00744601253 0.01088925286 0.25416929551 54.60545844263 0.00000000000 0.00000000000 0.00000000000 0.00000000000 0.00000000000 0.00000000000 0.25440245008
0.00741649351 0.01092016574 0.25417085335 56.34662432353 0.00000000000 0.00000000000 0.00000000000 0.00000000000 0.00000000000 0.00000000000 0.25440533153
0.00738704938 0.01095114814 0.25417239710 58.26911735734 0.00000000000 0.00000000000 0.00000000000 0.00000000000 0.00000000000 0.00000000000 0.25440820563
0.00735768284 0.01098220221 0.25417392642 60.19075914680 0.00000000000 0.00000000000 0.00000000000 0.00000000000 0.00000000000 0.00000000000 0.25441107216
0.00732839661 0.01101333009 0.25417544092 62.04470958955 0.00000000000 0.00000000000 0.00000000000 0.00000000000 0.00000000000 0.00000000000 0.25441393084
0.00729919335 0.01104453390 0.25417694022 63.90140956375 0.00000000000 0.00000000000 0.00000000000 0.00000000000 0.00000000000 0.00000000000 0.25441678142
0.00727007574 0.01107581571 0.25417842396 65.81059016955 0.00000000000 0.00000000000 0.00000000000 0.00000000000 0.00000000000 0.00000000000 0.25441962365
0.00724104651 0.01110717762 0.25417989172 67.72238758635 0.00000000000 0.00000000000 0.00000000000 0.00000000000 0.00000000000 0.00000000000 0.25442245725
0.00721210846 0.01113862174 0.25418134313 69.66930264890 0.00000000000 0.00000000000 0.00000000000 0.00000000000 0.00000000000 0.00000000000 0.25442528194
0.00718326441 0.01117015018 0.25418277779 71.61622802874 0.00000000000 0.00000000000 0.00000000000 0.00000000000 0.00000000000 0.00000000000 0.25442809746
0.00715451720 0.01120176503 0.25418419528 73.54343817109 0.00000000000 0.00000000000 0.00000000000 0.00000000000 0.00000000000 0.00000000000 0.25443090353
0.00712586968 0.01123346837 0.25418559522 75.47549584009 0.00000000000 0.00000000000 0.00000000000 0.00000000000 0.00000000000 0.00000000000 0.25443369986
0.00709732471 0.01126526223 0.25418697719 77.47646091207 0.00000000000 0.00000000000 0.00000000000 0.00000000000 0.00000000000 0.00000000000 0.25443648619
0.00706888530 0.01129714869 0.25418834077 79.47822452033 0.00000000000 0.00000000000 0.00000000000 0.00000000000 0.00000000000 0.00000000000 0.25443926221
0.00704055444 0.01132912978 0.25418968556 81.47053421690 0.00000000000 0.00000000000 0.00000000000 0.00000000000 0.00000000000 0.00000000000 0.25444202763
0.00701233516 0.01136120754 0.25419101112 83.46569646351 0.00000000000 0.00000000000 0.00000000000 0.00000000000 0.00000000000 0.00000000000 0.25444478217
0.00698423049 0.01139338398 0.25419231704 85.48548215282 0.00000000000 0.00000000000 0.00000000000 0.00000000000 0.00000000000 0.00000000000 0.25444752551
0.00695624355 0.01142566106 0.25419360287 87.51066248625 0.00000000000 0.00000000000 0.00000000000 0.00000000000 0.00000000000 0.00000000000 0.25445025736
0.00692837748 0.01145804075 0.25419486820 89.58568980941 0.00000000000 0.00000000000 0.00000000000 0.00000000000 0.00000000000 0.00000000000 0.25445297742
0.00690063552 0.01149052502 0.25419611257 91.65994575716 0.00000000000 0.00000000000 0.00000000000 0.00000000000 0.00000000000 0.00000000000 0.25445568536
0.00687302091 0.01152311582 0.25419733554 93.70449382756 0.00000000000 0.00000000000 0.00000000000 0.00000000000 0.00000000000 0.00000000000 0.25445838086
0.00684553688 0.01155581504 0.25419853666 95.75732167454 0.00000000000 0.00000000000 0.00000000000 0.00000000000 0.00000000000 0.00000000000 0.25446106362
0.00681818671 0.01158862457 0.25419971549 97.88536526094 0.00000000000 0.00000000000 0.00000000000 0.00000000000 0.00000000000 0.00000000000 0.25446373332
0.00679097383 0.01162154625 0.25420087156 100.01405955915 0.00000000000 0.00000000000 0.00000000000 0.00000000000 0.00000000000 0.00000000000 0.25446638961
0.00676390167 0.01165458194 0.25420200442 102.12456959194 0.00000000000 0.00000000000 0.00000000000 0.00000000000 0.00000000000 0.00000000000 0.25446903217
0.00673697366 0.01168773349 0.25420311359 104.23849976308 0.00000000000 0.00000000000 0.00000000000 0.00000000000 0.00000000000 0.00000000000 0.25447166065
0.00671019323 0.01172100268 0.25420419862 106.37122895107 0.00000000000 0.00000000000 0.00000000000 0.00000000000 0.00000000000 0.00000000000 0.25447427473
0.00668356395 0.01175439121 0.25420525903 108.51415868568 0.00000000000 0.00000000000 0.00000000000 0.00000000000 0.00000000000 0.00000000000 0.25447687405
0.00665708942 0.01178790078 0.25420629433 110.72118886399 0.00000000000 0.00000000000 0.00000000000 0.00000000000 0.00000000000 0.00000000000 0.25447945827
0.00663077329 0.01182153314 0.25420730406 112.91928620813 0.00000000000 0.00000000000 0.00000000000 0.00000000000 0.00000000000 0.00000000000 0.25448202703
0.00660461923 0.01185529001 0.25420828771 115.02675101263 0.00000000000 0.00000000000 0.00000000000 0.00000000000 0.00000000000 0.00000000000 0.25448457997
0.00657863089 0.01188917287 0.25420924481 117.15949671962 0.00000000000 0.00000000000 0.00000000000 0.00000000000 0.00000000000 0.00000000000 0.25448711672
0.00655281200 0.01192318324 0.25421017488 119.46556810509 0.00000000000 0.00000000000 0.00000000000 0.00000000000 0.00000000000 0.00000000000 0.25448963694
0.00652716646 0.01195732278 0.25421107741 121.74112996849 0.00000000000 0.00000000000 0.00000000000 0.00000000000 0.00000000000 0.00000000000 0.25449214024
0.00650169815 0.01199159303 0.25421195188 123.76932541480 0.00000000000 0.00000000000 0.00000000000 0.00000000000 0.00000000000 0.00000000000 0.25449462624
0.00647641071 0.01202599529 0.25421279784 125.78547471567 0.00000000000 0.00000000000 0.00000000000 0.00000000000 0.00000000000 0.00000000000 0.25449709458
0.00645130776 0.01206053073 0.25421361482 127.69400586273 0.00000000000 0.00000000000 0.00000000000 0.00000000000 0.00000000000 0.00000000000 0.25449954491
0.00642639279 0.01209520038 0.25421440237 129.54149870410 0.00000000000 0.00000000000 0.00000000000 0.00000000000 0.00000000000 0.00000000000 0.25450197689
0.00640166916 0.01213000509 0.25421516007 130.95824565457 0.00000000000 0.00000000000 0.00000000000 0.00000000000 0.00000000000 0.00000000000 0.25450439020
0.00637713985 0.01216494521 0.25421588755 132.37636504101 0.00000000000 0.00000000000 0.00000000000 0.00000000000 0.00000000000 0.00000000000 0.25450678454
0.00635280777 0.01220002097 0.25421658447 133.77368333332 0.00000000000 0.00000000000 0.00000000000 0.00000000000 0.00000000000 0.00000000000 0.25450915962
0.00632867591 0.01223523245 0.25421725047 135.16973857286 0.00000000000 0.00000000000 0.00000000000 0.00000000000 0.00000000000 0.00000000000 0.25451151516
0.00630474727 0.01227057963 0.25421788521 136.51715149784 0.00000000000 0.00000000000 0.00000000000 0.00000000000 0.00000000000 0.00000000000 0.25451385087
0.00628102484 0.01230606236 0.25421848833 137.88416566503 0.00000000000 0.00000000000 0.00000000000 0.00000000000 0.00000000000 0.00000000000 0.25451616644
0.00625751166 0.01234168046 0.25421905950 139.31778006079 0.00000000000 0.00000000000 0.00000000000 0.00000000000 0.00000000000 0.00000000000 0.25451846159
0.00623421085 0.01237743378 0.25421959837 140.75816943670 0.00000000000 0.00000000000 0.00000000000 0.00000000000 0.00000000000 0.00000000000 0.25452073601
0.00621112554 0.01241332212 0.25422010457 142.18907996055 0.00000000000 0.00000000000 0.00000000000 0.00000000000 0.00000000000 0.00000000000 0.25452298940
0.00618825884 0.01244934530 0.25422057775 143.63149981602 0.00000000000 0.00000000000 0.00000000000 0.00000000000 0.00000000000 0.00000000000 0.25452522144
0.00616561388 0.01248550310 0.25422101757 145.09374154933 0.00000000000 0.00000000000 0.00000000000 0.00000000000 0.00000000000 0.00000000000 0.25452743184
0.00614319382 0.01252179527 0.25422142366 146.56946694282 0.00000000000 0.00000000000 0.00000000000 0.00000000000 0.00000000000 0.00000000000 0.25452962029
0.00612100184 0.01255822154 0.25422179568 148.07429423087 0.00000000000 0.00000000000 0.00000000000 0.00000000000 0.00000000000 0.00000000000 0.25453178648
0.00609904121 0.01259478156 0.25422213326 149.58555381138 0.00000000000 0.00000000000 0.00000000000 0.00000000000 0.00000000000 0.00000000000 0.25453393008
0.00607731521 0.01263147497 0.25422243604 151.08608750375 0.00000000000 0.00000000000 0.00000000000 0.00000000000 0.00000000000 0.00000000000 0.25453605078
0.00605582713 0.01266830128 0.25422270366 152.60357717841 0.00000000000 0.00000000000 0.00000000000 0.00000000000 0.00000000000 0.00000000000 0.25453814825
0.00603458029 0.01270526001 0.25422293577 154.15748075915 0.00000000000 0.00000000000 0.00000000000 0.00000000000 0.00000000000 0.00000000000 0.25454022218
0.00601357807 0.01274235063 0.25422313201 155.71884319551 0.00000000000 0.00000000000 0.00000000000 0.00000000000 0.00000000000 0.00000000000 0.25454227223
0.00599282382 0.01277957262 0.25422329202 157.26988733494 0.00000000000 0.00000000000 0.00000000000 0.00000000000 0.00000000000 0.00000000000 0.25454429807
0.00597232088 0.01281692545 0.25422341543 158.83296701511 0.00000000000 0.00000000000 0.00000000000 0.00000000000 0.00000000000 0.00000000000 0.25454629938
0.00595207259 0.01285440860 0.25422350189 160.41231006930 0.00000000000 0.00000000000 0.00000000000 0.00000000000 0.00000000000 0.00000000000 0.25454827584
0.00593208227 0.01289202155 0.25422355104 162.00318003870 0.00000000000 0.00000000000 0.00000000000 0.00000000000 0.00000000000 0.00000000000 0.25455022711
0.00591235329 0.01292976377 0.25422356253 163.61183801028 0.00000000000 0.00000000000 0.00000000000 0.00000000000 0.00000000000 0.00000000000 0.25455215288
0.00589288900 0.01296763473 0.25422353599 165.22133547202 0.00000000000 0.00000000000 0.00000000000 0.00000000000 0.00000000000 0.00000000000 0.25455405281
0.00587369276 0.01300563387 0.25422347106 166.80522472569 0.00000000000 0.00000000000 0.00000000000 0.00000000000 0.00000000000 0.00000000000 0.25455592657
0.00585476792 0.01304376055 0.25422336740 168.40844233042 0.00000000000 0.00000000000 0.00000000000 0.00000000000 0.00000000000 0.00000000000 0.25455777384
0.00583611784 0.01308201413 0.25422322465 170.06732173589 0.00000000000 0.00000000000 0.00000000000 0.00000000000 0.00000000000 0.00000000000 0.25455959429
0.00581774601 0.01312039389 0.25422304245 171.71591969588 0.00000000000 0.00000000000 0.00000000000 0.00000000000 0.00000000000 0.00000000000 0.25456138758
0.00579965587 0.01315889909 0.25422282044 173.29192796617 0.00000000000 0.00000000000 0.00000000000 0.00000000000 0.00000000000 0.00000000000 0.25456315338
0.00578185079 0.01319752890 0.25422255828 174.89473761727 0.00000000000 0.00000000000 0.00000000000 0.00000000000 0.00000000000 0.00000000000 0.25456489135
0.00576433418 0.01323628244 0.25422225562 176.58288161766 0.00000000000 0.00000000000 0.00000000000 0.00000000000 0.00000000000 0.00000000000 0.25456660116
0.00574710960 0.01327515876 0.25422191211 178.25297497617 0.00000000000 0.00000000000 0.00000000000 0.00000000000 0.00000000000 0.00000000000 0.25456828246
0.00573018058 0.01331415686 0.25422152739 179.81738531133 0.00000000000 0.00000000000 0.00000000000 0.00000000000 0.00000000000 0.00000000000 0.25456993492
0.00571355051 0.01335327567 0.25422110115 181.41090086817 0.00000000000 0.00000000000 0.00000000000 0.00000000000 0.00000000000 0.00000000000 0.25457155819
0.00569722280 0.01339251408 0.25422063304 183.09634327086 0.00000000000 0.00000000000 0.00000000000 0.00000000000 0.00000000000 0.00000000000 0.25457315195
0.00568120106 0.01343187086 0.25422012271 184.76155100143 0.00000000000 0.00000000000 0.00000000000 0.00000000000 0.00000000000 0.00000000000 0.25457471585
0.00566548883 0.01347134475 0.25421956985 186.31213806247 0.00000000000 0.00000000000 0.00000000000 0.00000000000 0.00000000000 0.00000000000 0.25457624953
0.00565008949 0.01351093443 0.25421897410 187.95391661341 0.00000000000 0.00000000000 0.00000000000 0.00000000000 0.00000000000 0.00000000000 0.25457775265
0.00563500610 0.01355063852 0.25421833128 190.09804259926 0.00000000000 0.00000000000 0.00000000000 0.00000000000 0.00000000000 0.00000000000 0.25457922100
0.00562024102 0.01359045552 0.25421762872 192.17671250199 0.00000000000 0.00000000000 0.00000000000 0.00000000000 0.00000000000 0.00000000000 0.25458064190
0.00560579715 0.01363038388 0.25421685956 193.12290509479 0.00000000000 0.00000000000 0.00000000000 0.00000000000 0.00000000000 0.00000000000 0.25458200849
0.00559167867 0.01367042202 0.25421603226 194.32442896410 0.00000000000 0.00000000000 0.00000000000 0.00000000000 0.00000000000 0.00000000000 0.25458332918
0.00557788977 0.01371056828 0.25421515522 195.81080079842 0.00000000000 0.00000000000 0.00000000000 0.00000000000 0.00000000000 0.00000000000 0.25458461231
0.00556443430 0.01375082087 0.25421423228 197.32010708261 0.00000000000 0.00000000000 0.00000000000 0.00000000000 0.00000000000 0.00000000000 0.25458586169
0.00555131591 0.01379117796 0.25421326567 198.80350408838 0.00000000000 0.00000000000 0.00000000000 0.00000000000 0.00000000000 0.00000000000 0.25458707947
0.00553853791 0.01383163763 0.25421225543 200.29260765039 0.00000000000 0.00000000000 0.00000000000 0.00000000000 0.00000000000 0.00000000000 0.25458826566
0.00552610358 0.01387219791 0.25421120131 201.77248516573 0.00000000000 0.00000000000 0.00000000000 0.00000000000 0.00000000000 0.00000000000 0.25458941995
0.00551401620 0.01391285673 0.25421010307 203.24743601846 0.00000000000 0.00000000000 0.00000000000 0.00000000000 0.00000000000 0.00000000000 0.25459054202
0.00550227901 0.01395361196 0.25420896048 204.66971110567 0.00000000000 0.00000000000 0.00000000000 0.00000000000 0.00000000000 0.00000000000 0.25459163159
0.00549089518 0.01399446136 0.25420777332 206.07711877403 0.00000000000 0.00000000000 0.00000000000 0.00000000000 0.00000000000 0.00000000000 0.25459268836
0.00547986782 0.01403540269 0.25420654138 207.39421224836 0.00000000000 0.00000000000 0.00000000000 0.00000000000 0.00000000000 0.00000000000 0.25459371203
0.00546919990 0.01407643359 0.25420526446 208.63824678333 0.00000000000 0.00000000000 0.00000000000 0.00000000000 0.00000000000 0.00000000000 0.25459470234
0.00545889418 0.01411755166 0.25420394240 209.57767900393 0.00000000000 0.00000000000 0.00000000000 0.00000000000 0.00000000000 0.00000000000 0.25459565902
0.00544895299 0.01415875431 0.25420257508 210.40772840508 0.00000000000 0.00000000000 0.00000000000 0.00000000000 0.00000000000 0.00000000000 0.25459658187
0.00543937833 0.01420003883 0.25420116242 210.79973243147 0.00000000000 0.00000000000 0.00000000000 0.00000000000 0.00000000000 0.00000000000 0.25459747069
0.00543017160 0.01424140227 0.25419970443 211.15229740018 0.00000000000 0.00000000000 0.00000000000 0.00000000000 0.00000000000 0.00000000000 0.25459832535
0.00542133401 0.01428284157 0.25419820112 211.32396444559 0.00000000000 0.00000000000 0.00000000000 0.00000000000 0.00000000000 0.00000000000 0.25459914575
0.00541286652 0.01432435349 0.25419665254 211.52264314615 0.00000000000 0.00000000000 0.00000000000 0.00000000000 0.00000000000 0.00000000000 0.25459993179
0.00540477007 0.01436593475 0.25419505876 211.77830567157 0.00000000000 0.00000000000 0.00000000000 0.00000000000 0.00000000000 0.00000000000 0.25460068339
0.00539704571 0.01440758200 0.25419341983 212.06659637088 0.00000000000 0.00000000000 0.00000000000 0.00000000000 0.00000000000 0.00000000000 0.25460140044
0.00538969450 0.01444929187 0.25419173582 212.42601092933 0.00000000000 0.00000000000 0.00000000000 0.00000000000 0.00000000000 0.00000000000 0.25460208286
0.00538271759 0.01449106097 0.25419000677 212.81330134114 0.00000000000 0.00000000000 0.00000000000 0.00000000000 0.00000000000 0.00000000000 0.25460273052
0.00537611618 0.01453288590 0.25418823274 213.25174915138 0.00000000000 0.00000000000 0.00000000000 0.00000000000 0.00000000000 0.00000000000 0.25460334334
0.00536989149 0.01457476326 0.25418641379 213.72289820674 0.00000000000 0.00000000000 0.00000000000 0.00000000000 0.00000000000 0.00000000000 0.25460392118
0.00536404479 0.01461668962 0.25418454995 214.26329186604 0.00000000000 0.00000000000 0.00000000000 0.00000000000 0.00000000000 0.00000000000 0.25460446393
0.00535857745 0.01465866153 0.25418264129 214.83657446030 0.00000000000 0.00000000000 0.00000000000 0.00000000000 0.00000000000 0.00000000000 0.25460497146
0.00535349084 0.01470067551 0.25418068785 215.47864156370 0.00000000000 0.00000000000 0.00000000000 0.00000000000 0.00000000000 0.00000000000 0.25460544365
0.00534878644 0.01474272805 0.25417868968 216.14694979567 0.00000000000 0.00000000000 0.00000000000 0.00000000000 0.00000000000 0.00000000000 0.25460588036
0.00534446574 0.01478481560 0.25417664681 216.85569867165 0.00000000000 0.00000000000 0.00000000000 0.00000000000 0.00000000000 0.00000000000 0.25460628146
0.00534053026 0.01482693459 0.25417455931 217.60592719442 0.00000000000 0.00000000000 0.00000000000 0.00000000000 0.00000000000 0.00000000000 0.25460664679
0.00533698158 0.01486908143 0.25417242721 218.45518883703 0.00000000000 0.00000000000 0.00000000000 0.00000000000 0.00000000000 0.00000000000 0.25460697621
0.00533382139 0.01491125244 0.25417025056 219.32177356532 0.00000000000 0.00000000000 0.00000000000 0.00000000000 0.00000000000 0.00000000000 0.25460726958
0.00533105138 0.01495344398 0.25416802941 220.19006585183 0.00000000000 0.00000000000 0.00000000000 0.00000000000 0.00000000000 0.00000000000 0.25460752672
0.00532867324 0.01499565236 0.25416576380 221.10881114200 0.00000000000 0.00000000000 0.00000000000 0.00000000000 0.00000000000 0.00000000000 0.25460774748
0.00532668868 0.01503787391 0.25416345378 222.16353714502 0.00000000000 0.00000000000 0.00000000000 0.00000000000 0.00000000000 0.00000000000 0.25460793171
0.00532509963 0.01508010483 0.25416109939 223.22738283214 0.00000000000 0.00000000000 0.00000000000 0.00000000000 0.00000000000 0.00000000000 0.25460807922
0.00532390797 0.01512234134 0.25415870067 224.25953345367 0.00000000000 0.00000000000 0.00000000000 0.00000000000 0.00000000000 0.00000000000 0.25460818984
0.00532311551 0.01516457964 0.25415625768 225.34715532893 0.00000000000 0.00000000000 0.00000000000 0.00000000000 0.00000000000 0.00000000000 0.25460826341
0.00532272415 0.01520681588 0.25415377047 226.59333534272 0.00000000000 0.00000000000 0.00000000000 0.00000000000 0.00000000000 0.00000000000 0.25460829974
0.00532273598 0.01524904610 0.25415123909 227.84533766957 0.00000000000 0.00000000000 0.00000000000 0.00000000000 0.00000000000 0.00000000000 0.25460829864
0.00532315305 0.01529126631 0.25414866357 229.04874091142 0.00000000000 0.00000000000 0.00000000000 0.00000000000 0.00000000000 0.00000000000 0.25460825992
0.00532397735 0.01533347249 0.25414604399 230.30735856660 0.00000000000 0.00000000000 0.00000000000 0.00000000000 0.00000000000 0.00000000000 0.25460818340
0.00532521090 0.01537566056 0.25414338041 231.72345726345 0.00000000000 0.00000000000 0.00000000000 0.00000000000 0.00000000000 0.00000000000 0.25460806889
0.00532685592 0.01541782634 0.25414067289 233.14935747370 0.00000000000 0.00000000000 0.00000000000 0.00000000000 0.00000000000 0.00000000000 0.25460791619
0.00532891462 0.01545996557 0.25413792148 234.53803137692 0.00000000000 0.00000000000 0.00000000000 0.00000000000 0.00000000000 0.00000000000 0.25460772508
0.00533138911 0.01550207396 0.25413512627 235.97436319119 0.00000000000 0.00000000000 0.00000000000 0.00000000000 0.00000000000 0.00000000000 0.25460749537
0.00533428154 0.01554414716 0.25413228733 237.53400522747 0.00000000000 0.00000000000 0.00000000000 0.00000000000 0.00000000000 0.00000000000 0.25460722687
0.00533759422 0.01558618070 0.25412940474 239.11295361142 0.00000000000 0.00000000000 0.00000000000 0.00000000000 0.00000000000 0.00000000000 0.25460691935
0.00534132943 0.01562817006 0.25412647859 240.69066680959 0.00000000000 0.00000000000 0.00000000000 0.00000000000 0.00000000000 0.00000000000 0.25460657261
0.00534548940 0.01567011064 0.25412350896 242.30529316877 0.00000000000 0.00000000000 0.00000000000 0.00000000000 0.00000000000 0.00000000000 0.25460618644
0.00535007641 0.01571199780 0.25412049597 243.99346917147 0.00000000000 0.00000000000 0.00000000000 0.00000000000 0.00000000000 0.00000000000 0.25460576063
0.00535509277 0.01575382679 0.25411743971 245.70994433407 0.00000000000 0.00000000000 0.00000000000 0.00000000000 0.00000000000 0.00000000000 0.25460529497
0.00536054080 0.01579559284 0.25411434029 247.46369114160 0.00000000000 0.00000000000 0.00000000000 0.00000000000 0.00000000000 0.00000000000 0.25460478923
0.00536642285 0.01583729106 0.25411119784 249.24385571305 0.00000000000 0.00000000000 0.00000000000 0.00000000000 0.00000000000 0.00000000000 0.25460424320
0.00537274122 0.01587891651 0.25410801246 251.05006624919 0.00000000000 0.00000000000 0.00000000000 0.00000000000 0.00000000000 0.00000000000 0.25460365666
0.00537949824 0.01592046417 0.25410478430 252.88989581218 0.00000000000 0.00000000000 0.00000000000 0.00000000000 0.00000000000 0.00000000000 0.25460302941
0.00538669622 0.01596192896 0.25410151350 254.79285697595 0.00000000000 0.00000000000 0.00000000000 0.00000000000 0.00000000000 0.00000000000 0.25460236122
0.00539433753 0.01600330567 0.25409820021 256.71638890154 0.00000000000 0.00000000000 0.00000000000 0.00000000000 0.00000000000 0.00000000000 0.25460165188
0.00540242447 0.01604458900 0.25409484458 258.63571710092 0.00000000000 0.00000000000 0.00000000000 0.00000000000 0.00000000000 0.00000000000 0.25460090117
0.00541095932 0.01608577356 0.25409144679 260.58625073117 0.00000000000 0.00000000000 0.00000000000 0.00000000000 0.00000000000 0.00000000000 0.25460010888
0.00541994433 0.01612685386 0.25408800703 262.58008765453 0.00000000000 0.00000000000 0.00000000000 0.00000000000 0.00000000000 0.00000000000 0.25459927481
0.00542938173 0.01616782437 0.25408452549 264.60275395446 0.00000000000 0.00000000000 0.00000000000 0.00000000000 0.00000000000 0.00000000000 0.25459839874
0.00543927379 0.01620867948 0.25408100237 266.65999708155 0.00000000000 0.00000000000 0.00000000000 0.00000000000 0.00000000000 0.00000000000 0.25459748046
0.00544962275 0.01624941352 0.25407743788 268.62204548601 0.00000000000 0.00000000000 0.00000000000 0.00000000000 0.00000000000 0.00000000000 0.25459651977
0.00546043051 0.01629002096 0.25407383224 269.94080536538 0.00000000000 0.00000000000 0.00000000000 0.00000000000 0.00000000000 0.00000000000 0.25459551648
0.00547169815 0.01633049654 0.25407018577 271.01881334018 0.00000000000 0.00000000000 0.00000000000 0.00000000000 0.00000000000 0.00000000000 0.25459447051
0.00548342587 0.01637083536 0.25406649882 270.63319708446 0.00000000000 0.00000000000 0.00000000000 0.00000000000 0.00000000000 0.00000000000 0.25459338183
0.00549561199 0.01641103318 0.25406277187 270.07224846767 0.00000000000 0.00000000000 0.00000000000 0.00000000000 0.00000000000 0.00000000000 0.25459225059
0.00550825401 0.01645108599 0.25405900550 268.42090819695 0.00000000000 0.00000000000 0.00000000000 0.00000000000 0.00000000000 0.00000000000 0.25459107704
0.00552134791 0.01649099002 0.25405520039 266.76558913352 0.00000000000 0.00000000000 0.00000000000 0.00000000000 0.00000000000 0.00000000000 0.25458986153
0.00553488937 0.01653074155 0.25405135724 264.98062355802 0.00000000000 0.00000000000 0.00000000000 0.00000000000 0.00000000000 0.00000000000 0.25458860448
0.00554887384 0.01657033682 0.25404747680 263.20518724947 0.00000000000 0.00000000000 0.00000000000 0.00000000000 0.00000000000 0.00000000000 0.25458730630
0.00556329669 0.01660977214 0.25404355981 261.32980442634 0.00000000000 0.00000000000 0.00000000000 0.00000000000 0.00000000000 0.00000000000 0.25458596743
0.00557815318 0.01664904403 0.25403960701 259.47903658681 0.00000000000 0.00000000000 0.00000000000 0.00000000000 0.00000000000 0.00000000000 0.25458458829
0.00559343826 0.01668814898 0.25403561600 257.74991105217 0.00000000000 0.00000000000 0.00000000000 0.00000000000 0.00000000000 0.00000000000 0.25458316620
0.00560914610 0.01672708339 0.25403157576 256.16051230590 0.00000000000 0.00000000000 0.00000000000 0.00000000000 0.00000000000 0.00000000000 0.25458168984
0.00562527110 0.01676584378 0.25402747843 254.05647519605 0.00000000000 0.00000000000 0.00000000000 0.00000000000 0.00000000000 0.00000000000 0.25458015106
0.00564180873 0.01680442713 0.25402332878 252.05688495715 0.00000000000 0.00000000000 0.00000000000 0.00000000000 0.00000000000 0.00000000000 0.25457855435
0.00565875471 0.01684283042 0.25401913373 250.31287620682 0.00000000000 0.00000000000 0.00000000000 0.00000000000 0.00000000000 0.00000000000 0.25457690633
0.00567610487 0.01688105041 0.25401490007 248.61710485273 0.00000000000 0.00000000000 0.00000000000 0.00000000000 0.00000000000 0.00000000000 0.25457521348
0.00569385489 0.01691908403 0.25401063319 246.65478246553 0.00000000000 0.00000000000 0.00000000000 0.00000000000 0.00000000000 0.00000000000 0.25457348090
0.00571199990 0.01695692865 0.25400633453 244.74189730225 0.00000000000 0.00000000000 0.00000000000 0.00000000000 0.00000000000 0.00000000000 0.25457170976
0.00573053498 0.01699458169 0.25400200483 243.06442387879 0.00000000000 0.00000000000 0.00000000000 0.00000000000 0.00000000000 0.00000000000 0.25456990055
0.00574945544 0.01703204035 0.25399764482 241.39124523782 0.00000000000 0.00000000000 0.00000000000 0.00000000000 0.00000000000 0.00000000000 0.25456805372
0.00576875656 0.01706930195 0.25399325523 239.51034839689 0.00000000000 0.00000000000 0.00000000000 0.00000000000 0.00000000000 0.00000000000 0.25456616973
0.00578843350 0.01710636419 0.25398883676 237.67030269894 0.00000000000 0.00000000000 0.00000000000 0.00000000000 0.00000000000 0.00000000000 0.25456424905
0.00580848144 0.01714322480 0.25398439015 236.01130933781 0.00000000000 0.00000000000 0.00000000000 0.00000000000 0.00000000000 0.00000000000 0.25456229217
0.00582889574 0.01717988147 0.25397991607 234.36611663339 0.00000000000 0.00000000000 0.00000000000 0.00000000000 0.00000000000 0.00000000000 0.25456029952
0.00584967181 0.01721633194 0.25397541522 232.61844666596 0.00000000000 0.00000000000 0.00000000000 0.00000000000 0.00000000000 0.00000000000 0.25455827156
0.00587080497 0.01725257417 0.25397088828 230.90071265758 0.00000000000 0.00000000000 0.00000000000 0.00000000000 0.00000000000 0.00000000000 0.25455620874
0.00589229060 0.01728860618 0.25396633594 229.27598165494 0.00000000000 0.00000000000 0.00000000000 0.00000000000 0.00000000000 0.00000000000 0.25455411152
0.00591412417 0.01732442606 0.25396175884 227.67218080932 0.00000000000 0.00000000000 0.00000000000 0.00000000000 0.00000000000 0.00000000000 0.25455198034
0.00593630123 0.01736003191 0.25395715766 226.06898444029 0.00000000000 0.00000000000 0.00000000000 0.00000000000 0.00000000000 0.00000000000 0.25454981562
0.00595881733 0.01739542195 0.25395253303 224.48836387733 0.00000000000 0.00000000000 0.00000000000 0.00000000000 0.00000000000 0.00000000000 0.25454761781
0.00598166805 0.01743059442 0.25394788559 222.93400980004 0.00000000000 0.00000000000 0.00000000000 0.00000000000 0.00000000000 0.00000000000 0.25454538734
0.00600484905 0.01746554769 0.25394321598 221.40326384989 0.00000000000 0.00000000000 0.00000000000 0.00000000000 0.00000000000 0.00000000000 0.25454312463
0.00602835602 0.01750028014 0.25393852481 219.93351480956 0.00000000000 0.00000000000 0.00000000000 0.00000000000 0.00000000000 0.00000000000 0.25454083010
0.00605218475 0.01753479021 0.25393381271 218.48347199813 0.00000000000 0.00000000000 0.00000000000 0.00000000000 0.00000000000 0.00000000000 0.25453850417
0.00607633106 0.01756907635 0.25392908026 217.04097151441 0.00000000000 0.00000000000 0.00000000000 0.00000000000 0.00000000000 0.00000000000 0.25453614723
0.00610079079 0.01760313711 0.25392432808 215.62086058845 0.00000000000 0.00000000000 0.00000000000 0.00000000000 0.00000000000 0.00000000000 0.25453375970
0.00612555985 0.01763697109 0.25391955675 214.26998116621 0.00000000000 0.00000000000 0.00000000000 0.00000000000 0.00000000000 0.00000000000 0.25453134198
0.00615063424 0.01767057689 0.25391476684 212.93832967367 0.00000000000 0.00000000000 0.00000000000 0.00000000000 0.00000000000 0.00000000000 0.25452889445
0.00617601000 0.01770395316 0.25390995894 211.63589687145 0.00000000000 0.00000000000 0.00000000000 0.00000000000 0.00000000000 0.00000000000 0.25452641750
0.00620168323 0.01773709859 0.25390513360 210.35307992267 0.00000000000 0.00000000000 0.00000000000 0.00000000000 0.00000000000 0.00000000000 0.25452391152
0.00622765006 0.01777001191 0.25390029138 209.11815466933 0.00000000000 0.00000000000 0.00000000000 0.00000000000 0.00000000000 0.00000000000 0.25452137688
0.00625390672 0.01780269189 0.25389543283 207.90200403266 0.00000000000 0.00000000000 0.00000000000 0.00000000000 0.00000000000 0.00000000000 0.25451881394
0.00628044946 0.01783513731 0.25389055849 206.74988835244 0.00000000000 0.00000000000 0.00000000000 0.00000000000 0.00000000000 0.00000000000 0.25451622309
0.00630727466 0.01786734699 0.25388566889 205.61517701145 0.00000000000 0.00000000000 0.00000000000 0.00000000000 0.00000000000 0.00000000000 0.25451360466
0.00633437867 0.01789931972 0.25388076449 204.52138761800 0.00000000000 0.00000000000 0.00000000000 0.00000000000 0.00000000000 0.00000000000 0.25451095895
0.00636175786 0.01793105426 0.25387584557 203.44642497203 0.00000000000 0.00000000000 0.00000000000 0.00000000000 0.00000000000 0.00000000000 0.25450828605
0.00638940869 0.01796254946 0.25387091249 202.39876179237 0.00000000000 0.00000000000 0.00000000000 0.00000000000 0.00000000000 0.00000000000 0.25450558617
0.00641732797 0.01799380449 0.25386596632 201.36182063524 0.00000000000 0.00000000000 0.00000000000 0.00000000000 0.00000000000 0.00000000000 0.25450286021
0.00644551254 0.01802481851 0.25386100814 200.41743605728 0.00000000000 0.00000000000 0.00000000000 0.00000000000 0.00000000000 0.00000000000 0.25450010911
0.00647395914 0.01805559047 0.25385603849 199.48882518359 0.00000000000 0.00000000000 0.00000000000 0.00000000000 0.00000000000 0.00000000000 0.25449733324
0.00650266444 0.01808611922 0.25385105775 198.57656478768 0.00000000000 0.00000000000 0.00000000000 0.00000000000 0.00000000000 0.00000000000 0.25449453281
0.00653162516 0.01811640362 0.25384606632 197.68120915311 0.00000000000 0.00000000000 0.00000000000 0.00000000000 0.00000000000 0.00000000000 0.25449170805
