VARIABLES=
"CoordinateX"
"CoordinateY"
"CoordinateZ"
"Kappa1"
"Kappa2"
"dy"
"dz"
"d2x"
"d2y"
"d2z"
"R"
ZONE T="Konrollpunkte"
I=101, J=1, K=1
0.00652047098 0.01816276140 0.25646398841 0.00000000000 0.00000000000 0.00000000000 0.00000000000 0.00000000000 0.00000000000 0.00000000000 0.00000000000
0.00653151189 0.01817416444 0.25646185468 0.00000000000 0.00000000000 0.00000000000 0.00000000000 0.00000000000 0.00000000000 0.00000000000 0.00000000000
0.00654258872 0.01818553217 0.25645971862 0.00000000000 0.00000000000 0.00000000000 0.00000000000 0.00000000000 0.00000000000 0.00000000000 0.00000000000
0.00655370132 0.01819686455 0.25645758025 0.00000000000 0.00000000000 0.00000000000 0.00000000000 0.00000000000 0.00000000000 0.00000000000 0.00000000000
0.00656484950 0.01820816151 0.25645543962 0.00000000000 0.00000000000 0.00000000000 0.00000000000 0.00000000000 0.00000000000 0.00000000000 0.00000000000
0.00657603310 0.01821942300 0.25645329674 0.00000000000 0.00000000000 0.00000000000 0.00000000000 0.00000000000 0.00000000000 0.00000000000 0.00000000000
0.00658725194 0.01823064895 0.25645115165 0.00000000000 0.00000000000 0.00000000000 0.00000000000 0.00000000000 0.00000000000 0.00000000000 0.00000000000
0.00659850587 0.01824183933 0.25644900438 0.00000000000 0.00000000000 0.00000000000 0.00000000000 0.00000000000 0.00000000000 0.00000000000 0.00000000000
0.00660979469 0.01825299411 0.25644685495 0.00000000000 0.00000000000 0.00000000000 0.00000000000 0.00000000000 0.00000000000 0.00000000000 0.00000000000
0.00662111822 0.01826411326 0.25644470339 0.00000000000 0.00000000000 0.00000000000 0.00000000000 0.00000000000 0.00000000000 0.00000000000 0.00000000000
0.00663247629 0.01827519677 0.25644254973 0.00000000000 0.00000000000 0.00000000000 0.00000000000 0.00000000000 0.00000000000 0.00000000000 0.00000000000
0.00664386871 0.01828624461 0.25644039401 0.00000000000 0.00000000000 0.00000000000 0.00000000000 0.00000000000 0.00000000000 0.00000000000 0.00000000000
0.00665529530 0.01829725675 0.25643823623 0.00000000000 0.00000000000 0.00000000000 0.00000000000 0.00000000000 0.00000000000 0.00000000000 0.00000000000
0.00666675588 0.01830823318 0.25643607644 0.00000000000 0.00000000000 0.00000000000 0.00000000000 0.00000000000 0.00000000000 0.00000000000 0.00000000000
0.00667825025 0.01831917388 0.25643391467 0.00000000000 0.00000000000 0.00000000000 0.00000000000 0.00000000000 0.00000000000 0.00000000000 0.00000000000
0.00668977824 0.01833007881 0.25643175093 0.00000000000 0.00000000000 0.00000000000 0.00000000000 0.00000000000 0.00000000000 0.00000000000 0.00000000000
0.00670133964 0.01834094797 0.25642958527 0.00000000000 0.00000000000 0.00000000000 0.00000000000 0.00000000000 0.00000000000 0.00000000000 0.00000000000
0.00671293429 0.01835178133 0.25642741771 0.00000000000 0.00000000000 0.00000000000 0.00000000000 0.00000000000 0.00000000000 0.00000000000 0.00000000000
0.00672456197 0.01836257887 0.25642524827 0.00000000000 0.00000000000 0.00000000000 0.00000000000 0.00000000000 0.00000000000 0.00000000000 0.00000000000
0.00673622251 0.01837334060 0.25642307699 0.00000000000 0.00000000000 0.00000000000 0.00000000000 0.00000000000 0.00000000000 0.00000000000 0.00000000000
0.00674791571 0.01838406651 0.25642090389 0.00000000000 0.00000000000 0.00000000000 0.00000000000 0.00000000000 0.00000000000 0.00000000000 0.00000000000
0.00675964138 0.01839475660 0.25641872901 0.00000000000 0.00000000000 0.00000000000 0.00000000000 0.00000000000 0.00000000000 0.00000000000 0.00000000000
0.00677139933 0.01840541087 0.25641655236 0.00000000000 0.00000000000 0.00000000000 0.00000000000 0.00000000000 0.00000000000 0.00000000000 0.00000000000
0.00678318937 0.01841602931 0.25641437397 0.00000000000 0.00000000000 0.00000000000 0.00000000000 0.00000000000 0.00000000000 0.00000000000 0.00000000000
0.00679501130 0.01842661194 0.25641219388 0.00000000000 0.00000000000 0.00000000000 0.00000000000 0.00000000000 0.00000000000 0.00000000000 0.00000000000
0.00680686494 0.01843715874 0.25641001211 0.00000000000 0.00000000000 0.00000000000 0.00000000000 0.00000000000 0.00000000000 0.00000000000 0.00000000000
0.00681875010 0.01844766973 0.25640782869 0.00000000000 0.00000000000 0.00000000000 0.00000000000 0.00000000000 0.00000000000 0.00000000000 0.00000000000
0.00683066658 0.01845814490 0.25640564364 0.00000000000 0.00000000000 0.00000000000 0.00000000000 0.00000000000 0.00000000000 0.00000000000 0.00000000000
0.00684261420 0.01846858425 0.25640345700 0.00000000000 0.00000000000 0.00000000000 0.00000000000 0.00000000000 0.00000000000 0.00000000000 0.00000000000
0.00685816245 0.01848189595 0.25640063044 0.00000000000 0.00000000000 0.00000000000 0.00000000000 0.00000000000 0.00000000000 0.00000000000 0.00000000000
0.00687367541 0.01849513263 0.25639781283 0.00000000000 0.00000000000 0.00000000000 0.00000000000 0.00000000000 0.00000000000 0.00000000000 0.00000000000
0.00688912899 0.01850827357 0.25639500856 0.00000000000 0.00000000000 0.00000000000 0.00000000000 0.00000000000 0.00000000000 0.00000000000 0.00000000000
0.00690452020 0.01852131612 0.25639221820 0.00000000000 0.00000000000 0.00000000000 0.00000000000 0.00000000000 0.00000000000 0.00000000000 0.00000000000
0.00691984676 0.01853425830 0.25638944218 0.00000000000 0.00000000000 0.00000000000 0.00000000000 0.00000000000 0.00000000000 0.00000000000 0.00000000000
0.00693510527 0.01854709719 0.25638668113 0.00000000000 0.00000000000 0.00000000000 0.00000000000 0.00000000000 0.00000000000 0.00000000000 0.00000000000
0.00695029240 0.01855983002 0.25638393568 0.00000000000 0.00000000000 0.00000000000 0.00000000000 0.00000000000 0.00000000000 0.00000000000 0.00000000000
0.00696540493 0.01857245412 0.25638120641 0.00000000000 0.00000000000 0.00000000000 0.00000000000 0.00000000000 0.00000000000 0.00000000000 0.00000000000
0.00698043975 0.01858496696 0.25637849390 0.00000000000 0.00000000000 0.00000000000 0.00000000000 0.00000000000 0.00000000000 0.00000000000 0.00000000000
0.00699539386 0.01859736617 0.25637579870 0.00000000000 0.00000000000 0.00000000000 0.00000000000 0.00000000000 0.00000000000 0.00000000000 0.00000000000
0.00701026459 0.01860964965 0.25637312130 0.00000000000 0.00000000000 0.00000000000 0.00000000000 0.00000000000 0.00000000000 0.00000000000 0.00000000000
0.00702504997 0.01862181598 0.25637046206 0.00000000000 0.00000000000 0.00000000000 0.00000000000 0.00000000000 0.00000000000 0.00000000000 0.00000000000
0.00703974911 0.01863386461 0.25636782114 0.00000000000 0.00000000000 0.00000000000 0.00000000000 0.00000000000 0.00000000000 0.00000000000 0.00000000000
0.00705436179 0.01864579558 0.25636519858 0.00000000000 0.00000000000 0.00000000000 0.00000000000 0.00000000000 0.00000000000 0.00000000000 0.00000000000
0.00706888801 0.01865760908 0.25636259438 0.00000000000 0.00000000000 0.00000000000 0.00000000000 0.00000000000 0.00000000000 0.00000000000 0.00000000000
0.00708332780 0.01866930539 0.25636000854 0.00000000000 0.00000000000 0.00000000000 0.00000000000 0.00000000000 0.00000000000 0.00000000000 0.00000000000
0.00709768121 0.01868088477 0.25635744105 0.00000000000 0.00000000000 0.00000000000 0.00000000000 0.00000000000 0.00000000000 0.00000000000 0.00000000000
0.00711194832 0.01869234752 0.25635489188 0.00000000000 0.00000000000 0.00000000000 0.00000000000 0.00000000000 0.00000000000 0.00000000000 0.00000000000
0.00712612922 0.01870369399 0.25635236104 0.00000000000 0.00000000000 0.00000000000 0.00000000000 0.00000000000 0.00000000000 0.00000000000 0.00000000000
0.00714022404 0.01871492450 0.25634984847 0.00000000000 0.00000000000 0.00000000000 0.00000000000 0.00000000000 0.00000000000 0.00000000000 0.00000000000
0.00715423291 0.01872603946 0.25634735417 0.00000000000 0.00000000000 0.00000000000 0.00000000000 0.00000000000 0.00000000000 0.00000000000 0.00000000000
0.00716815599 0.01873703924 0.25634487810 0.00000000000 0.00000000000 0.00000000000 0.00000000000 0.00000000000 0.00000000000 0.00000000000 0.00000000000
0.00718199348 0.01874792429 0.25634242021 0.00000000000 0.00000000000 0.00000000000 0.00000000000 0.00000000000 0.00000000000 0.00000000000 0.00000000000
0.00719574558 0.01875869505 0.25633998047 0.00000000000 0.00000000000 0.00000000000 0.00000000000 0.00000000000 0.00000000000 0.00000000000 0.00000000000
0.00720941264 0.01876935209 0.25633755880 0.00000000000 0.00000000000 0.00000000000 0.00000000000 0.00000000000 0.00000000000 0.00000000000 0.00000000000
0.00722299512 0.01877989606 0.25633515513 0.00000000000 0.00000000000 0.00000000000 0.00000000000 0.00000000000 0.00000000000 0.00000000000 0.00000000000
0.00723649358 0.01879032769 0.25633276933 0.00000000000 0.00000000000 0.00000000000 0.00000000000 0.00000000000 0.00000000000 0.00000000000 0.00000000000
0.00724990862 0.01880064775 0.25633040130 0.00000000000 0.00000000000 0.00000000000 0.00000000000 0.00000000000 0.00000000000 0.00000000000 0.00000000000
0.00726324082 0.01881085700 0.25632805092 0.00000000000 0.00000000000 0.00000000000 0.00000000000 0.00000000000 0.00000000000 0.00000000000 0.00000000000
0.00727649079 0.01882095621 0.25632571808 0.00000000000 0.00000000000 0.00000000000 0.00000000000 0.00000000000 0.00000000000 0.00000000000 0.00000000000
0.00728965916 0.01883094616 0.25632340266 0.00000000000 0.00000000000 0.00000000000 0.00000000000 0.00000000000 0.00000000000 0.00000000000 0.00000000000
0.00730274663 0.01884082786 0.25632110451 0.00000000000 0.00000000000 0.00000000000 0.00000000000 0.00000000000 0.00000000000 0.00000000000 0.00000000000
0.00731575396 0.01885060259 0.25631882347 0.00000000000 0.00000000000 0.00000000000 0.00000000000 0.00000000000 0.00000000000 0.00000000000 0.00000000000
0.00732868197 0.01886027162 0.25631655935 0.00000000000 0.00000000000 0.00000000000 0.00000000000 0.00000000000 0.00000000000 0.00000000000 0.00000000000
0.00734153148 0.01886983626 0.25631431196 0.00000000000 0.00000000000 0.00000000000 0.00000000000 0.00000000000 0.00000000000 0.00000000000 0.00000000000
0.00735430328 0.01887929778 0.25631208114 0.00000000000 0.00000000000 0.00000000000 0.00000000000 0.00000000000 0.00000000000 0.00000000000 0.00000000000
0.00736699818 0.01888865747 0.25630986670 0.00000000000 0.00000000000 0.00000000000 0.00000000000 0.00000000000 0.00000000000 0.00000000000 0.00000000000
0.00737961699 0.01889791658 0.25630766846 0.00000000000 0.00000000000 0.00000000000 0.00000000000 0.00000000000 0.00000000000 0.00000000000 0.00000000000
0.00739216055 0.01890707642 0.25630548624 0.00000000000 0.00000000000 0.00000000000 0.00000000000 0.00000000000 0.00000000000 0.00000000000 0.00000000000
0.00740462975 0.01891613829 0.25630331985 0.00000000000 0.00000000000 0.00000000000 0.00000000000 0.00000000000 0.00000000000 0.00000000000 0.00000000000
0.00741702554 0.01892510354 0.25630116908 0.00000000000 0.00000000000 0.00000000000 0.00000000000 0.00000000000 0.00000000000 0.00000000000 0.00000000000
0.00742934886 0.01893397353 0.25629903372 0.00000000000 0.00000000000 0.00000000000 0.00000000000 0.00000000000 0.00000000000 0.00000000000 0.00000000000
0.00744160065 0.01894274957 0.25629691359 0.00000000000 0.00000000000 0.00000000000 0.00000000000 0.00000000000 0.00000000000 0.00000000000 0.00000000000
0.00745378186 0.01895143298 0.25629480847 0.00000000000 0.00000000000 0.00000000000 0.00000000000 0.00000000000 0.00000000000 0.00000000000 0.00000000000
0.00746589341 0.01896002508 0.25629271818 0.00000000000 0.00000000000 0.00000000000 0.00000000000 0.00000000000 0.00000000000 0.00000000000 0.00000000000
0.00747793632 0.01896852723 0.25629064249 0.00000000000 0.00000000000 0.00000000000 0.00000000000 0.00000000000 0.00000000000 0.00000000000 0.00000000000
0.00748991177 0.01897694111 0.25628858114 0.00000000000 0.00000000000 0.00000000000 0.00000000000 0.00000000000 0.00000000000 0.00000000000 0.00000000000
0.00750182105 0.01898526850 0.25628653387 0.00000000000 0.00000000000 0.00000000000 0.00000000000 0.00000000000 0.00000000000 0.00000000000 0.00000000000
0.00751366548 0.01899351118 0.25628450039 0.00000000000 0.00000000000 0.00000000000 0.00000000000 0.00000000000 0.00000000000 0.00000000000 0.00000000000
0.00752544632 0.01900167093 0.25628248042 0.00000000000 0.00000000000 0.00000000000 0.00000000000 0.00000000000 0.00000000000 0.00000000000 0.00000000000
0.00753716486 0.01900974948 0.25628047369 0.00000000000 0.00000000000 0.00000000000 0.00000000000 0.00000000000 0.00000000000 0.00000000000 0.00000000000
0.00754882234 0.01901774855 0.25627847993 0.00000000000 0.00000000000 0.00000000000 0.00000000000 0.00000000000 0.00000000000 0.00000000000 0.00000000000
0.00756042001 0.01902566982 0.25627649887 0.00000000000 0.00000000000 0.00000000000 0.00000000000 0.00000000000 0.00000000000 0.00000000000 0.00000000000
0.00757195909 0.01903351498 0.25627453025 0.00000000000 0.00000000000 0.00000000000 0.00000000000 0.00000000000 0.00000000000 0.00000000000 0.00000000000
0.00758344077 0.01904128567 0.25627257381 0.00000000000 0.00000000000 0.00000000000 0.00000000000 0.00000000000 0.00000000000 0.00000000000 0.00000000000
0.00759486626 0.01904898352 0.25627062929 0.00000000000 0.00000000000 0.00000000000 0.00000000000 0.00000000000 0.00000000000 0.00000000000 0.00000000000
0.00760623672 0.01905661014 0.25626869644 0.00000000000 0.00000000000 0.00000000000 0.00000000000 0.00000000000 0.00000000000 0.00000000000 0.00000000000
0.00761755333 0.01906416711 0.25626677500 0.00000000000 0.00000000000 0.00000000000 0.00000000000 0.00000000000 0.00000000000 0.00000000000 0.00000000000
0.00762881729 0.01907165605 0.25626486472 0.00000000000 0.00000000000 0.00000000000 0.00000000000 0.00000000000 0.00000000000 0.00000000000 0.00000000000
0.00764003024 0.01907907874 0.25626296528 0.00000000000 0.00000000000 0.00000000000 0.00000000000 0.00000000000 0.00000000000 0.00000000000 0.00000000000
0.00765119553 0.01908643727 0.25626107612 0.00000000000 0.00000000000 0.00000000000 0.00000000000 0.00000000000 0.00000000000 0.00000000000 0.00000000000
0.00766231780 0.01909373395 0.25625919651 0.00000000000 0.00000000000 0.00000000000 0.00000000000 0.00000000000 0.00000000000 0.00000000000 0.00000000000
0.00767340181 0.01910097122 0.25625732572 0.00000000000 0.00000000000 0.00000000000 0.00000000000 0.00000000000 0.00000000000 0.00000000000 0.00000000000
0.00768445230 0.01910815152 0.25625546299 0.00000000000 0.00000000000 0.00000000000 0.00000000000 0.00000000000 0.00000000000 0.00000000000 0.00000000000
0.00769547394 0.01911527722 0.25625360759 0.00000000000 0.00000000000 0.00000000000 0.00000000000 0.00000000000 0.00000000000 0.00000000000 0.00000000000
0.00770647133 0.01912235070 0.25625175879 0.00000000000 0.00000000000 0.00000000000 0.00000000000 0.00000000000 0.00000000000 0.00000000000 0.00000000000
0.00771744901 0.01912937427 0.25624991589 0.00000000000 0.00000000000 0.00000000000 0.00000000000 0.00000000000 0.00000000000 0.00000000000 0.00000000000
0.00772841147 0.01913635023 0.25624807817 0.00000000000 0.00000000000 0.00000000000 0.00000000000 0.00000000000 0.00000000000 0.00000000000 0.00000000000
0.00773936311 0.01914328085 0.25624624494 0.00000000000 0.00000000000 0.00000000000 0.00000000000 0.00000000000 0.00000000000 0.00000000000 0.00000000000
0.00775030581 0.01915016680 0.25624441593 0.00000000000 0.00000000000 0.00000000000 0.00000000000 0.00000000000 0.00000000000 0.00000000000 0.00000000000
0.00776124880 0.01915701339 0.25624258963 0.00000000000 0.00000000000 0.00000000000 0.00000000000 0.00000000000 0.00000000000 0.00000000000 0.00000000000
0.00777220596 0.01916382876 0.25624076378 0.00000000000 0.00000000000 0.00000000000 0.00000000000 0.00000000000 0.00000000000 0.00000000000 0.00000000000
ZONE T="NURB"
I=201, J=1, K=1
0.00652047098 0.01816276140 0.25646398841 87.31609082229 0.00000000000 0.00000000000 0.00000000000 0.00000000000 0.00000000000 0.00000000000 0.25710632675
0.00652978073 0.01817236348 0.25646219007 128.25785317520 0.00000000000 0.00000000000 0.00000000000 0.00000000000 0.00000000000 0.00000000000 0.25710521140
0.00653740740 0.01818020511 0.25646071840 168.95957627895 0.00000000000 0.00000000000 0.00000000000 0.00000000000 0.00000000000 0.00000000000 0.25710429779
0.00654379098 0.01818674653 0.25645948801 176.83846435572 0.00000000000 0.00000000000 0.00000000000 0.00000000000 0.00000000000 0.00000000000 0.25710353312
0.00654942476 0.01819250095 0.25645840334 252.27672042187 0.00000000000 0.00000000000 0.00000000000 0.00000000000 0.00000000000 0.00000000000 0.25710285827
0.00655521583 0.01819839287 0.25645728985 205.47958794977 0.00000000000 0.00000000000 0.00000000000 0.00000000000 0.00000000000 0.00000000000 0.25710216456
0.00656179756 0.01820506412 0.25645602594 182.50367175479 0.00000000000 0.00000000000 0.00000000000 0.00000000000 0.00000000000 0.00000000000 0.25710137612
0.00656869368 0.01821202864 0.25645470328 195.52690227215 0.00000000000 0.00000000000 0.00000000000 0.00000000000 0.00000000000 0.00000000000 0.25710055002
0.00657560121 0.01821897760 0.25645338017 195.36046347263 0.00000000000 0.00000000000 0.00000000000 0.00000000000 0.00000000000 0.00000000000 0.25709972257
0.00658250955 0.01822590040 0.25645205862 195.11285922734 0.00000000000 0.00000000000 0.00000000000 0.00000000000 0.00000000000 0.00000000000 0.25709889501
0.00658941770 0.01823279621 0.25645073882 194.88672138838 0.00000000000 0.00000000000 0.00000000000 0.00000000000 0.00000000000 0.00000000000 0.25709806748
0.00659632465 0.01823966421 0.25644942096 194.62334924533 0.00000000000 0.00000000000 0.00000000000 0.00000000000 0.00000000000 0.00000000000 0.25709724009
0.00660322933 0.01824650356 0.25644810522 194.34880007701 0.00000000000 0.00000000000 0.00000000000 0.00000000000 0.00000000000 0.00000000000 0.25709641297
0.00661013071 0.01825331343 0.25644679178 194.11259041883 0.00000000000 0.00000000000 0.00000000000 0.00000000000 0.00000000000 0.00000000000 0.25709558625
0.00661702773 0.01826009304 0.25644548084 193.82529601165 0.00000000000 0.00000000000 0.00000000000 0.00000000000 0.00000000000 0.00000000000 0.25709476005
0.00662391938 0.01826684159 0.25644417258 193.57021320184 0.00000000000 0.00000000000 0.00000000000 0.00000000000 0.00000000000 0.00000000000 0.25709393449
0.00663080464 0.01827355835 0.25644286717 193.31699037270 0.00000000000 0.00000000000 0.00000000000 0.00000000000 0.00000000000 0.00000000000 0.25709310970
0.00663768251 0.01828024258 0.25644156478 193.04399325621 0.00000000000 0.00000000000 0.00000000000 0.00000000000 0.00000000000 0.00000000000 0.25709228579
0.00664455204 0.01828689363 0.25644026558 192.80403138168 0.00000000000 0.00000000000 0.00000000000 0.00000000000 0.00000000000 0.00000000000 0.25709146289
0.00665141232 0.01829351088 0.25643896973 192.51960801133 0.00000000000 0.00000000000 0.00000000000 0.00000000000 0.00000000000 0.00000000000 0.25709064109
0.00665826253 0.01830009380 0.25643767736 192.25744418512 0.00000000000 0.00000000000 0.00000000000 0.00000000000 0.00000000000 0.00000000000 0.25708982049
0.00666510194 0.01830664198 0.25643638859 191.98970258363 0.00000000000 0.00000000000 0.00000000000 0.00000000000 0.00000000000 0.00000000000 0.25708900119
0.00667192994 0.01831315510 0.25643510353 191.72073743096 0.00000000000 0.00000000000 0.00000000000 0.00000000000 0.00000000000 0.00000000000 0.25708818326
0.00667874604 0.01831963299 0.25643382225 191.45898847706 0.00000000000 0.00000000000 0.00000000000 0.00000000000 0.00000000000 0.00000000000 0.25708736676
0.00668554983 0.01832607553 0.25643254480 191.19352859830 0.00000000000 0.00000000000 0.00000000000 0.00000000000 0.00000000000 0.00000000000 0.25708655172
0.00669234100 0.01833248272 0.25643127123 190.93269892152 0.00000000000 0.00000000000 0.00000000000 0.00000000000 0.00000000000 0.00000000000 0.25708573820
0.00669911927 0.01833885457 0.25643000157 190.67191244454 0.00000000000 0.00000000000 0.00000000000 0.00000000000 0.00000000000 0.00000000000 0.25708492623
0.00670588441 0.01834519116 0.25642873585 190.40663091453 0.00000000000 0.00000000000 0.00000000000 0.00000000000 0.00000000000 0.00000000000 0.25708411583
0.00671263619 0.01835149254 0.25642747410 190.13534252734 0.00000000000 0.00000000000 0.00000000000 0.00000000000 0.00000000000 0.00000000000 0.25708330702
0.00671937442 0.01835775881 0.25642621632 189.84808934994 0.00000000000 0.00000000000 0.00000000000 0.00000000000 0.00000000000 0.00000000000 0.25708249985
0.00672609887 0.01836399006 0.25642496256 189.55608962927 0.00000000000 0.00000000000 0.00000000000 0.00000000000 0.00000000000 0.00000000000 0.25708169432
0.00673280935 0.01837018636 0.25642371282 189.26633890382 0.00000000000 0.00000000000 0.00000000000 0.00000000000 0.00000000000 0.00000000000 0.25708089046
0.00673950566 0.01837634783 0.25642246712 188.97701240701 0.00000000000 0.00000000000 0.00000000000 0.00000000000 0.00000000000 0.00000000000 0.25708008831
0.00674618761 0.01838247457 0.25642122549 188.68767842365 0.00000000000 0.00000000000 0.00000000000 0.00000000000 0.00000000000 0.00000000000 0.25707928787
0.00675285502 0.01838856666 0.25641998794 188.40356320904 0.00000000000 0.00000000000 0.00000000000 0.00000000000 0.00000000000 0.00000000000 0.25707848918
0.00675950770 0.01839462423 0.25641875448 188.11433610791 0.00000000000 0.00000000000 0.00000000000 0.00000000000 0.00000000000 0.00000000000 0.25707769224
0.00676614548 0.01840064738 0.25641752514 187.83570033844 0.00000000000 0.00000000000 0.00000000000 0.00000000000 0.00000000000 0.00000000000 0.25707689710
0.00677276819 0.01840663623 0.25641629992 187.55121932255 0.00000000000 0.00000000000 0.00000000000 0.00000000000 0.00000000000 0.00000000000 0.25707610376
0.00677937567 0.01841259089 0.25641507885 187.27340691171 0.00000000000 0.00000000000 0.00000000000 0.00000000000 0.00000000000 0.00000000000 0.25707531224
0.00678596774 0.01841851148 0.25641386193 186.99420997085 0.00000000000 0.00000000000 0.00000000000 0.00000000000 0.00000000000 0.00000000000 0.25707452257
0.00679254426 0.01842439812 0.25641264918 186.71668433211 0.00000000000 0.00000000000 0.00000000000 0.00000000000 0.00000000000 0.00000000000 0.25707373477
0.00679910507 0.01843025095 0.25641144061 186.44303520089 0.00000000000 0.00000000000 0.00000000000 0.00000000000 0.00000000000 0.00000000000 0.25707294884
0.00680565003 0.01843607008 0.25641023623 186.16546532495 0.00000000000 0.00000000000 0.00000000000 0.00000000000 0.00000000000 0.00000000000 0.25707216481
0.00681217901 0.01844185565 0.25640903604 185.89775330933 0.00000000000 0.00000000000 0.00000000000 0.00000000000 0.00000000000 0.00000000000 0.25707138270
0.00681869187 0.01844760782 0.25640784006 185.61940570754 0.00000000000 0.00000000000 0.00000000000 0.00000000000 0.00000000000 0.00000000000 0.25707060252
0.00682518851 0.01845332672 0.25640664830 185.35826468134 0.00000000000 0.00000000000 0.00000000000 0.00000000000 0.00000000000 0.00000000000 0.25706982428
0.00683166921 0.01845901284 0.25640546067 239.34686728799 0.00000000000 0.00000000000 0.00000000000 0.00000000000 0.00000000000 0.00000000000 0.25706904795
0.00683827818 0.01846478391 0.25640425138 489.33159419300 0.00000000000 0.00000000000 0.00000000000 0.00000000000 0.00000000000 0.00000000000 0.25706825625
0.00684551273 0.01847104532 0.25640293149 415.14428111396 0.00000000000 0.00000000000 0.00000000000 0.00000000000 0.00000000000 0.00000000000 0.25706738960
0.00685352470 0.01847792182 0.25640147376 171.71191273024 0.00000000000 0.00000000000 0.00000000000 0.00000000000 0.00000000000 0.00000000000 0.25706642982
0.00686181576 0.01848500975 0.25639996709 80.50295874606 0.00000000000 0.00000000000 0.00000000000 0.00000000000 0.00000000000 0.00000000000 0.25706543663
0.00687007818 0.01849205974 0.25639846639 81.26142176799 0.00000000000 0.00000000000 0.00000000000 0.00000000000 0.00000000000 0.00000000000 0.25706444686
0.00687829291 0.01849905632 0.25639697508 82.07698925188 0.00000000000 0.00000000000 0.00000000000 0.00000000000 0.00000000000 0.00000000000 0.25706346282
0.00688645839 0.01850599831 0.25639549343 82.87081732976 0.00000000000 0.00000000000 0.00000000000 0.00000000000 0.00000000000 0.00000000000 0.25706248467
0.00689457448 0.01851288571 0.25639402145 83.66189362065 0.00000000000 0.00000000000 0.00000000000 0.00000000000 0.00000000000 0.00000000000 0.25706151243
0.00690264116 0.01851971866 0.25639255916 84.45591152516 0.00000000000 0.00000000000 0.00000000000 0.00000000000 0.00000000000 0.00000000000 0.25706054612
0.00691065844 0.01852649729 0.25639110653 85.24877669754 0.00000000000 0.00000000000 0.00000000000 0.00000000000 0.00000000000 0.00000000000 0.25705958572
0.00691862623 0.01853322168 0.25638966359 86.05468593684 0.00000000000 0.00000000000 0.00000000000 0.00000000000 0.00000000000 0.00000000000 0.25705863125
0.00692654443 0.01853989189 0.25638823034 86.85706185979 0.00000000000 0.00000000000 0.00000000000 0.00000000000 0.00000000000 0.00000000000 0.25705768273
0.00693441294 0.01854650796 0.25638680680 87.67185442996 0.00000000000 0.00000000000 0.00000000000 0.00000000000 0.00000000000 0.00000000000 0.25705674015
0.00694223167 0.01855307000 0.25638539297 88.48201765606 0.00000000000 0.00000000000 0.00000000000 0.00000000000 0.00000000000 0.00000000000 0.25705580354
0.00695000058 0.01855957808 0.25638398885 89.30472939460 0.00000000000 0.00000000000 0.00000000000 0.00000000000 0.00000000000 0.00000000000 0.25705487290
0.00695771962 0.01856603234 0.25638259446 90.12301897531 0.00000000000 0.00000000000 0.00000000000 0.00000000000 0.00000000000 0.00000000000 0.25705394823
0.00696538877 0.01857243290 0.25638120978 90.95331740176 0.00000000000 0.00000000000 0.00000000000 0.00000000000 0.00000000000 0.00000000000 0.25705302953
0.00697300802 0.01857877990 0.25637983481 91.77964631470 0.00000000000 0.00000000000 0.00000000000 0.00000000000 0.00000000000 0.00000000000 0.25705211682
0.00698057738 0.01858507352 0.25637846954 92.61664508834 0.00000000000 0.00000000000 0.00000000000 0.00000000000 0.00000000000 0.00000000000 0.25705121008
0.00698809688 0.01859131392 0.25637711396 93.45182397143 0.00000000000 0.00000000000 0.00000000000 0.00000000000 0.00000000000 0.00000000000 0.25705030931
0.00699556658 0.01859750132 0.25637576805 94.29525302195 0.00000000000 0.00000000000 0.00000000000 0.00000000000 0.00000000000 0.00000000000 0.25704941451
0.00700298657 0.01860363593 0.25637443179 95.14010095355 0.00000000000 0.00000000000 0.00000000000 0.00000000000 0.00000000000 0.00000000000 0.25704852566
0.00701035699 0.01860971803 0.25637310514 95.98801485530 0.00000000000 0.00000000000 0.00000000000 0.00000000000 0.00000000000 0.00000000000 0.25704764275
0.00701767804 0.01861574795 0.25637178806 96.84353825957 0.00000000000 0.00000000000 0.00000000000 0.00000000000 0.00000000000 0.00000000000 0.25704676576
0.00702495000 0.01862172607 0.25637048050 97.69449909184 0.00000000000 0.00000000000 0.00000000000 0.00000000000 0.00000000000 0.00000000000 0.25704589464
0.00703217319 0.01862765280 0.25636918238 98.55989538758 0.00000000000 0.00000000000 0.00000000000 0.00000000000 0.00000000000 0.00000000000 0.25704502937
0.00703934797 0.01863352861 0.25636789364 99.41540178850 0.00000000000 0.00000000000 0.00000000000 0.00000000000 0.00000000000 0.00000000000 0.25704416990
0.00704647473 0.01863935396 0.25636661420 100.28826830125 0.00000000000 0.00000000000 0.00000000000 0.00000000000 0.00000000000 0.00000000000 0.25704331618
0.00705355391 0.01864512935 0.25636534397 101.15011440589 0.00000000000 0.00000000000 0.00000000000 0.00000000000 0.00000000000 0.00000000000 0.25704246816
0.00706058590 0.01865085528 0.25636408287 102.02930768784 0.00000000000 0.00000000000 0.00000000000 0.00000000000 0.00000000000 0.00000000000 0.25704162579
0.00706757113 0.01865653223 0.25636283082 102.89844153133 0.00000000000 0.00000000000 0.00000000000 0.00000000000 0.00000000000 0.00000000000 0.25704078903
0.00707451004 0.01866216071 0.25636158774 103.78327376280 0.00000000000 0.00000000000 0.00000000000 0.00000000000 0.00000000000 0.00000000000 0.25703995781
0.00708140303 0.01866774120 0.25636035353 104.66020382651 0.00000000000 0.00000000000 0.00000000000 0.00000000000 0.00000000000 0.00000000000 0.25703913209
0.00708825055 0.01867327419 0.25635912813 105.54998910598 0.00000000000 0.00000000000 0.00000000000 0.00000000000 0.00000000000 0.00000000000 0.25703831182
0.00709505301 0.01867876018 0.25635791144 106.43513120482 0.00000000000 0.00000000000 0.00000000000 0.00000000000 0.00000000000 0.00000000000 0.25703749695
0.00710181082 0.01868419965 0.25635670338 107.32924269465 0.00000000000 0.00000000000 0.00000000000 0.00000000000 0.00000000000 0.00000000000 0.25703668743
0.00710852442 0.01868959307 0.25635550387 108.22285894971 0.00000000000 0.00000000000 0.00000000000 0.00000000000 0.00000000000 0.00000000000 0.25703588320
0.00711519420 0.01869494093 0.25635431282 109.12073903737 0.00000000000 0.00000000000 0.00000000000 0.00000000000 0.00000000000 0.00000000000 0.25703508422
0.00712182059 0.01870024368 0.25635313017 110.02323284371 0.00000000000 0.00000000000 0.00000000000 0.00000000000 0.00000000000 0.00000000000 0.25703429044
0.00712840399 0.01870550181 0.25635195582 110.92416488555 0.00000000000 0.00000000000 0.00000000000 0.00000000000 0.00000000000 0.00000000000 0.25703350181
0.00713494482 0.01871071577 0.25635078970 111.83595253266 0.00000000000 0.00000000000 0.00000000000 0.00000000000 0.00000000000 0.00000000000 0.25703271828
0.00714144348 0.01871588604 0.25634963173 112.73900601190 0.00000000000 0.00000000000 0.00000000000 0.00000000000 0.00000000000 0.00000000000 0.25703193980
0.00714790039 0.01872101307 0.25634848182 113.66074522589 0.00000000000 0.00000000000 0.00000000000 0.00000000000 0.00000000000 0.00000000000 0.25703116632
0.00715431595 0.01872609733 0.25634733989 114.56499367837 0.00000000000 0.00000000000 0.00000000000 0.00000000000 0.00000000000 0.00000000000 0.25703039779
0.00716069057 0.01873113926 0.25634620587 115.49719043857 0.00000000000 0.00000000000 0.00000000000 0.00000000000 0.00000000000 0.00000000000 0.25702963417
0.00716702466 0.01873613934 0.25634507968 116.41012523264 0.00000000000 0.00000000000 0.00000000000 0.00000000000 0.00000000000 0.00000000000 0.25702887541
0.00717331863 0.01874109800 0.25634396123 117.34493149391 0.00000000000 0.00000000000 0.00000000000 0.00000000000 0.00000000000 0.00000000000 0.25702812145
0.00717957288 0.01874601570 0.25634285045 118.26838464146 0.00000000000 0.00000000000 0.00000000000 0.00000000000 0.00000000000 0.00000000000 0.25702737225
0.00718578782 0.01875089289 0.25634174726 119.20371848232 0.00000000000 0.00000000000 0.00000000000 0.00000000000 0.00000000000 0.00000000000 0.25702662775
0.00719196384 0.01875573000 0.25634065158 120.13825271592 0.00000000000 0.00000000000 0.00000000000 0.00000000000 0.00000000000 0.00000000000 0.25702588792
0.00719810136 0.01876052748 0.25633956334 121.07291222201 0.00000000000 0.00000000000 0.00000000000 0.00000000000 0.00000000000 0.00000000000 0.25702515270
0.00720420077 0.01876528578 0.25633848244 122.01930453753 0.00000000000 0.00000000000 0.00000000000 0.00000000000 0.00000000000 0.00000000000 0.25702442205
0.00721026248 0.01877000532 0.25633740882 122.95178815318 0.00000000000 0.00000000000 0.00000000000 0.00000000000 0.00000000000 0.00000000000 0.25702369591
0.00721628689 0.01877468655 0.25633634240 123.91072904041 0.00000000000 0.00000000000 0.00000000000 0.00000000000 0.00000000000 0.00000000000 0.25702297424
0.00722227441 0.01877932989 0.25633528310 124.84655014254 0.00000000000 0.00000000000 0.00000000000 0.00000000000 0.00000000000 0.00000000000 0.25702225700
0.00722822543 0.01878393578 0.25633423083 125.81188486328 0.00000000000 0.00000000000 0.00000000000 0.00000000000 0.00000000000 0.00000000000 0.25702154412
0.00723414034 0.01878850463 0.25633318554 126.76068396444 0.00000000000 0.00000000000 0.00000000000 0.00000000000 0.00000000000 0.00000000000 0.25702083557
0.00724001953 0.01879303687 0.25633214713 127.72252749260 0.00000000000 0.00000000000 0.00000000000 0.00000000000 0.00000000000 0.00000000000 0.25702013129
0.00724586340 0.01879753291 0.25633111555 128.68484845269 0.00000000000 0.00000000000 0.00000000000 0.00000000000 0.00000000000 0.00000000000 0.25701943125
0.00725167231 0.01880199315 0.25633009070 129.64212669173 0.00000000000 0.00000000000 0.00000000000 0.00000000000 0.00000000000 0.00000000000 0.25701873540
0.00725744664 0.01880641799 0.25632907253 130.61742603284 0.00000000000 0.00000000000 0.00000000000 0.00000000000 0.00000000000 0.00000000000 0.25701804369
0.00726318676 0.01881080783 0.25632806095 131.56889460914 0.00000000000 0.00000000000 0.00000000000 0.00000000000 0.00000000000 0.00000000000 0.25701735607
0.00726889304 0.01881516306 0.25632705590 132.55533490782 0.00000000000 0.00000000000 0.00000000000 0.00000000000 0.00000000000 0.00000000000 0.25701667251
0.00727456584 0.01881948407 0.25632605731 133.51775035077 0.00000000000 0.00000000000 0.00000000000 0.00000000000 0.00000000000 0.00000000000 0.25701599296
0.00728020553 0.01882377123 0.25632506511 134.36918839744 0.00000000000 0.00000000000 0.00000000000 0.00000000000 0.00000000000 0.00000000000 0.25701531738
0.00728581245 0.01882802495 0.25632407923 135.14761560753 0.00000000000 0.00000000000 0.00000000000 0.00000000000 0.00000000000 0.00000000000 0.25701464572
0.00729138699 0.01883224561 0.25632309959 135.83921951682 0.00000000000 0.00000000000 0.00000000000 0.00000000000 0.00000000000 0.00000000000 0.25701397794
0.00729692950 0.01883643362 0.25632212613 136.37827878633 0.00000000000 0.00000000000 0.00000000000 0.00000000000 0.00000000000 0.00000000000 0.25701331400
0.00730244036 0.01884058938 0.25632115877 136.87311087346 0.00000000000 0.00000000000 0.00000000000 0.00000000000 0.00000000000 0.00000000000 0.25701265385
0.00730791996 0.01884471333 0.25632019743 137.40521944203 0.00000000000 0.00000000000 0.00000000000 0.00000000000 0.00000000000 0.00000000000 0.25701199744
0.00731336870 0.01884880588 0.25631924204 137.89378565309 0.00000000000 0.00000000000 0.00000000000 0.00000000000 0.00000000000 0.00000000000 0.25701134474
0.00731878698 0.01885286746 0.25631829252 138.39573057633 0.00000000000 0.00000000000 0.00000000000 0.00000000000 0.00000000000 0.00000000000 0.25701069568
0.00732417521 0.01885689852 0.25631734879 138.89419267254 0.00000000000 0.00000000000 0.00000000000 0.00000000000 0.00000000000 0.00000000000 0.25701005021
0.00732953384 0.01886089949 0.25631641076 139.36073282910 0.00000000000 0.00000000000 0.00000000000 0.00000000000 0.00000000000 0.00000000000 0.25700940830
0.00733486329 0.01886487082 0.25631547836 139.87341225202 0.00000000000 0.00000000000 0.00000000000 0.00000000000 0.00000000000 0.00000000000 0.25700876988
0.00734016401 0.01886881296 0.25631455149 140.33202509094 0.00000000000 0.00000000000 0.00000000000 0.00000000000 0.00000000000 0.00000000000 0.25700813490
0.00734543644 0.01887272636 0.25631363007 140.82918699861 0.00000000000 0.00000000000 0.00000000000 0.00000000000 0.00000000000 0.00000000000 0.25700750332
0.00735068104 0.01887661145 0.25631271402 141.30289652912 0.00000000000 0.00000000000 0.00000000000 0.00000000000 0.00000000000 0.00000000000 0.25700687506
0.00735589825 0.01888046869 0.25631180325 141.76054965020 0.00000000000 0.00000000000 0.00000000000 0.00000000000 0.00000000000 0.00000000000 0.25700625009
0.00736108852 0.01888429851 0.25631089768 142.24995644988 0.00000000000 0.00000000000 0.00000000000 0.00000000000 0.00000000000 0.00000000000 0.25700562834
0.00736625229 0.01888810134 0.25630999722 142.68434024472 0.00000000000 0.00000000000 0.00000000000 0.00000000000 0.00000000000 0.00000000000 0.25700500977
0.00737138999 0.01889187761 0.25630910179 143.17224712487 0.00000000000 0.00000000000 0.00000000000 0.00000000000 0.00000000000 0.00000000000 0.25700439432
0.00737650206 0.01889562773 0.25630821131 143.62351533092 0.00000000000 0.00000000000 0.00000000000 0.00000000000 0.00000000000 0.00000000000 0.25700378194
0.00738158891 0.01889935212 0.25630732570 144.06920363810 0.00000000000 0.00000000000 0.00000000000 0.00000000000 0.00000000000 0.00000000000 0.25700317258
0.00738665096 0.01890305118 0.25630644488 144.53707205714 0.00000000000 0.00000000000 0.00000000000 0.00000000000 0.00000000000 0.00000000000 0.25700256619
0.00739168863 0.01890672529 0.25630556877 144.95200771675 0.00000000000 0.00000000000 0.00000000000 0.00000000000 0.00000000000 0.00000000000 0.25700196273
0.00739670231 0.01891037486 0.25630469731 145.42476208688 0.00000000000 0.00000000000 0.00000000000 0.00000000000 0.00000000000 0.00000000000 0.25700136213
0.00740169238 0.01891400026 0.25630383041 145.85736730668 0.00000000000 0.00000000000 0.00000000000 0.00000000000 0.00000000000 0.00000000000 0.25700076437
0.00740665924 0.01891760185 0.25630296800 146.29107929761 0.00000000000 0.00000000000 0.00000000000 0.00000000000 0.00000000000 0.00000000000 0.25700016938
0.00741160331 0.01892118003 0.25630211000 146.73972665535 0.00000000000 0.00000000000 0.00000000000 0.00000000000 0.00000000000 0.00000000000 0.25699957713
0.00741652505 0.01892473524 0.25630125633 147.12577836317 0.00000000000 0.00000000000 0.00000000000 0.00000000000 0.00000000000 0.00000000000 0.25699898755
0.00742142742 0.01892826965 0.25630040648 148.65817743649 0.00000000000 0.00000000000 0.00000000000 0.00000000000 0.00000000000 0.00000000000 0.25699840029
0.00742632642 0.01893179485 0.25629955766 147.96900730189 0.00000000000 0.00000000000 0.00000000000 0.00000000000 0.00000000000 0.00000000000 0.25699781344
0.00743124242 0.01893532548 0.25629870634 147.61057799938 0.00000000000 0.00000000000 0.00000000000 0.00000000000 0.00000000000 0.00000000000 0.25699722454
0.00743619733 0.01893887718 0.25629784875 148.90289646354 0.00000000000 0.00000000000 0.00000000000 0.00000000000 0.00000000000 0.00000000000 0.25699663099
0.00744121516 0.01894246694 0.25629698073 147.28117530766 0.00000000000 0.00000000000 0.00000000000 0.00000000000 0.00000000000 0.00000000000 0.25699602990
0.00744632165 0.01894611288 0.25629609786 150.79689249512 0.00000000000 0.00000000000 0.00000000000 0.00000000000 0.00000000000 0.00000000000 0.25699541819
0.00745155248 0.01894983991 0.25629519401 150.85798440163 0.00000000000 0.00000000000 0.00000000000 0.00000000000 0.00000000000 0.00000000000 0.25699479159
0.00745694619 0.01895367486 0.25629426255 149.49053211234 0.00000000000 0.00000000000 0.00000000000 0.00000000000 0.00000000000 0.00000000000 0.25699414547
0.00746251535 0.01895762596 0.25629330137 151.08327685562 0.00000000000 0.00000000000 0.00000000000 0.00000000000 0.00000000000 0.00000000000 0.25699347834
0.00746824580 0.01896168230 0.25629231296 151.95371467792 0.00000000000 0.00000000000 0.00000000000 0.00000000000 0.00000000000 0.00000000000 0.25699279188
0.00747411445 0.01896582678 0.25629130137 151.98285781450 0.00000000000 0.00000000000 0.00000000000 0.00000000000 0.00000000000 0.00000000000 0.25699208887
0.00748008585 0.01897003377 0.25629027273 152.05186841236 0.00000000000 0.00000000000 0.00000000000 0.00000000000 0.00000000000 0.00000000000 0.25699137355
0.00748611881 0.01897427386 0.25628923418 150.16102634868 0.00000000000 0.00000000000 0.00000000000 0.00000000000 0.00000000000 0.00000000000 0.25699065086
0.00749216567 0.01897851350 0.25628819393 151.43528374066 0.00000000000 0.00000000000 0.00000000000 0.00000000000 0.00000000000 0.00000000000 0.25698992650
0.00749819762 0.01898273246 0.25628715692 151.37674240925 0.00000000000 0.00000000000 0.00000000000 0.00000000000 0.00000000000 0.00000000000 0.25698920393
0.00750421285 0.01898692958 0.25628612347 151.29757770771 0.00000000000 0.00000000000 0.00000000000 0.00000000000 0.00000000000 0.00000000000 0.25698848336
0.00751021152 0.01899110507 0.25628509354 151.20244289153 0.00000000000 0.00000000000 0.00000000000 0.00000000000 0.00000000000 0.00000000000 0.25698776477
0.00751619381 0.01899525918 0.25628406709 151.08700736064 0.00000000000 0.00000000000 0.00000000000 0.00000000000 0.00000000000 0.00000000000 0.25698704815
0.00752215987 0.01899939213 0.25628304409 150.95482190875 0.00000000000 0.00000000000 0.00000000000 0.00000000000 0.00000000000 0.00000000000 0.25698633347
0.00752810988 0.01900350413 0.25628202450 150.80272903344 0.00000000000 0.00000000000 0.00000000000 0.00000000000 0.00000000000 0.00000000000 0.25698562071
0.00753404400 0.01900759543 0.25628100829 150.63313912094 0.00000000000 0.00000000000 0.00000000000 0.00000000000 0.00000000000 0.00000000000 0.25698490986
0.00753996238 0.01901166624 0.25627999542 150.44403098436 0.00000000000 0.00000000000 0.00000000000 0.00000000000 0.00000000000 0.00000000000 0.25698420089
0.00754586519 0.01901571678 0.25627898586 150.23665831969 0.00000000000 0.00000000000 0.00000000000 0.00000000000 0.00000000000 0.00000000000 0.25698349379
0.00755175260 0.01901974727 0.25627797957 150.01028390346 0.00000000000 0.00000000000 0.00000000000 0.00000000000 0.00000000000 0.00000000000 0.25698278853
0.00755762475 0.01902375792 0.25627697652 149.76500516043 0.00000000000 0.00000000000 0.00000000000 0.00000000000 0.00000000000 0.00000000000 0.25698208510
0.00756348181 0.01902774897 0.25627597668 149.50113500039 0.00000000000 0.00000000000 0.00000000000 0.00000000000 0.00000000000 0.00000000000 0.25698138348
0.00756932394 0.01903172061 0.25627498000 149.21759469710 0.00000000000 0.00000000000 0.00000000000 0.00000000000 0.00000000000 0.00000000000 0.25698068364
0.00757515128 0.01903567307 0.25627398647 148.91593087878 0.00000000000 0.00000000000 0.00000000000 0.00000000000 0.00000000000 0.00000000000 0.25697998558
0.00758096400 0.01903960656 0.25627299603 148.59388444828 0.00000000000 0.00000000000 0.00000000000 0.00000000000 0.00000000000 0.00000000000 0.25697928927
0.00758676226 0.01904352128 0.25627200867 148.25461225123 0.00000000000 0.00000000000 0.00000000000 0.00000000000 0.00000000000 0.00000000000 0.25697859469
0.00759254619 0.01904741746 0.25627102434 147.89457315606 0.00000000000 0.00000000000 0.00000000000 0.00000000000 0.00000000000 0.00000000000 0.25697790183
0.00759831596 0.01905129529 0.25627004302 147.51627342233 0.00000000000 0.00000000000 0.00000000000 0.00000000000 0.00000000000 0.00000000000 0.25697721066
0.00760407172 0.01905515498 0.25626906467 147.11541412570 0.00000000000 0.00000000000 0.00000000000 0.00000000000 0.00000000000 0.00000000000 0.25697652118
0.00760981361 0.01905899674 0.25626808925 146.69711736413 0.00000000000 0.00000000000 0.00000000000 0.00000000000 0.00000000000 0.00000000000 0.25697583335
0.00761554180 0.01906282077 0.25626711675 146.25511191690 0.00000000000 0.00000000000 0.00000000000 0.00000000000 0.00000000000 0.00000000000 0.25697514717
0.00762125644 0.01906662730 0.25626614711 145.92828818172 0.00000000000 0.00000000000 0.00000000000 0.00000000000 0.00000000000 0.00000000000 0.25697446260
0.00762695772 0.01907041654 0.25626518031 145.64707208898 0.00000000000 0.00000000000 0.00000000000 0.00000000000 0.00000000000 0.00000000000 0.25697377964
0.00763264588 0.01907418872 0.25626421629 146.65442738924 0.00000000000 0.00000000000 0.00000000000 0.00000000000 0.00000000000 0.00000000000 0.25697309825
0.00763832125 0.01907794410 0.25626325500 148.27313137316 0.00000000000 0.00000000000 0.00000000000 0.00000000000 0.00000000000 0.00000000000 0.25697241840
0.00764398428 0.01908168295 0.25626229637 150.80950154678 0.00000000000 0.00000000000 0.00000000000 0.00000000000 0.00000000000 0.00000000000 0.25697174002
0.00764963552 0.01908540556 0.25626134031 153.72688174680 0.00000000000 0.00000000000 0.00000000000 0.00000000000 0.00000000000 0.00000000000 0.25697106305
0.00765527557 0.01908911224 0.25626038673 156.58792105751 0.00000000000 0.00000000000 0.00000000000 0.00000000000 0.00000000000 0.00000000000 0.25697038742
0.00766090504 0.01909280329 0.25625943552 159.40655859360 0.00000000000 0.00000000000 0.00000000000 0.00000000000 0.00000000000 0.00000000000 0.25696971306
0.00766652454 0.01909647904 0.25625848660 162.17775416388 0.00000000000 0.00000000000 0.00000000000 0.00000000000 0.00000000000 0.00000000000 0.25696903990
0.00767213470 0.01910013979 0.25625753986 164.90761515572 0.00000000000 0.00000000000 0.00000000000 0.00000000000 0.00000000000 0.00000000000 0.25696836785
0.00767773612 0.01910378586 0.25625659522 167.57895199719 0.00000000000 0.00000000000 0.00000000000 0.00000000000 0.00000000000 0.00000000000 0.25696769685
0.00768332942 0.01910741756 0.25625565256 170.20279050483 0.00000000000 0.00000000000 0.00000000000 0.00000000000 0.00000000000 0.00000000000 0.25696702683
0.00768891519 0.01911103520 0.25625471181 172.76286067917 0.00000000000 0.00000000000 0.00000000000 0.00000000000 0.00000000000 0.00000000000 0.25696635770
0.00769449404 0.01911463909 0.25625377286 175.27126703827 0.00000000000 0.00000000000 0.00000000000 0.00000000000 0.00000000000 0.00000000000 0.25696568941
0.00770006657 0.01911822952 0.25625283562 177.71132285867 0.00000000000 0.00000000000 0.00000000000 0.00000000000 0.00000000000 0.00000000000 0.25696502187
0.00770563336 0.01912180682 0.25625190000 180.09587515831 0.00000000000 0.00000000000 0.00000000000 0.00000000000 0.00000000000 0.00000000000 0.25696435502
0.00771119500 0.01912537127 0.25625096591 182.40775488608 0.00000000000 0.00000000000 0.00000000000 0.00000000000 0.00000000000 0.00000000000 0.25696368879
0.00771675208 0.01912892318 0.25625003324 184.66052627988 0.00000000000 0.00000000000 0.00000000000 0.00000000000 0.00000000000 0.00000000000 0.25696302310
0.00772230518 0.01913246284 0.25624910192 186.83658555744 0.00000000000 0.00000000000 0.00000000000 0.00000000000 0.00000000000 0.00000000000 0.25696235789
0.00772785487 0.01913599055 0.25624817186 188.95029656006 0.00000000000 0.00000000000 0.00000000000 0.00000000000 0.00000000000 0.00000000000 0.25696169309
0.00773335853 0.01913947943 0.25624725017 176.52409408594 0.00000000000 0.00000000000 0.00000000000 0.00000000000 0.00000000000 0.00000000000 0.25696103380
0.00773853998 0.01914275560 0.25624638303 210.50629768234 0.00000000000 0.00000000000 0.00000000000 0.00000000000 0.00000000000 0.00000000000 0.25696041311
0.00774316943 0.01914567463 0.25624560883 252.89048299850 0.00000000000 0.00000000000 0.00000000000 0.00000000000 0.00000000000 0.00000000000 0.25695985854
0.00774764387 0.01914848764 0.25624486114 175.94978170076 0.00000000000 0.00000000000 0.00000000000 0.00000000000 0.00000000000 0.00000000000 0.25695932254
0.00775250556 0.01915153676 0.25624404925 180.79911031743 0.00000000000 0.00000000000 0.00000000000 0.00000000000 0.00000000000 0.00000000000 0.25695874014
0.00775806105 0.01915501241 0.25624312210 157.41509588385 0.00000000000 0.00000000000 0.00000000000 0.00000000000 0.00000000000 0.00000000000 0.25695807464
0.00776454848 0.01915906095 0.25624204013 122.06932346521 0.00000000000 0.00000000000 0.00000000000 0.00000000000 0.00000000000 0.00000000000 0.25695729751
0.00777220596 0.01916382876 0.25624076378 88.94735040707 0.00000000000 0.00000000000 0.00000000000 0.00000000000 0.00000000000 0.00000000000 0.25695638026
