VARIABLES=
"CoordinateX"
"CoordinateY"
"CoordinateZ"
"Kappa1"
"Kappa2"
"dy"
"dz"
"d2x"
"d2y"
"d2z"
"R"
ZONE T="Konrollpunkte"
I=101, J=1, K=1
0.07108916110 0.00491290236 0.25198938542 0.00000000000 0.00000000000 0.00000000000 0.00000000000 0.00000000000 0.00000000000 0.00000000000 0.00000000000
0.07108812028 0.00492008858 0.25198917312 0.00000000000 0.00000000000 0.00000000000 0.00000000000 0.00000000000 0.00000000000 0.00000000000 0.00000000000
0.07108619211 0.00493101871 0.25198882594 0.00000000000 0.00000000000 0.00000000000 0.00000000000 0.00000000000 0.00000000000 0.00000000000 0.00000000000
0.07108312536 0.00494573839 0.25198832507 0.00000000000 0.00000000000 0.00000000000 0.00000000000 0.00000000000 0.00000000000 0.00000000000 0.00000000000
0.07108050927 0.00495703641 0.25198792189 0.00000000000 0.00000000000 0.00000000000 0.00000000000 0.00000000000 0.00000000000 0.00000000000 0.00000000000
0.07107757611 0.00496847431 0.25198749349 0.00000000000 0.00000000000 0.00000000000 0.00000000000 0.00000000000 0.00000000000 0.00000000000 0.00000000000
0.07107433808 0.00497995601 0.25198704258 0.00000000000 0.00000000000 0.00000000000 0.00000000000 0.00000000000 0.00000000000 0.00000000000 0.00000000000
0.07107081343 0.00499139762 0.25198657210 0.00000000000 0.00000000000 0.00000000000 0.00000000000 0.00000000000 0.00000000000 0.00000000000 0.00000000000
0.07106702496 0.00500272309 0.25198608512 0.00000000000 0.00000000000 0.00000000000 0.00000000000 0.00000000000 0.00000000000 0.00000000000 0.00000000000
0.07106298763 0.00501389971 0.25198558337 0.00000000000 0.00000000000 0.00000000000 0.00000000000 0.00000000000 0.00000000000 0.00000000000 0.00000000000
0.07105870513 0.00502492920 0.25198506707 0.00000000000 0.00000000000 0.00000000000 0.00000000000 0.00000000000 0.00000000000 0.00000000000 0.00000000000
0.07105417551 0.00503582450 0.25198453586 0.00000000000 0.00000000000 0.00000000000 0.00000000000 0.00000000000 0.00000000000 0.00000000000 0.00000000000
0.07104939814 0.00504659162 0.25198398958 0.00000000000 0.00000000000 0.00000000000 0.00000000000 0.00000000000 0.00000000000 0.00000000000 0.00000000000
0.07104437544 0.00505722822 0.25198342848 0.00000000000 0.00000000000 0.00000000000 0.00000000000 0.00000000000 0.00000000000 0.00000000000 0.00000000000
0.07103911049 0.00506773032 0.25198285284 0.00000000000 0.00000000000 0.00000000000 0.00000000000 0.00000000000 0.00000000000 0.00000000000 0.00000000000
0.07103360523 0.00507809597 0.25198226288 0.00000000000 0.00000000000 0.00000000000 0.00000000000 0.00000000000 0.00000000000 0.00000000000 0.00000000000
0.07102786068 0.00508832443 0.25198165869 0.00000000000 0.00000000000 0.00000000000 0.00000000000 0.00000000000 0.00000000000 0.00000000000 0.00000000000
0.07102187787 0.00509841439 0.25198104038 0.00000000000 0.00000000000 0.00000000000 0.00000000000 0.00000000000 0.00000000000 0.00000000000 0.00000000000
0.07101565848 0.00510836274 0.25198040816 0.00000000000 0.00000000000 0.00000000000 0.00000000000 0.00000000000 0.00000000000 0.00000000000 0.00000000000
0.07100920529 0.00511816465 0.25197976232 0.00000000000 0.00000000000 0.00000000000 0.00000000000 0.00000000000 0.00000000000 0.00000000000 0.00000000000
0.07100252182 0.00512781410 0.25197910325 0.00000000000 0.00000000000 0.00000000000 0.00000000000 0.00000000000 0.00000000000 0.00000000000 0.00000000000
0.07099561230 0.00513730490 0.25197843139 0.00000000000 0.00000000000 0.00000000000 0.00000000000 0.00000000000 0.00000000000 0.00000000000 0.00000000000
0.07098848098 0.00514663094 0.25197774718 0.00000000000 0.00000000000 0.00000000000 0.00000000000 0.00000000000 0.00000000000 0.00000000000 0.00000000000
0.07098113220 0.00515578656 0.25197705105 0.00000000000 0.00000000000 0.00000000000 0.00000000000 0.00000000000 0.00000000000 0.00000000000 0.00000000000
0.07097357011 0.00516476631 0.25197634341 0.00000000000 0.00000000000 0.00000000000 0.00000000000 0.00000000000 0.00000000000 0.00000000000 0.00000000000
0.07096579908 0.00517356516 0.25197562470 0.00000000000 0.00000000000 0.00000000000 0.00000000000 0.00000000000 0.00000000000 0.00000000000 0.00000000000
0.07095782342 0.00518217816 0.25197489533 0.00000000000 0.00000000000 0.00000000000 0.00000000000 0.00000000000 0.00000000000 0.00000000000 0.00000000000
0.07094964762 0.00519060056 0.25197415573 0.00000000000 0.00000000000 0.00000000000 0.00000000000 0.00000000000 0.00000000000 0.00000000000 0.00000000000
0.07094127615 0.00519882766 0.25197340633 0.00000000000 0.00000000000 0.00000000000 0.00000000000 0.00000000000 0.00000000000 0.00000000000 0.00000000000
0.07093271366 0.00520685487 0.25197264755 0.00000000000 0.00000000000 0.00000000000 0.00000000000 0.00000000000 0.00000000000 0.00000000000 0.00000000000
0.07092396493 0.00521467777 0.25197187985 0.00000000000 0.00000000000 0.00000000000 0.00000000000 0.00000000000 0.00000000000 0.00000000000 0.00000000000
0.07091503480 0.00522229202 0.25197110367 0.00000000000 0.00000000000 0.00000000000 0.00000000000 0.00000000000 0.00000000000 0.00000000000 0.00000000000
0.07090592823 0.00522969341 0.25197031945 0.00000000000 0.00000000000 0.00000000000 0.00000000000 0.00000000000 0.00000000000 0.00000000000 0.00000000000
0.07089665025 0.00523687780 0.25196952766 0.00000000000 0.00000000000 0.00000000000 0.00000000000 0.00000000000 0.00000000000 0.00000000000 0.00000000000
0.07088720603 0.00524384123 0.25196872874 0.00000000000 0.00000000000 0.00000000000 0.00000000000 0.00000000000 0.00000000000 0.00000000000 0.00000000000
0.07087760079 0.00525057982 0.25196792316 0.00000000000 0.00000000000 0.00000000000 0.00000000000 0.00000000000 0.00000000000 0.00000000000 0.00000000000
0.07086783986 0.00525708984 0.25196711139 0.00000000000 0.00000000000 0.00000000000 0.00000000000 0.00000000000 0.00000000000 0.00000000000 0.00000000000
0.07085792868 0.00526336771 0.25196629389 0.00000000000 0.00000000000 0.00000000000 0.00000000000 0.00000000000 0.00000000000 0.00000000000 0.00000000000
0.07084787272 0.00526940990 0.25196547114 0.00000000000 0.00000000000 0.00000000000 0.00000000000 0.00000000000 0.00000000000 0.00000000000 0.00000000000
0.07083767757 0.00527521311 0.25196464361 0.00000000000 0.00000000000 0.00000000000 0.00000000000 0.00000000000 0.00000000000 0.00000000000 0.00000000000
0.07082734885 0.00528077402 0.25196381176 0.00000000000 0.00000000000 0.00000000000 0.00000000000 0.00000000000 0.00000000000 0.00000000000 0.00000000000
0.07081689235 0.00528608968 0.25196297609 0.00000000000 0.00000000000 0.00000000000 0.00000000000 0.00000000000 0.00000000000 0.00000000000 0.00000000000
0.07080631383 0.00529115706 0.25196213707 0.00000000000 0.00000000000 0.00000000000 0.00000000000 0.00000000000 0.00000000000 0.00000000000 0.00000000000
0.07079561918 0.00529597341 0.25196129519 0.00000000000 0.00000000000 0.00000000000 0.00000000000 0.00000000000 0.00000000000 0.00000000000 0.00000000000
0.07078481429 0.00530053595 0.25196045091 0.00000000000 0.00000000000 0.00000000000 0.00000000000 0.00000000000 0.00000000000 0.00000000000 0.00000000000
0.07077390520 0.00530484223 0.25195960473 0.00000000000 0.00000000000 0.00000000000 0.00000000000 0.00000000000 0.00000000000 0.00000000000 0.00000000000
0.07076289793 0.00530888986 0.25195875712 0.00000000000 0.00000000000 0.00000000000 0.00000000000 0.00000000000 0.00000000000 0.00000000000 0.00000000000
0.07075179862 0.00531267663 0.25195790858 0.00000000000 0.00000000000 0.00000000000 0.00000000000 0.00000000000 0.00000000000 0.00000000000 0.00000000000
0.07074061340 0.00531620035 0.25195705957 0.00000000000 0.00000000000 0.00000000000 0.00000000000 0.00000000000 0.00000000000 0.00000000000 0.00000000000
0.07072934846 0.00531945908 0.25195621060 0.00000000000 0.00000000000 0.00000000000 0.00000000000 0.00000000000 0.00000000000 0.00000000000 0.00000000000
0.07071801008 0.00532245106 0.25195536212 0.00000000000 0.00000000000 0.00000000000 0.00000000000 0.00000000000 0.00000000000 0.00000000000 0.00000000000
0.07070660453 0.00532517465 0.25195451464 0.00000000000 0.00000000000 0.00000000000 0.00000000000 0.00000000000 0.00000000000 0.00000000000 0.00000000000
0.07069513816 0.00532762830 0.25195366861 0.00000000000 0.00000000000 0.00000000000 0.00000000000 0.00000000000 0.00000000000 0.00000000000 0.00000000000
0.07068361729 0.00532981062 0.25195282453 0.00000000000 0.00000000000 0.00000000000 0.00000000000 0.00000000000 0.00000000000 0.00000000000 0.00000000000
0.07067204834 0.00533172041 0.25195198287 0.00000000000 0.00000000000 0.00000000000 0.00000000000 0.00000000000 0.00000000000 0.00000000000 0.00000000000
0.07066043772 0.00533335667 0.25195114410 0.00000000000 0.00000000000 0.00000000000 0.00000000000 0.00000000000 0.00000000000 0.00000000000 0.00000000000
0.07064879188 0.00533471846 0.25195030868 0.00000000000 0.00000000000 0.00000000000 0.00000000000 0.00000000000 0.00000000000 0.00000000000 0.00000000000
0.07063711726 0.00533580502 0.25194947710 0.00000000000 0.00000000000 0.00000000000 0.00000000000 0.00000000000 0.00000000000 0.00000000000 0.00000000000
0.07062542034 0.00533661570 0.25194864981 0.00000000000 0.00000000000 0.00000000000 0.00000000000 0.00000000000 0.00000000000 0.00000000000 0.00000000000
0.07061370762 0.00533715014 0.25194782728 0.00000000000 0.00000000000 0.00000000000 0.00000000000 0.00000000000 0.00000000000 0.00000000000 0.00000000000
0.07060198559 0.00533740797 0.25194700996 0.00000000000 0.00000000000 0.00000000000 0.00000000000 0.00000000000 0.00000000000 0.00000000000 0.00000000000
0.07059026075 0.00533738913 0.25194619830 0.00000000000 0.00000000000 0.00000000000 0.00000000000 0.00000000000 0.00000000000 0.00000000000 0.00000000000
0.07057853961 0.00533709352 0.25194539277 0.00000000000 0.00000000000 0.00000000000 0.00000000000 0.00000000000 0.00000000000 0.00000000000 0.00000000000
0.07056682866 0.00533652141 0.25194459380 0.00000000000 0.00000000000 0.00000000000 0.00000000000 0.00000000000 0.00000000000 0.00000000000 0.00000000000
0.07055513441 0.00533567301 0.25194380183 0.00000000000 0.00000000000 0.00000000000 0.00000000000 0.00000000000 0.00000000000 0.00000000000 0.00000000000
0.07054346333 0.00533454890 0.25194301730 0.00000000000 0.00000000000 0.00000000000 0.00000000000 0.00000000000 0.00000000000 0.00000000000 0.00000000000
0.07053182191 0.00533314963 0.25194224065 0.00000000000 0.00000000000 0.00000000000 0.00000000000 0.00000000000 0.00000000000 0.00000000000 0.00000000000
0.07052021659 0.00533147603 0.25194147230 0.00000000000 0.00000000000 0.00000000000 0.00000000000 0.00000000000 0.00000000000 0.00000000000 0.00000000000
0.07050865383 0.00532952896 0.25194071267 0.00000000000 0.00000000000 0.00000000000 0.00000000000 0.00000000000 0.00000000000 0.00000000000 0.00000000000
0.07049714003 0.00532730953 0.25193996217 0.00000000000 0.00000000000 0.00000000000 0.00000000000 0.00000000000 0.00000000000 0.00000000000 0.00000000000
0.07048568157 0.00532481899 0.25193922122 0.00000000000 0.00000000000 0.00000000000 0.00000000000 0.00000000000 0.00000000000 0.00000000000 0.00000000000
0.07047428481 0.00532205873 0.25193849021 0.00000000000 0.00000000000 0.00000000000 0.00000000000 0.00000000000 0.00000000000 0.00000000000 0.00000000000
0.07046295607 0.00531903027 0.25193776955 0.00000000000 0.00000000000 0.00000000000 0.00000000000 0.00000000000 0.00000000000 0.00000000000 0.00000000000
0.07045170165 0.00531573523 0.25193705963 0.00000000000 0.00000000000 0.00000000000 0.00000000000 0.00000000000 0.00000000000 0.00000000000 0.00000000000
0.07044052778 0.00531217549 0.25193636082 0.00000000000 0.00000000000 0.00000000000 0.00000000000 0.00000000000 0.00000000000 0.00000000000 0.00000000000
0.07042944065 0.00530835305 0.25193567350 0.00000000000 0.00000000000 0.00000000000 0.00000000000 0.00000000000 0.00000000000 0.00000000000 0.00000000000
0.07041844641 0.00530427002 0.25193499805 0.00000000000 0.00000000000 0.00000000000 0.00000000000 0.00000000000 0.00000000000 0.00000000000 0.00000000000
0.07040755118 0.00529992862 0.25193433482 0.00000000000 0.00000000000 0.00000000000 0.00000000000 0.00000000000 0.00000000000 0.00000000000 0.00000000000
0.07039676101 0.00529533124 0.25193368418 0.00000000000 0.00000000000 0.00000000000 0.00000000000 0.00000000000 0.00000000000 0.00000000000 0.00000000000
0.07038608184 0.00529048052 0.25193304646 0.00000000000 0.00000000000 0.00000000000 0.00000000000 0.00000000000 0.00000000000 0.00000000000 0.00000000000
0.07037551961 0.00528537910 0.25193242201 0.00000000000 0.00000000000 0.00000000000 0.00000000000 0.00000000000 0.00000000000 0.00000000000 0.00000000000
0.07036508017 0.00528002984 0.25193181115 0.00000000000 0.00000000000 0.00000000000 0.00000000000 0.00000000000 0.00000000000 0.00000000000 0.00000000000
0.07035476931 0.00527443557 0.25193121422 0.00000000000 0.00000000000 0.00000000000 0.00000000000 0.00000000000 0.00000000000 0.00000000000 0.00000000000
0.07034459258 0.00526859944 0.25193063151 0.00000000000 0.00000000000 0.00000000000 0.00000000000 0.00000000000 0.00000000000 0.00000000000 0.00000000000
0.07033455533 0.00526252443 0.25193006331 0.00000000000 0.00000000000 0.00000000000 0.00000000000 0.00000000000 0.00000000000 0.00000000000 0.00000000000
0.07032466238 0.00525621322 0.25192950989 0.00000000000 0.00000000000 0.00000000000 0.00000000000 0.00000000000 0.00000000000 0.00000000000 0.00000000000
0.07031491786 0.00524966853 0.25192897146 0.00000000000 0.00000000000 0.00000000000 0.00000000000 0.00000000000 0.00000000000 0.00000000000 0.00000000000
0.07030532552 0.00524289220 0.25192844822 0.00000000000 0.00000000000 0.00000000000 0.00000000000 0.00000000000 0.00000000000 0.00000000000 0.00000000000
0.07029588856 0.00523588624 0.25192794034 0.00000000000 0.00000000000 0.00000000000 0.00000000000 0.00000000000 0.00000000000 0.00000000000 0.00000000000
0.07028661047 0.00522865738 0.25192744788 0.00000000000 0.00000000000 0.00000000000 0.00000000000 0.00000000000 0.00000000000 0.00000000000 0.00000000000
0.07027749503 0.00522121672 0.25192697088 0.00000000000 0.00000000000 0.00000000000 0.00000000000 0.00000000000 0.00000000000 0.00000000000 0.00000000000
0.07026855177 0.00521357575 0.25192650973 0.00000000000 0.00000000000 0.00000000000 0.00000000000 0.00000000000 0.00000000000 0.00000000000 0.00000000000
0.07025979886 0.00520574497 0.25192606545 0.00000000000 0.00000000000 0.00000000000 0.00000000000 0.00000000000 0.00000000000 0.00000000000 0.00000000000
0.07025125923 0.00519772617 0.25192563958 0.00000000000 0.00000000000 0.00000000000 0.00000000000 0.00000000000 0.00000000000 0.00000000000 0.00000000000
0.07024296064 0.00518950555 0.25192523431 0.00000000000 0.00000000000 0.00000000000 0.00000000000 0.00000000000 0.00000000000 0.00000000000 0.00000000000
0.07023492554 0.00518107348 0.25192485136 0.00000000000 0.00000000000 0.00000000000 0.00000000000 0.00000000000 0.00000000000 0.00000000000 0.00000000000
0.07022714954 0.00517244958 0.25192449002 0.00000000000 0.00000000000 0.00000000000 0.00000000000 0.00000000000 0.00000000000 0.00000000000 0.00000000000
0.07021961758 0.00516369218 0.25192414802 0.00000000000 0.00000000000 0.00000000000 0.00000000000 0.00000000000 0.00000000000 0.00000000000 0.00000000000
0.07020994470 0.00515198706 0.25192373970 0.00000000000 0.00000000000 0.00000000000 0.00000000000 0.00000000000 0.00000000000 0.00000000000 0.00000000000
0.07020314619 0.00514313462 0.25192348635 0.00000000000 0.00000000000 0.00000000000 0.00000000000 0.00000000000 0.00000000000 0.00000000000 0.00000000000
0.07019871877 0.00513709246 0.25192332684 0.00000000000 0.00000000000 0.00000000000 0.00000000000 0.00000000000 0.00000000000 0.00000000000 0.00000000000
ZONE T="NURB"
I=201, J=1, K=1
0.07108916110 0.00491290236 0.25198938542 2875.64532598470 0.00000000000 0.00000000000 0.00000000000 0.00000000000 0.00000000000 0.00000000000 0.25203727298
0.07108831787 0.00491842277 0.25198921926 2582.13785949922 0.00000000000 0.00000000000 0.00000000000 0.00000000000 0.00000000000 0.00000000000 0.25203721452
0.07108738816 0.00492397065 0.25198904647 2307.93263649688 0.00000000000 0.00000000000 0.00000000000 0.00000000000 0.00000000000 0.00000000000 0.25203715010
0.07108637994 0.00492954127 0.25198886771 2050.64938263510 0.00000000000 0.00000000000 0.00000000000 0.00000000000 0.00000000000 0.00000000000 0.25203708026
0.07108530118 0.00493512990 0.25198868361 1834.35948772785 0.00000000000 0.00000000000 0.00000000000 0.00000000000 0.00000000000 0.00000000000 0.25203700556
0.07108415677 0.00494073614 0.25198849451 1898.73731565943 0.00000000000 0.00000000000 0.00000000000 0.00000000000 0.00000000000 0.00000000000 0.25203692634
0.07108294202 0.00494637319 0.25198829982 1937.80424477234 0.00000000000 0.00000000000 0.00000000000 0.00000000000 0.00000000000 0.00000000000 0.25203684225
0.07108165170 0.00495205094 0.25198809895 1970.57746320198 0.00000000000 0.00000000000 0.00000000000 0.00000000000 0.00000000000 0.00000000000 0.25203675292
0.07108028437 0.00495776227 0.25198789195 2006.26885207085 0.00000000000 0.00000000000 0.00000000000 0.00000000000 0.00000000000 0.00000000000 0.25203665824
0.07107883978 0.00496349709 0.25198767900 2002.86387661325 0.00000000000 0.00000000000 0.00000000000 0.00000000000 0.00000000000 0.00000000000 0.25203655821
0.07107731898 0.00496924539 0.25198746039 2008.06393628405 0.00000000000 0.00000000000 0.00000000000 0.00000000000 0.00000000000 0.00000000000 0.25203645290
0.07107572348 0.00497499731 0.25198723639 2001.34059397353 0.00000000000 0.00000000000 0.00000000000 0.00000000000 0.00000000000 0.00000000000 0.25203634242
0.07107405540 0.00498074318 0.25198700736 2003.87882339403 0.00000000000 0.00000000000 0.00000000000 0.00000000000 0.00000000000 0.00000000000 0.25203622692
0.07107231713 0.00498647346 0.25198677364 1999.77425657021 0.00000000000 0.00000000000 0.00000000000 0.00000000000 0.00000000000 0.00000000000 0.25203610656
0.07107051156 0.00499217882 0.25198653563 2005.02330089067 0.00000000000 0.00000000000 0.00000000000 0.00000000000 0.00000000000 0.00000000000 0.25203598153
0.07106864137 0.00499785132 0.25198629366 2000.90767116413 0.00000000000 0.00000000000 0.00000000000 0.00000000000 0.00000000000 0.00000000000 0.25203585203
0.07106670858 0.00500348661 0.25198604797 2001.23879714486 0.00000000000 0.00000000000 0.00000000000 0.00000000000 0.00000000000 0.00000000000 0.25203571820
0.07106471469 0.00500908209 0.25198579871 2001.23818472281 0.00000000000 0.00000000000 0.00000000000 0.00000000000 0.00000000000 0.00000000000 0.25203558014
0.07106266022 0.00501463809 0.25198554592 2000.34916833363 0.00000000000 0.00000000000 0.00000000000 0.00000000000 0.00000000000 0.00000000000 0.25203543788
0.07106054533 0.00502015581 0.25198528958 2002.07074741731 0.00000000000 0.00000000000 0.00000000000 0.00000000000 0.00000000000 0.00000000000 0.25203529144
0.07105836965 0.00502563737 0.25198502964 2000.71772096328 0.00000000000 0.00000000000 0.00000000000 0.00000000000 0.00000000000 0.00000000000 0.25203514079
0.07105613278 0.00503108480 0.25198476601 2001.96000472109 0.00000000000 0.00000000000 0.00000000000 0.00000000000 0.00000000000 0.00000000000 0.25203498590
0.07105383442 0.00503649947 0.25198449867 2001.03444570658 0.00000000000 0.00000000000 0.00000000000 0.00000000000 0.00000000000 0.00000000000 0.25203482675
0.07105147439 0.00504188233 0.25198422758 2001.29956557638 0.00000000000 0.00000000000 0.00000000000 0.00000000000 0.00000000000 0.00000000000 0.25203466334
0.07104905282 0.00504723348 0.25198395274 2000.97093747844 0.00000000000 0.00000000000 0.00000000000 0.00000000000 0.00000000000 0.00000000000 0.25203449566
0.07104656991 0.00505255276 0.25198367418 2000.94661317577 0.00000000000 0.00000000000 0.00000000000 0.00000000000 0.00000000000 0.00000000000 0.25203432374
0.07104402598 0.00505783977 0.25198339193 2000.90655136211 0.00000000000 0.00000000000 0.00000000000 0.00000000000 0.00000000000 0.00000000000 0.25203414759
0.07104142135 0.00506309405 0.25198310602 2000.98073640505 0.00000000000 0.00000000000 0.00000000000 0.00000000000 0.00000000000 0.00000000000 0.25203396723
0.07103875628 0.00506831525 0.25198281648 2000.88735673042 0.00000000000 0.00000000000 0.00000000000 0.00000000000 0.00000000000 0.00000000000 0.25203378269
0.07103603102 0.00507350307 0.25198252333 2001.08067450927 0.00000000000 0.00000000000 0.00000000000 0.00000000000 0.00000000000 0.00000000000 0.25203359399
0.07103324574 0.00507865726 0.25198222660 2000.86539974438 0.00000000000 0.00000000000 0.00000000000 0.00000000000 0.00000000000 0.00000000000 0.25203340113
0.07103040062 0.00508377760 0.25198192631 2000.62615571304 0.00000000000 0.00000000000 0.00000000000 0.00000000000 0.00000000000 0.00000000000 0.25203320412
0.07102749582 0.00508886385 0.25198162246 2000.11752899567 0.00000000000 0.00000000000 0.00000000000 0.00000000000 0.00000000000 0.00000000000 0.25203300298
0.07102453153 0.00509391569 0.25198131509 2000.40080587578 0.00000000000 0.00000000000 0.00000000000 0.00000000000 0.00000000000 0.00000000000 0.25203279773
0.07102150798 0.00509893270 0.25198100421 2000.50659110030 0.00000000000 0.00000000000 0.00000000000 0.00000000000 0.00000000000 0.00000000000 0.25203258836
0.07101842544 0.00510391439 0.25198068987 2000.31962720960 0.00000000000 0.00000000000 0.00000000000 0.00000000000 0.00000000000 0.00000000000 0.25203237492
0.07101528424 0.00510886016 0.25198037209 2000.30016032645 0.00000000000 0.00000000000 0.00000000000 0.00000000000 0.00000000000 0.00000000000 0.25203215741
0.07101208477 0.00511376934 0.25198005092 2000.58739448723 0.00000000000 0.00000000000 0.00000000000 0.00000000000 0.00000000000 0.00000000000 0.25203193587
0.07100882747 0.00511864119 0.25197972641 2001.05857725577 0.00000000000 0.00000000000 0.00000000000 0.00000000000 0.00000000000 0.00000000000 0.25203171032
0.07100551280 0.00512347495 0.25197939860 2000.28484042523 0.00000000000 0.00000000000 0.00000000000 0.00000000000 0.00000000000 0.00000000000 0.25203148080
0.07100214128 0.00512826984 0.25197906756 1999.95166990759 0.00000000000 0.00000000000 0.00000000000 0.00000000000 0.00000000000 0.00000000000 0.25203124735
0.07099871344 0.00513302510 0.25197873333 1999.96969406749 0.00000000000 0.00000000000 0.00000000000 0.00000000000 0.00000000000 0.00000000000 0.25203100999
0.07099522980 0.00513773995 0.25197839597 2000.29642891126 0.00000000000 0.00000000000 0.00000000000 0.00000000000 0.00000000000 0.00000000000 0.25203076877
0.07099169090 0.00514241365 0.25197805554 1999.84115956413 0.00000000000 0.00000000000 0.00000000000 0.00000000000 0.00000000000 0.00000000000 0.25203052373
0.07098809729 0.00514704549 0.25197771208 1999.77605505245 0.00000000000 0.00000000000 0.00000000000 0.00000000000 0.00000000000 0.00000000000 0.25203027490
0.07098444948 0.00515163477 0.25197736566 2000.10364908824 0.00000000000 0.00000000000 0.00000000000 0.00000000000 0.00000000000 0.00000000000 0.25203002231
0.07098074801 0.00515618080 0.25197701632 2000.62994111990 0.00000000000 0.00000000000 0.00000000000 0.00000000000 0.00000000000 0.00000000000 0.25202976601
0.07097699341 0.00516068292 0.25197666412 2000.14720172800 0.00000000000 0.00000000000 0.00000000000 0.00000000000 0.00000000000 0.00000000000 0.25202950602
0.07097318619 0.00516514049 0.25197630910 1999.95041361684 0.00000000000 0.00000000000 0.00000000000 0.00000000000 0.00000000000 0.00000000000 0.25202924240
0.07096932692 0.00516955290 0.25197595133 1999.86536673896 0.00000000000 0.00000000000 0.00000000000 0.00000000000 0.00000000000 0.00000000000 0.25202897517
0.07096541613 0.00517391951 0.25197559085 2000.00091463474 0.00000000000 0.00000000000 0.00000000000 0.00000000000 0.00000000000 0.00000000000 0.25202870437
0.07096145436 0.00517823973 0.25197522772 1999.72666269764 0.00000000000 0.00000000000 0.00000000000 0.00000000000 0.00000000000 0.00000000000 0.25202843005
0.07095744216 0.00518251296 0.25197486199 1999.71504764119 0.00000000000 0.00000000000 0.00000000000 0.00000000000 0.00000000000 0.00000000000 0.25202815223
0.07095338010 0.00518673861 0.25197449371 1999.78624707696 0.00000000000 0.00000000000 0.00000000000 0.00000000000 0.00000000000 0.00000000000 0.25202787096
0.07094926873 0.00519091608 0.25197412294 2000.07618092909 0.00000000000 0.00000000000 0.00000000000 0.00000000000 0.00000000000 0.00000000000 0.25202758627
0.07094510861 0.00519504481 0.25197374973 1999.97771463605 0.00000000000 0.00000000000 0.00000000000 0.00000000000 0.00000000000 0.00000000000 0.25202729821
0.07094090033 0.00519912420 0.25197337413 2000.10310125172 0.00000000000 0.00000000000 0.00000000000 0.00000000000 0.00000000000 0.00000000000 0.25202700682
0.07093664446 0.00520315371 0.25197299621 1999.88264830106 0.00000000000 0.00000000000 0.00000000000 0.00000000000 0.00000000000 0.00000000000 0.25202671213
0.07093234159 0.00520713277 0.25197261600 1999.90641194554 0.00000000000 0.00000000000 0.00000000000 0.00000000000 0.00000000000 0.00000000000 0.25202641418
0.07092799233 0.00521106084 0.25197223357 1999.79929039860 0.00000000000 0.00000000000 0.00000000000 0.00000000000 0.00000000000 0.00000000000 0.25202611302
0.07092359726 0.00521493737 0.25197184898 1999.92557133030 0.00000000000 0.00000000000 0.00000000000 0.00000000000 0.00000000000 0.00000000000 0.25202580869
0.07091915701 0.00521876183 0.25197146227 1999.77907018672 0.00000000000 0.00000000000 0.00000000000 0.00000000000 0.00000000000 0.00000000000 0.25202550124
0.07091467219 0.00522253369 0.25197107351 1999.88011976670 0.00000000000 0.00000000000 0.00000000000 0.00000000000 0.00000000000 0.00000000000 0.25202519069
0.07091014341 0.00522625243 0.25197068275 1999.86526286402 0.00000000000 0.00000000000 0.00000000000 0.00000000000 0.00000000000 0.00000000000 0.25202487710
0.07090557130 0.00522991753 0.25197029004 2000.08217819519 0.00000000000 0.00000000000 0.00000000000 0.00000000000 0.00000000000 0.00000000000 0.25202456051
0.07090095650 0.00523352848 0.25196989546 1999.96333601888 0.00000000000 0.00000000000 0.00000000000 0.00000000000 0.00000000000 0.00000000000 0.25202424097
0.07089629963 0.00523708478 0.25196949904 2000.08536776457 0.00000000000 0.00000000000 0.00000000000 0.00000000000 0.00000000000 0.00000000000 0.25202391851
0.07089160135 0.00524058595 0.25196910085 1999.97116087068 0.00000000000 0.00000000000 0.00000000000 0.00000000000 0.00000000000 0.00000000000 0.25202359319
0.07088686231 0.00524403149 0.25196870094 2000.10447055668 0.00000000000 0.00000000000 0.00000000000 0.00000000000 0.00000000000 0.00000000000 0.25202326504
0.07088208316 0.00524742094 0.25196829938 2000.07241318594 0.00000000000 0.00000000000 0.00000000000 0.00000000000 0.00000000000 0.00000000000 0.25202293411
0.07087726456 0.00525075382 0.25196789622 2000.26767887858 0.00000000000 0.00000000000 0.00000000000 0.00000000000 0.00000000000 0.00000000000 0.25202260046
0.07087240718 0.00525402967 0.25196749152 1999.98815411865 0.00000000000 0.00000000000 0.00000000000 0.00000000000 0.00000000000 0.00000000000 0.25202226412
0.07086751169 0.00525724804 0.25196708533 1999.97866049150 0.00000000000 0.00000000000 0.00000000000 0.00000000000 0.00000000000 0.00000000000 0.25202192514
0.07086257878 0.00526040849 0.25196667773 2000.10990870371 0.00000000000 0.00000000000 0.00000000000 0.00000000000 0.00000000000 0.00000000000 0.25202158356
0.07085760911 0.00526351057 0.25196626875 2000.46342490309 0.00000000000 0.00000000000 0.00000000000 0.00000000000 0.00000000000 0.00000000000 0.25202123945
0.07085260339 0.00526655387 0.25196585847 2000.19703376161 0.00000000000 0.00000000000 0.00000000000 0.00000000000 0.00000000000 0.00000000000 0.25202089283
0.07084756229 0.00526953795 0.25196544694 2000.20967395991 0.00000000000 0.00000000000 0.00000000000 0.00000000000 0.00000000000 0.00000000000 0.25202054377
0.07084248652 0.00527246241 0.25196503422 2000.50049663876 0.00000000000 0.00000000000 0.00000000000 0.00000000000 0.00000000000 0.00000000000 0.25202019231
0.07083737679 0.00527532683 0.25196462037 2000.99423098119 0.00000000000 0.00000000000 0.00000000000 0.00000000000 0.00000000000 0.00000000000 0.25201983849
0.07083223378 0.00527813081 0.25196420545 2000.44254146619 0.00000000000 0.00000000000 0.00000000000 0.00000000000 0.00000000000 0.00000000000 0.25201948237
0.07082705822 0.00528087398 0.25196378952 2000.18098153217 0.00000000000 0.00000000000 0.00000000000 0.00000000000 0.00000000000 0.00000000000 0.25201912400
0.07082185083 0.00528355596 0.25196337264 2000.40254900357 0.00000000000 0.00000000000 0.00000000000 0.00000000000 0.00000000000 0.00000000000 0.25201876342
0.07081661233 0.00528617639 0.25196295486 2000.84825896041 0.00000000000 0.00000000000 0.00000000000 0.00000000000 0.00000000000 0.00000000000 0.25201840069
0.07081134343 0.00528873488 0.25196253626 2000.52196307147 0.00000000000 0.00000000000 0.00000000000 0.00000000000 0.00000000000 0.00000000000 0.25201803585
0.07080604488 0.00529123110 0.25196211688 2000.48362338122 0.00000000000 0.00000000000 0.00000000000 0.00000000000 0.00000000000 0.00000000000 0.25201766896
0.07080071740 0.00529366470 0.25196169678 2000.91289580581 0.00000000000 0.00000000000 0.00000000000 0.00000000000 0.00000000000 0.00000000000 0.25201730007
0.07079536173 0.00529603533 0.25196127604 2001.55771305182 0.00000000000 0.00000000000 0.00000000000 0.00000000000 0.00000000000 0.00000000000 0.25201692922
0.07078997860 0.00529834266 0.25196085470 2001.11992949172 0.00000000000 0.00000000000 0.00000000000 0.00000000000 0.00000000000 0.00000000000 0.25201655647
0.07078456876 0.00530058637 0.25196043283 2000.95557847982 0.00000000000 0.00000000000 0.00000000000 0.00000000000 0.00000000000 0.00000000000 0.25201618188
0.07077913297 0.00530276616 0.25196001049 2000.95045452728 0.00000000000 0.00000000000 0.00000000000 0.00000000000 0.00000000000 0.00000000000 0.25201580548
0.07077367197 0.00530488173 0.25195958773 2001.19459506297 0.00000000000 0.00000000000 0.00000000000 0.00000000000 0.00000000000 0.00000000000 0.25201542734
0.07076818652 0.00530693279 0.25195916462 2001.00307596342 0.00000000000 0.00000000000 0.00000000000 0.00000000000 0.00000000000 0.00000000000 0.25201504751
0.07076267739 0.00530891906 0.25195874122 2001.08546818437 0.00000000000 0.00000000000 0.00000000000 0.00000000000 0.00000000000 0.00000000000 0.25201466604
0.07075714532 0.00531084026 0.25195831759 2001.33435236583 0.00000000000 0.00000000000 0.00000000000 0.00000000000 0.00000000000 0.00000000000 0.25201428298
0.07075159109 0.00531269613 0.25195789378 2001.83235073676 0.00000000000 0.00000000000 0.00000000000 0.00000000000 0.00000000000 0.00000000000 0.25201389839
0.07074601547 0.00531448639 0.25195746987 2001.78637913688 0.00000000000 0.00000000000 0.00000000000 0.00000000000 0.00000000000 0.00000000000 0.25201351231
0.07074041922 0.00531621080 0.25195704590 2001.99439653623 0.00000000000 0.00000000000 0.00000000000 0.00000000000 0.00000000000 0.00000000000 0.25201312481
0.07073480311 0.00531786912 0.25195662194 2001.74788937025 0.00000000000 0.00000000000 0.00000000000 0.00000000000 0.00000000000 0.00000000000 0.25201273593
0.07072916793 0.00531946113 0.25195619804 2001.76811757195 0.00000000000 0.00000000000 0.00000000000 0.00000000000 0.00000000000 0.00000000000 0.25201234573
0.07072351446 0.00532098661 0.25195577428 2001.68335550263 0.00000000000 0.00000000000 0.00000000000 0.00000000000 0.00000000000 0.00000000000 0.25201195426
0.07071784348 0.00532244536 0.25195535070 2001.86449620293 0.00000000000 0.00000000000 0.00000000000 0.00000000000 0.00000000000 0.00000000000 0.25201156158
0.07071215577 0.00532383717 0.25195492737 2001.89212821374 0.00000000000 0.00000000000 0.00000000000 0.00000000000 0.00000000000 0.00000000000 0.25201116774
0.07070645212 0.00532516184 0.25195450435 2002.18761525622 0.00000000000 0.00000000000 0.00000000000 0.00000000000 0.00000000000 0.00000000000 0.25201077280
0.07070073332 0.00532641920 0.25195408169 2002.35829345634 0.00000000000 0.00000000000 0.00000000000 0.00000000000 0.00000000000 0.00000000000 0.25201037681
0.07069500016 0.00532760906 0.25195365946 2002.78685709073 0.00000000000 0.00000000000 0.00000000000 0.00000000000 0.00000000000 0.00000000000 0.25200997983
0.07068925343 0.00532873125 0.25195323771 2002.61000381525 0.00000000000 0.00000000000 0.00000000000 0.00000000000 0.00000000000 0.00000000000 0.25200958190
0.07068349393 0.00532978563 0.25195281651 2002.70031221654 0.00000000000 0.00000000000 0.00000000000 0.00000000000 0.00000000000 0.00000000000 0.25200918309
0.07067772245 0.00533077204 0.25195239592 2002.53255527020 0.00000000000 0.00000000000 0.00000000000 0.00000000000 0.00000000000 0.00000000000 0.25200878346
0.07067193979 0.00533169036 0.25195197598 2002.63638830185 0.00000000000 0.00000000000 0.00000000000 0.00000000000 0.00000000000 0.00000000000 0.25200838304
0.07066614676 0.00533254046 0.25195155677 2002.66213173981 0.00000000000 0.00000000000 0.00000000000 0.00000000000 0.00000000000 0.00000000000 0.25200798191
0.07066034415 0.00533332222 0.25195113834 2002.95676408032 0.00000000000 0.00000000000 0.00000000000 0.00000000000 0.00000000000 0.00000000000 0.25200758012
0.07065453277 0.00533403554 0.25195072075 2002.95845583470 0.00000000000 0.00000000000 0.00000000000 0.00000000000 0.00000000000 0.00000000000 0.25200717772
0.07064871342 0.00533468032 0.25195030406 2003.23277590711 0.00000000000 0.00000000000 0.00000000000 0.00000000000 0.00000000000 0.00000000000 0.25200677477
0.07064288691 0.00533525645 0.25194988832 2003.38041680389 0.00000000000 0.00000000000 0.00000000000 0.00000000000 0.00000000000 0.00000000000 0.25200637132
0.07063705403 0.00533576387 0.25194947359 2003.79490190034 0.00000000000 0.00000000000 0.00000000000 0.00000000000 0.00000000000 0.00000000000 0.25200596743
0.07063121561 0.00533620249 0.25194905994 2003.43548348298 0.00000000000 0.00000000000 0.00000000000 0.00000000000 0.00000000000 0.00000000000 0.25200556315
0.07062537244 0.00533657226 0.25194864741 2003.35386666807 0.00000000000 0.00000000000 0.00000000000 0.00000000000 0.00000000000 0.00000000000 0.25200515855
0.07061952533 0.00533687314 0.25194823607 2003.56859513613 0.00000000000 0.00000000000 0.00000000000 0.00000000000 0.00000000000 0.00000000000 0.25200475368
0.07061367510 0.00533710509 0.25194782598 2004.05494653995 0.00000000000 0.00000000000 0.00000000000 0.00000000000 0.00000000000 0.00000000000 0.25200434859
0.07060782255 0.00533726805 0.25194741718 2003.73644046883 0.00000000000 0.00000000000 0.00000000000 0.00000000000 0.00000000000 0.00000000000 0.25200394333
0.07060196849 0.00533736203 0.25194700975 2003.69556476182 0.00000000000 0.00000000000 0.00000000000 0.00000000000 0.00000000000 0.00000000000 0.25200353798
0.07059611374 0.00533738701 0.25194660372 2004.05280654854 0.00000000000 0.00000000000 0.00000000000 0.00000000000 0.00000000000 0.00000000000 0.25200313257
0.07059025910 0.00533734297 0.25194619917 2004.68687389777 0.00000000000 0.00000000000 0.00000000000 0.00000000000 0.00000000000 0.00000000000 0.25200272718
0.07058440538 0.00533722992 0.25194579614 2004.28340345413 0.00000000000 0.00000000000 0.00000000000 0.00000000000 0.00000000000 0.00000000000 0.25200232184
0.07057855339 0.00533704788 0.25194539469 2004.15704033685 0.00000000000 0.00000000000 0.00000000000 0.00000000000 0.00000000000 0.00000000000 0.25200191663
0.07057270394 0.00533679689 0.25194499488 2004.46335737566 0.00000000000 0.00000000000 0.00000000000 0.00000000000 0.00000000000 0.00000000000 0.25200151159
0.07056685784 0.00533647696 0.25194459676 2005.04724716308 0.00000000000 0.00000000000 0.00000000000 0.00000000000 0.00000000000 0.00000000000 0.25200110679
0.07056101590 0.00533608814 0.25194420038 2004.68454667779 0.00000000000 0.00000000000 0.00000000000 0.00000000000 0.00000000000 0.00000000000 0.25200070227
0.07055517893 0.00533563049 0.25194380581 2004.59309522774 0.00000000000 0.00000000000 0.00000000000 0.00000000000 0.00000000000 0.00000000000 0.25200029810
0.07054934773 0.00533510408 0.25194341310 2004.76557699440 0.00000000000 0.00000000000 0.00000000000 0.00000000000 0.00000000000 0.00000000000 0.25199989432
0.07054352312 0.00533450897 0.25194302229 2005.21498018317 0.00000000000 0.00000000000 0.00000000000 0.00000000000 0.00000000000 0.00000000000 0.25199949100
0.07053770589 0.00533384525 0.25194263344 2005.02012047299 0.00000000000 0.00000000000 0.00000000000 0.00000000000 0.00000000000 0.00000000000 0.25199908820
0.07053189685 0.00533311301 0.25194224662 2005.09304751485 0.00000000000 0.00000000000 0.00000000000 0.00000000000 0.00000000000 0.00000000000 0.25199868596
0.07052609681 0.00533231236 0.25194186186 2005.25841493567 0.00000000000 0.00000000000 0.00000000000 0.00000000000 0.00000000000 0.00000000000 0.25199828434
0.07052030656 0.00533144339 0.25194147922 2005.69852168786 0.00000000000 0.00000000000 0.00000000000 0.00000000000 0.00000000000 0.00000000000 0.25199788340
0.07051452691 0.00533050623 0.25194109876 2005.61290370996 0.00000000000 0.00000000000 0.00000000000 0.00000000000 0.00000000000 0.00000000000 0.25199748320
0.07050875867 0.00532950101 0.25194072052 2005.79213250497 0.00000000000 0.00000000000 0.00000000000 0.00000000000 0.00000000000 0.00000000000 0.25199708378
0.07050300262 0.00532842786 0.25194034456 2005.62793862645 0.00000000000 0.00000000000 0.00000000000 0.00000000000 0.00000000000 0.00000000000 0.25199668521
0.07049725956 0.00532728695 0.25193997092 2005.72980099848 0.00000000000 0.00000000000 0.00000000000 0.00000000000 0.00000000000 0.00000000000 0.25199628754
0.07049153029 0.00532607842 0.25193959967 2005.69297424513 0.00000000000 0.00000000000 0.00000000000 0.00000000000 0.00000000000 0.00000000000 0.25199589083
0.07048581559 0.00532480245 0.25193923085 2005.92420050670 0.00000000000 0.00000000000 0.00000000000 0.00000000000 0.00000000000 0.00000000000 0.25199549512
0.07048011627 0.00532345922 0.25193886450 2005.93074696785 0.00000000000 0.00000000000 0.00000000000 0.00000000000 0.00000000000 0.00000000000 0.25199510048
0.07047443310 0.00532204890 0.25193850069 2006.20259055498 0.00000000000 0.00000000000 0.00000000000 0.00000000000 0.00000000000 0.00000000000 0.25199470695
0.07046876688 0.00532057169 0.25193813945 2006.35255864351 0.00000000000 0.00000000000 0.00000000000 0.00000000000 0.00000000000 0.00000000000 0.25199431460
0.07046311838 0.00531902780 0.25193778084 2006.76900801616 0.00000000000 0.00000000000 0.00000000000 0.00000000000 0.00000000000 0.00000000000 0.25199392348
0.07045748840 0.00531741742 0.25193742490 2006.53979181247 0.00000000000 0.00000000000 0.00000000000 0.00000000000 0.00000000000 0.00000000000 0.25199353364
0.07045187771 0.00531574079 0.25193707169 2006.56155234535 0.00000000000 0.00000000000 0.00000000000 0.00000000000 0.00000000000 0.00000000000 0.25199314513
0.07044628708 0.00531399814 0.25193672126 2006.40805304324 0.00000000000 0.00000000000 0.00000000000 0.00000000000 0.00000000000 0.00000000000 0.25199275802
0.07044071729 0.00531218972 0.25193637363 2006.51656249413 0.00000000000 0.00000000000 0.00000000000 0.00000000000 0.00000000000 0.00000000000 0.25199237234
0.07043516911 0.00531031578 0.25193602888 2006.51785992701 0.00000000000 0.00000000000 0.00000000000 0.00000000000 0.00000000000 0.00000000000 0.25199198817
0.07042964330 0.00530837658 0.25193568703 2006.78045758326 0.00000000000 0.00000000000 0.00000000000 0.00000000000 0.00000000000 0.00000000000 0.25199160554
0.07042414062 0.00530637239 0.25193534814 2006.87562295876 0.00000000000 0.00000000000 0.00000000000 0.00000000000 0.00000000000 0.00000000000 0.25199122451
0.07041866183 0.00530430347 0.25193501225 2007.22494695806 0.00000000000 0.00000000000 0.00000000000 0.00000000000 0.00000000000 0.00000000000 0.25199084514
0.07041320769 0.00530217010 0.25193467941 2007.28273042444 0.00000000000 0.00000000000 0.00000000000 0.00000000000 0.00000000000 0.00000000000 0.25199046747
0.07040777895 0.00529997257 0.25193434966 2007.57932448250 0.00000000000 0.00000000000 0.00000000000 0.00000000000 0.00000000000 0.00000000000 0.25199009157
0.07040237634 0.00529771119 0.25193402304 2007.17461034929 0.00000000000 0.00000000000 0.00000000000 0.00000000000 0.00000000000 0.00000000000 0.25198971747
0.07039700060 0.00529538625 0.25193369960 2006.97430067116 0.00000000000 0.00000000000 0.00000000000 0.00000000000 0.00000000000 0.00000000000 0.25198934523
0.07039165242 0.00529299808 0.25193337938 2007.08911868756 0.00000000000 0.00000000000 0.00000000000 0.00000000000 0.00000000000 0.00000000000 0.25198897491
0.07038633253 0.00529054699 0.25193306241 2007.42800639291 0.00000000000 0.00000000000 0.00000000000 0.00000000000 0.00000000000 0.00000000000 0.25198860654
0.07038104162 0.00528803329 0.25193274874 2007.29745981604 0.00000000000 0.00000000000 0.00000000000 0.00000000000 0.00000000000 0.00000000000 0.25198824017
0.07037578039 0.00528545730 0.25193243841 2007.33860773195 0.00000000000 0.00000000000 0.00000000000 0.00000000000 0.00000000000 0.00000000000 0.25198787586
0.07037054951 0.00528281934 0.25193213146 2007.71882403631 0.00000000000 0.00000000000 0.00000000000 0.00000000000 0.00000000000 0.00000000000 0.25198751366
0.07036534968 0.00528011975 0.25193182791 2008.31166045042 0.00000000000 0.00000000000 0.00000000000 0.00000000000 0.00000000000 0.00000000000 0.25198715360
0.07036018158 0.00527735885 0.25193152783 2007.83133084907 0.00000000000 0.00000000000 0.00000000000 0.00000000000 0.00000000000 0.00000000000 0.25198679574
0.07035504591 0.00527453701 0.25193123123 2007.52836942375 0.00000000000 0.00000000000 0.00000000000 0.00000000000 0.00000000000 0.00000000000 0.25198644013
0.07034994336 0.00527165461 0.25193093816 2007.60431843138 0.00000000000 0.00000000000 0.00000000000 0.00000000000 0.00000000000 0.00000000000 0.25198608681
0.07034487466 0.00526871204 0.25193064867 2008.00613339968 0.00000000000 0.00000000000 0.00000000000 0.00000000000 0.00000000000 0.00000000000 0.25198573583
0.07033984057 0.00526570972 0.25193036278 2008.32089695480 0.00000000000 0.00000000000 0.00000000000 0.00000000000 0.00000000000 0.00000000000 0.25198538725
0.07033484182 0.00526264805 0.25193008055 2008.96143065723 0.00000000000 0.00000000000 0.00000000000 0.00000000000 0.00000000000 0.00000000000 0.25198504112
0.07032987918 0.00525952748 0.25192980201 2008.10453683996 0.00000000000 0.00000000000 0.00000000000 0.00000000000 0.00000000000 0.00000000000 0.25198469749
0.07032495338 0.00525634849 0.25192952720 2007.51872905220 0.00000000000 0.00000000000 0.00000000000 0.00000000000 0.00000000000 0.00000000000 0.25198435641
0.07032006514 0.00525311156 0.25192925616 2008.22543230609 0.00000000000 0.00000000000 0.00000000000 0.00000000000 0.00000000000 0.00000000000 0.25198401793
0.07031521514 0.00524981711 0.25192898893 2009.22549088546 0.00000000000 0.00000000000 0.00000000000 0.00000000000 0.00000000000 0.00000000000 0.25198368209
0.07031040405 0.00524646556 0.25192872554 2008.30490074944 0.00000000000 0.00000000000 0.00000000000 0.00000000000 0.00000000000 0.00000000000 0.25198334896
0.07030563244 0.00524305731 0.25192846601 2007.36934887633 0.00000000000 0.00000000000 0.00000000000 0.00000000000 0.00000000000 0.00000000000 0.25198301855
0.07030090085 0.00523959288 0.25192821039 1993.81119506683 0.00000000000 0.00000000000 0.00000000000 0.00000000000 0.00000000000 0.00000000000 0.25198269092
0.07029620986 0.00523607316 0.25192795867 1980.08121774672 0.00000000000 0.00000000000 0.00000000000 0.00000000000 0.00000000000 0.00000000000 0.25198236609
0.07029156006 0.00523249928 0.25192771089 1955.39258268320 0.00000000000 0.00000000000 0.00000000000 0.00000000000 0.00000000000 0.00000000000 0.25198204412
0.07028695218 0.00522887279 0.25192746704 1931.29882394365 0.00000000000 0.00000000000 0.00000000000 0.00000000000 0.00000000000 0.00000000000 0.25198172506
0.07028238708 0.00522519544 0.25192722717 1918.91727260844 0.00000000000 0.00000000000 0.00000000000 0.00000000000 0.00000000000 0.00000000000 0.25198140895
0.07027786623 0.00522146914 0.25192699132 1909.77813498537 0.00000000000 0.00000000000 0.00000000000 0.00000000000 0.00000000000 0.00000000000 0.25198109591
0.07027339141 0.00521769583 0.25192675958 1922.68622672021 0.00000000000 0.00000000000 0.00000000000 0.00000000000 0.00000000000 0.00000000000 0.25198078606
0.07026896503 0.00521387736 0.25192653207 1940.67323621637 0.00000000000 0.00000000000 0.00000000000 0.00000000000 0.00000000000 0.00000000000 0.25198047956
0.07026458967 0.00521001537 0.25192630893 1992.67490204406 0.00000000000 0.00000000000 0.00000000000 0.00000000000 0.00000000000 0.00000000000 0.25198017659
0.07026026783 0.00520611040 0.25192609034 2049.95624744371 0.00000000000 0.00000000000 0.00000000000 0.00000000000 0.00000000000 0.00000000000 0.25197987733
0.07025600192 0.00520216225 0.25192587644 2158.41580600303 0.00000000000 0.00000000000 0.00000000000 0.00000000000 0.00000000000 0.00000000000 0.25197958194
0.07025179400 0.00519816875 0.25192566744 2271.66520064281 0.00000000000 0.00000000000 0.00000000000 0.00000000000 0.00000000000 0.00000000000 0.25197929057
0.07024764580 0.00519412697 0.25192546351 2368.59332745609 0.00000000000 0.00000000000 0.00000000000 0.00000000000 0.00000000000 0.00000000000 0.25197900333
0.07024355794 0.00519003333 0.25192526476 2458.78747184765 0.00000000000 0.00000000000 0.00000000000 0.00000000000 0.00000000000 0.00000000000 0.25197872027
0.07023953024 0.00518588434 0.25192507125 2430.87311952245 0.00000000000 0.00000000000 0.00000000000 0.00000000000 0.00000000000 0.00000000000 0.25197844138
0.07023556014 0.00518167809 0.25192488283 2378.01324574502 0.00000000000 0.00000000000 0.00000000000 0.00000000000 0.00000000000 0.00000000000 0.25197816647
0.07023164413 0.00517741377 0.25192469929 2223.95558215901 0.00000000000 0.00000000000 0.00000000000 0.00000000000 0.00000000000 0.00000000000 0.25197789531
0.07022777830 0.00517309380 0.25192452029 2051.91488055838 0.00000000000 0.00000000000 0.00000000000 0.00000000000 0.00000000000 0.00000000000 0.25197762763
0.07022395890 0.00516872216 0.25192434571 1894.94445020492 0.00000000000 0.00000000000 0.00000000000 0.00000000000 0.00000000000 0.00000000000 0.25197736336
0.07022018439 0.00516430501 0.25192417687 1748.88038769707 0.00000000000 0.00000000000 0.00000000000 0.00000000000 0.00000000000 0.00000000000 0.25197710400
0.07021645570 0.00515984955 0.25192401558 1883.54459772559 0.00000000000 0.00000000000 0.00000000000 0.00000000000 0.00000000000 0.00000000000 0.25197685146
0.07021278391 0.00515536398 0.25192386271 2088.34594763815 0.00000000000 0.00000000000 0.00000000000 0.00000000000 0.00000000000 0.00000000000 0.25197660682
0.07020918118 0.00515085459 0.25192371857 2116.24167102386 0.00000000000 0.00000000000 0.00000000000 0.00000000000 0.00000000000 0.00000000000 0.25197637048
0.07020564300 0.00514631417 0.25192358217 2095.89851793619 0.00000000000 0.00000000000 0.00000000000 0.00000000000 0.00000000000 0.00000000000 0.25197614134
0.07020215900 0.00514173079 0.25192345207 2052.07359252057 0.00000000000 0.00000000000 0.00000000000 0.00000000000 0.00000000000 0.00000000000 0.25197591770
0.07019871877 0.00513709246 0.25192332684 1986.12902287021 0.00000000000 0.00000000000 0.00000000000 0.00000000000 0.00000000000 0.00000000000 0.25197569789
