VARIABLES=
"CoordinateX"
"CoordinateY"
"CoordinateZ"
"Kappa1"
"Kappa2"
"dy"
"dz"
"d2x"
"d2y"
"d2z"
"R"
ZONE T="Konrollpunkte"
I=101, J=1, K=1
0.06834795485 -0.00150147912 0.25185303550 0.00000000000 0.00000000000 0.00000000000 0.00000000000 0.00000000000 0.00000000000 0.00000000000 0.00000000000
0.06833710839 -0.00149528988 0.25185237967 0.00000000000 0.00000000000 0.00000000000 0.00000000000 0.00000000000 0.00000000000 0.00000000000 0.00000000000
0.06832078206 -0.00148597369 0.25185139222 0.00000000000 0.00000000000 0.00000000000 0.00000000000 0.00000000000 0.00000000000 0.00000000000 0.00000000000
0.06829894969 -0.00147351563 0.25185007122 0.00000000000 0.00000000000 0.00000000000 0.00000000000 0.00000000000 0.00000000000 0.00000000000 0.00000000000
0.06828241500 -0.00146408054 0.25184907034 0.00000000000 0.00000000000 0.00000000000 0.00000000000 0.00000000000 0.00000000000 0.00000000000 0.00000000000
0.06826570379 -0.00145454473 0.25184805843 0.00000000000 0.00000000000 0.00000000000 0.00000000000 0.00000000000 0.00000000000 0.00000000000 0.00000000000
0.06824884797 -0.00144492639 0.25184703740 0.00000000000 0.00000000000 0.00000000000 0.00000000000 0.00000000000 0.00000000000 0.00000000000 0.00000000000
0.06823186906 -0.00143523782 0.25184600853 0.00000000000 0.00000000000 0.00000000000 0.00000000000 0.00000000000 0.00000000000 0.00000000000 0.00000000000
0.06821482009 -0.00142550926 0.25184497505 0.00000000000 0.00000000000 0.00000000000 0.00000000000 0.00000000000 0.00000000000 0.00000000000 0.00000000000
0.06819776613 -0.00141577786 0.25184394089 0.00000000000 0.00000000000 0.00000000000 0.00000000000 0.00000000000 0.00000000000 0.00000000000 0.00000000000
0.06818076620 -0.00140607728 0.25184290963 0.00000000000 0.00000000000 0.00000000000 0.00000000000 0.00000000000 0.00000000000 0.00000000000 0.00000000000
0.06816385098 -0.00139642504 0.25184188314 0.00000000000 0.00000000000 0.00000000000 0.00000000000 0.00000000000 0.00000000000 0.00000000000 0.00000000000
0.06814701611 -0.00138681865 0.25184086116 0.00000000000 0.00000000000 0.00000000000 0.00000000000 0.00000000000 0.00000000000 0.00000000000 0.00000000000
0.06813023614 -0.00137724359 0.25183984215 0.00000000000 0.00000000000 0.00000000000 0.00000000000 0.00000000000 0.00000000000 0.00000000000 0.00000000000
0.06811348284 -0.00136768373 0.25183882439 0.00000000000 0.00000000000 0.00000000000 0.00000000000 0.00000000000 0.00000000000 0.00000000000 0.00000000000
0.06809673694 -0.00135812810 0.25183780673 0.00000000000 0.00000000000 0.00000000000 0.00000000000 0.00000000000 0.00000000000 0.00000000000 0.00000000000
0.06807998975 -0.00134857173 0.25183678862 0.00000000000 0.00000000000 0.00000000000 0.00000000000 0.00000000000 0.00000000000 0.00000000000 0.00000000000
0.06806323918 -0.00133901344 0.25183576994 0.00000000000 0.00000000000 0.00000000000 0.00000000000 0.00000000000 0.00000000000 0.00000000000 0.00000000000
0.06804648607 -0.00132945369 0.25183475075 0.00000000000 0.00000000000 0.00000000000 0.00000000000 0.00000000000 0.00000000000 0.00000000000 0.00000000000
0.06802973170 -0.00131989322 0.25183373112 0.00000000000 0.00000000000 0.00000000000 0.00000000000 0.00000000000 0.00000000000 0.00000000000 0.00000000000
0.06801297687 -0.00131033248 0.25183271109 0.00000000000 0.00000000000 0.00000000000 0.00000000000 0.00000000000 0.00000000000 0.00000000000 0.00000000000
0.06799622209 -0.00130077178 0.25183169071 0.00000000000 0.00000000000 0.00000000000 0.00000000000 0.00000000000 0.00000000000 0.00000000000 0.00000000000
0.06797946788 -0.00129121139 0.25183067000 0.00000000000 0.00000000000 0.00000000000 0.00000000000 0.00000000000 0.00000000000 0.00000000000 0.00000000000
0.06796271479 -0.00128165164 0.25182964900 0.00000000000 0.00000000000 0.00000000000 0.00000000000 0.00000000000 0.00000000000 0.00000000000 0.00000000000
0.06794596338 -0.00127209285 0.25182862773 0.00000000000 0.00000000000 0.00000000000 0.00000000000 0.00000000000 0.00000000000 0.00000000000 0.00000000000
0.06792921424 -0.00126253535 0.25182760625 0.00000000000 0.00000000000 0.00000000000 0.00000000000 0.00000000000 0.00000000000 0.00000000000 0.00000000000
0.06791246785 -0.00125297942 0.25182658456 0.00000000000 0.00000000000 0.00000000000 0.00000000000 0.00000000000 0.00000000000 0.00000000000 0.00000000000
0.06789572438 -0.00124342516 0.25182556270 0.00000000000 0.00000000000 0.00000000000 0.00000000000 0.00000000000 0.00000000000 0.00000000000 0.00000000000
0.06787898342 -0.00123387232 0.25182454062 0.00000000000 0.00000000000 0.00000000000 0.00000000000 0.00000000000 0.00000000000 0.00000000000 0.00000000000
0.06786224393 -0.00122432032 0.25182351827 0.00000000000 0.00000000000 0.00000000000 0.00000000000 0.00000000000 0.00000000000 0.00000000000 0.00000000000
0.06784550471 -0.00121476848 0.25182249558 0.00000000000 0.00000000000 0.00000000000 0.00000000000 0.00000000000 0.00000000000 0.00000000000 0.00000000000
0.06782876478 -0.00120521622 0.25182147248 0.00000000000 0.00000000000 0.00000000000 0.00000000000 0.00000000000 0.00000000000 0.00000000000 0.00000000000
0.06781202350 -0.00119566320 0.25182044894 0.00000000000 0.00000000000 0.00000000000 0.00000000000 0.00000000000 0.00000000000 0.00000000000 0.00000000000
0.06779528066 -0.00118610929 0.25181942494 0.00000000000 0.00000000000 0.00000000000 0.00000000000 0.00000000000 0.00000000000 0.00000000000 0.00000000000
0.06777853648 -0.00117655460 0.25181840049 0.00000000000 0.00000000000 0.00000000000 0.00000000000 0.00000000000 0.00000000000 0.00000000000 0.00000000000
0.06776179140 -0.00116699940 0.25181737563 0.00000000000 0.00000000000 0.00000000000 0.00000000000 0.00000000000 0.00000000000 0.00000000000 0.00000000000
0.06774504597 -0.00115744401 0.25181635039 0.00000000000 0.00000000000 0.00000000000 0.00000000000 0.00000000000 0.00000000000 0.00000000000 0.00000000000
0.06772830081 -0.00114788876 0.25181532479 0.00000000000 0.00000000000 0.00000000000 0.00000000000 0.00000000000 0.00000000000 0.00000000000 0.00000000000
0.06771155667 -0.00113833409 0.25181429890 0.00000000000 0.00000000000 0.00000000000 0.00000000000 0.00000000000 0.00000000000 0.00000000000 0.00000000000
0.06769481451 -0.00112878055 0.25181327277 0.00000000000 0.00000000000 0.00000000000 0.00000000000 0.00000000000 0.00000000000 0.00000000000 0.00000000000
0.06767807553 -0.00111922883 0.25181224647 0.00000000000 0.00000000000 0.00000000000 0.00000000000 0.00000000000 0.00000000000 0.00000000000 0.00000000000
0.06766134101 -0.00110967965 0.25181122009 0.00000000000 0.00000000000 0.00000000000 0.00000000000 0.00000000000 0.00000000000 0.00000000000 0.00000000000
0.06764461201 -0.00110013361 0.25181019368 0.00000000000 0.00000000000 0.00000000000 0.00000000000 0.00000000000 0.00000000000 0.00000000000 0.00000000000
0.06762788904 -0.00109059102 0.25180916728 0.00000000000 0.00000000000 0.00000000000 0.00000000000 0.00000000000 0.00000000000 0.00000000000 0.00000000000
0.06761117188 -0.00108105174 0.25180814087 0.00000000000 0.00000000000 0.00000000000 0.00000000000 0.00000000000 0.00000000000 0.00000000000 0.00000000000
0.06759445966 -0.00107151527 0.25180711441 0.00000000000 0.00000000000 0.00000000000 0.00000000000 0.00000000000 0.00000000000 0.00000000000 0.00000000000
0.06757775113 -0.00106198091 0.25180608781 0.00000000000 0.00000000000 0.00000000000 0.00000000000 0.00000000000 0.00000000000 0.00000000000 0.00000000000
0.06756104506 -0.00105244795 0.25180506100 0.00000000000 0.00000000000 0.00000000000 0.00000000000 0.00000000000 0.00000000000 0.00000000000 0.00000000000
0.06754434039 -0.00104291579 0.25180403392 0.00000000000 0.00000000000 0.00000000000 0.00000000000 0.00000000000 0.00000000000 0.00000000000 0.00000000000
0.06752763629 -0.00103338396 0.25180300651 0.00000000000 0.00000000000 0.00000000000 0.00000000000 0.00000000000 0.00000000000 0.00000000000 0.00000000000
0.06751093211 -0.00102385207 0.25180197874 0.00000000000 0.00000000000 0.00000000000 0.00000000000 0.00000000000 0.00000000000 0.00000000000 0.00000000000
0.06749422723 -0.00101431979 0.25180095056 0.00000000000 0.00000000000 0.00000000000 0.00000000000 0.00000000000 0.00000000000 0.00000000000 0.00000000000
0.06747752096 -0.00100478671 0.25179992194 0.00000000000 0.00000000000 0.00000000000 0.00000000000 0.00000000000 0.00000000000 0.00000000000 0.00000000000
0.06746081244 -0.00099525235 0.25179889282 0.00000000000 0.00000000000 0.00000000000 0.00000000000 0.00000000000 0.00000000000 0.00000000000 0.00000000000
0.06744410071 -0.00098571615 0.25179786314 0.00000000000 0.00000000000 0.00000000000 0.00000000000 0.00000000000 0.00000000000 0.00000000000 0.00000000000
0.06742738467 -0.00097617749 0.25179683284 0.00000000000 0.00000000000 0.00000000000 0.00000000000 0.00000000000 0.00000000000 0.00000000000 0.00000000000
0.06741066333 -0.00096663581 0.25179580184 0.00000000000 0.00000000000 0.00000000000 0.00000000000 0.00000000000 0.00000000000 0.00000000000 0.00000000000
0.06739393169 -0.00095709083 0.25179484485 0.00000000000 0.00000000000 0.00000000000 0.00000000000 0.00000000000 0.00000000000 0.00000000000 0.00000000000
0.06737719264 -0.00094754279 0.25179392095 0.00000000000 0.00000000000 0.00000000000 0.00000000000 0.00000000000 0.00000000000 0.00000000000 0.00000000000
0.06736044911 -0.00093799219 0.25179299644 0.00000000000 0.00000000000 0.00000000000 0.00000000000 0.00000000000 0.00000000000 0.00000000000 0.00000000000
0.06734370212 -0.00092843962 0.25179207137 0.00000000000 0.00000000000 0.00000000000 0.00000000000 0.00000000000 0.00000000000 0.00000000000 0.00000000000
0.06732695268 -0.00091888565 0.25179114581 0.00000000000 0.00000000000 0.00000000000 0.00000000000 0.00000000000 0.00000000000 0.00000000000 0.00000000000
0.06731020165 -0.00090933077 0.25179021979 0.00000000000 0.00000000000 0.00000000000 0.00000000000 0.00000000000 0.00000000000 0.00000000000 0.00000000000
0.06729344979 -0.00089977542 0.25178929337 0.00000000000 0.00000000000 0.00000000000 0.00000000000 0.00000000000 0.00000000000 0.00000000000 0.00000000000
0.06727669780 -0.00089021999 0.25178836658 0.00000000000 0.00000000000 0.00000000000 0.00000000000 0.00000000000 0.00000000000 0.00000000000 0.00000000000
0.06725994641 -0.00088066490 0.25178743946 0.00000000000 0.00000000000 0.00000000000 0.00000000000 0.00000000000 0.00000000000 0.00000000000 0.00000000000
0.06724319694 -0.00087111090 0.25178651208 0.00000000000 0.00000000000 0.00000000000 0.00000000000 0.00000000000 0.00000000000 0.00000000000 0.00000000000
0.06722645134 -0.00086155912 0.25178558456 0.00000000000 0.00000000000 0.00000000000 0.00000000000 0.00000000000 0.00000000000 0.00000000000 0.00000000000
0.06720971200 -0.00085201090 0.25178465702 0.00000000000 0.00000000000 0.00000000000 0.00000000000 0.00000000000 0.00000000000 0.00000000000 0.00000000000
0.06719298166 -0.00084246781 0.25178372961 0.00000000000 0.00000000000 0.00000000000 0.00000000000 0.00000000000 0.00000000000 0.00000000000 0.00000000000
0.06717626322 -0.00083293151 0.25178280251 0.00000000000 0.00000000000 0.00000000000 0.00000000000 0.00000000000 0.00000000000 0.00000000000 0.00000000000
0.06715955820 -0.00082340286 0.25178187579 0.00000000000 0.00000000000 0.00000000000 0.00000000000 0.00000000000 0.00000000000 0.00000000000 0.00000000000
0.06714286543 -0.00081388121 0.25178094939 0.00000000000 0.00000000000 0.00000000000 0.00000000000 0.00000000000 0.00000000000 0.00000000000 0.00000000000
0.06712618256 -0.00080436519 0.25178002318 0.00000000000 0.00000000000 0.00000000000 0.00000000000 0.00000000000 0.00000000000 0.00000000000 0.00000000000
0.06710950688 -0.00079485328 0.25177909701 0.00000000000 0.00000000000 0.00000000000 0.00000000000 0.00000000000 0.00000000000 0.00000000000 0.00000000000
0.06709283568 -0.00078534392 0.25177817073 0.00000000000 0.00000000000 0.00000000000 0.00000000000 0.00000000000 0.00000000000 0.00000000000 0.00000000000
0.06707616677 -0.00077583586 0.25177724421 0.00000000000 0.00000000000 0.00000000000 0.00000000000 0.00000000000 0.00000000000 0.00000000000 0.00000000000
0.06705949870 -0.00076632829 0.25177631739 0.00000000000 0.00000000000 0.00000000000 0.00000000000 0.00000000000 0.00000000000 0.00000000000 0.00000000000
0.06704283031 -0.00075682053 0.25177539019 0.00000000000 0.00000000000 0.00000000000 0.00000000000 0.00000000000 0.00000000000 0.00000000000 0.00000000000
0.06702616041 -0.00074731190 0.25177446254 0.00000000000 0.00000000000 0.00000000000 0.00000000000 0.00000000000 0.00000000000 0.00000000000 0.00000000000
0.06700948775 -0.00073780171 0.25177353438 0.00000000000 0.00000000000 0.00000000000 0.00000000000 0.00000000000 0.00000000000 0.00000000000 0.00000000000
0.06699281122 -0.00072828930 0.25177260565 0.00000000000 0.00000000000 0.00000000000 0.00000000000 0.00000000000 0.00000000000 0.00000000000 0.00000000000
0.06697612991 -0.00071877417 0.25177167630 0.00000000000 0.00000000000 0.00000000000 0.00000000000 0.00000000000 0.00000000000 0.00000000000 0.00000000000
0.06695944364 -0.00070925621 0.25177074630 0.00000000000 0.00000000000 0.00000000000 0.00000000000 0.00000000000 0.00000000000 0.00000000000 0.00000000000
0.06694275341 -0.00069973598 0.25176981573 0.00000000000 0.00000000000 0.00000000000 0.00000000000 0.00000000000 0.00000000000 0.00000000000 0.00000000000
0.06692606067 -0.00069021432 0.25176888466 0.00000000000 0.00000000000 0.00000000000 0.00000000000 0.00000000000 0.00000000000 0.00000000000 0.00000000000
0.06690936676 -0.00068069200 0.25176795316 0.00000000000 0.00000000000 0.00000000000 0.00000000000 0.00000000000 0.00000000000 0.00000000000 0.00000000000
0.06689267270 -0.00067116959 0.25176702129 0.00000000000 0.00000000000 0.00000000000 0.00000000000 0.00000000000 0.00000000000 0.00000000000 0.00000000000
0.06687597909 -0.00066164743 0.25176608909 0.00000000000 0.00000000000 0.00000000000 0.00000000000 0.00000000000 0.00000000000 0.00000000000 0.00000000000
0.06685928613 -0.00065212565 0.25176515656 0.00000000000 0.00000000000 0.00000000000 0.00000000000 0.00000000000 0.00000000000 0.00000000000 0.00000000000
0.06684259374 -0.00064260419 0.25176422371 0.00000000000 0.00000000000 0.00000000000 0.00000000000 0.00000000000 0.00000000000 0.00000000000 0.00000000000
0.06682590176 -0.00063308295 0.25176329052 0.00000000000 0.00000000000 0.00000000000 0.00000000000 0.00000000000 0.00000000000 0.00000000000 0.00000000000
0.06680920991 -0.00062356180 0.25176235698 0.00000000000 0.00000000000 0.00000000000 0.00000000000 0.00000000000 0.00000000000 0.00000000000 0.00000000000
0.06679251793 -0.00061404057 0.25176142307 0.00000000000 0.00000000000 0.00000000000 0.00000000000 0.00000000000 0.00000000000 0.00000000000 0.00000000000
0.06677582545 -0.00060451905 0.25176048877 0.00000000000 0.00000000000 0.00000000000 0.00000000000 0.00000000000 0.00000000000 0.00000000000 0.00000000000
0.06675913219 -0.00059499709 0.25175955407 0.00000000000 0.00000000000 0.00000000000 0.00000000000 0.00000000000 0.00000000000 0.00000000000 0.00000000000
0.06674243749 -0.00058547431 0.25175861892 0.00000000000 0.00000000000 0.00000000000 0.00000000000 0.00000000000 0.00000000000 0.00000000000 0.00000000000
0.06672574120 -0.00057595061 0.25175768333 0.00000000000 0.00000000000 0.00000000000 0.00000000000 0.00000000000 0.00000000000 0.00000000000 0.00000000000
0.06670348391 -0.00056325488 0.25175643557 0.00000000000 0.00000000000 0.00000000000 0.00000000000 0.00000000000 0.00000000000 0.00000000000 0.00000000000
0.06668679196 -0.00055373366 0.25175549938 0.00000000000 0.00000000000 0.00000000000 0.00000000000 0.00000000000 0.00000000000 0.00000000000 0.00000000000
0.06667568475 -0.00054739802 0.25175487622 0.00000000000 0.00000000000 0.00000000000 0.00000000000 0.00000000000 0.00000000000 0.00000000000 0.00000000000
ZONE T="NURB"
I=201, J=1, K=1
0.06834795485 -0.00150147912 0.25185303550 0.81258789604 0.00000000000 0.00000000000 0.00000000000 0.00000000000 0.00000000000 0.00000000000 0.25185751116
0.06833980222 -0.00149682704 0.25185254252 0.79680204144 0.00000000000 0.00000000000 0.00000000000 0.00000000000 0.00000000000 0.00000000000 0.25185699050
0.06833163748 -0.00149216805 0.25185204873 0.78168960419 0.00000000000 0.00000000000 0.00000000000 0.00000000000 0.00000000000 0.00000000000 0.25185646908
0.06832346208 -0.00148750297 0.25185155424 0.76722245571 0.00000000000 0.00000000000 0.00000000000 0.00000000000 0.00000000000 0.00000000000 0.25185594699
0.06831527746 -0.00148283264 0.25185105911 0.75454028133 0.00000000000 0.00000000000 0.00000000000 0.00000000000 0.00000000000 0.00000000000 0.25185542434
0.06830708215 -0.00147815620 0.25185056327 0.94820126071 0.00000000000 0.00000000000 0.00000000000 0.00000000000 0.00000000000 0.00000000000 0.25185490101
0.06829886322 -0.00147346629 0.25185006591 1.12996444889 0.00000000000 0.00000000000 0.00000000000 0.00000000000 0.00000000000 0.00000000000 0.25185437619
0.06829060719 -0.00146875520 0.25184956621 1.04920873683 0.00000000000 0.00000000000 0.00000000000 0.00000000000 0.00000000000 0.00000000000 0.25185384898
0.06828230935 -0.00146402025 0.25184906389 0.96982899983 0.00000000000 0.00000000000 0.00000000000 0.00000000000 0.00000000000 0.00000000000 0.25185331909
0.06827396828 -0.00145926064 0.25184855886 0.96897656673 0.00000000000 0.00000000000 0.00000000000 0.00000000000 0.00000000000 0.00000000000 0.25185278644
0.06826558691 -0.00145447803 0.25184805129 0.96986386440 0.00000000000 0.00000000000 0.00000000000 0.00000000000 0.00000000000 0.00000000000 0.25185225122
0.06825716897 -0.00144967456 0.25184754142 0.96928520678 0.00000000000 0.00000000000 0.00000000000 0.00000000000 0.00000000000 0.00000000000 0.25185171367
0.06824871740 -0.00144485189 0.25184702942 0.96985482990 0.00000000000 0.00000000000 0.00000000000 0.00000000000 0.00000000000 0.00000000000 0.25185117396
0.06824023560 -0.00144001197 0.25184651550 0.96839517624 0.00000000000 0.00000000000 0.00000000000 0.00000000000 0.00000000000 0.00000000000 0.25185063233
0.06823172961 -0.00143515824 0.25184600002 0.96985710854 0.00000000000 0.00000000000 0.00000000000 0.00000000000 0.00000000000 0.00000000000 0.25185008915
0.06822320636 -0.00143029467 0.25184548340 0.96806629313 0.00000000000 0.00000000000 0.00000000000 0.00000000000 0.00000000000 0.00000000000 0.25184954487
0.06821467381 -0.00142542579 0.25184496612 0.96986950863 0.00000000000 0.00000000000 0.00000000000 0.00000000000 0.00000000000 0.00000000000 0.25184899999
0.06820613999 -0.00142055619 0.25184444867 0.96825037834 0.00000000000 0.00000000000 0.00000000000 0.00000000000 0.00000000000 0.00000000000 0.25184845504
0.06819761245 -0.00141569017 0.25184393151 0.96990151569 0.00000000000 0.00000000000 0.00000000000 0.00000000000 0.00000000000 0.00000000000 0.25184791048
0.06818909797 -0.00141083160 0.25184341504 0.96906501882 0.00000000000 0.00000000000 0.00000000000 0.00000000000 0.00000000000 0.00000000000 0.25184736676
0.06818060098 -0.00140598301 0.25184289955 0.96994642672 0.00000000000 0.00000000000 0.00000000000 0.00000000000 0.00000000000 0.00000000000 0.25184682416
0.06817212456 -0.00140114615 0.25184238520 0.97007709446 0.00000000000 0.00000000000 0.00000000000 0.00000000000 0.00000000000 0.00000000000 0.25184628287
0.06816366886 -0.00139632112 0.25184187203 0.96998441190 0.00000000000 0.00000000000 0.00000000000 0.00000000000 0.00000000000 0.00000000000 0.25184574290
0.06815523287 -0.00139150734 0.25184135995 0.97069525022 0.00000000000 0.00000000000 0.00000000000 0.00000000000 0.00000000000 0.00000000000 0.25184520420
0.06814681381 -0.00138670321 0.25184084882 0.97000285118 0.00000000000 0.00000000000 0.00000000000 0.00000000000 0.00000000000 0.00000000000 0.25184466657
0.06813840842 -0.00138190689 0.25184033842 0.97078841468 0.00000000000 0.00000000000 0.00000000000 0.00000000000 0.00000000000 0.00000000000 0.25184412981
0.06813001320 -0.00137711637 0.25183982855 0.97000186153 0.00000000000 0.00000000000 0.00000000000 0.00000000000 0.00000000000 0.00000000000 0.25184359371
0.06812162481 -0.00137232974 0.25183931900 0.97054121600 0.00000000000 0.00000000000 0.00000000000 0.00000000000 0.00000000000 0.00000000000 0.25184305804
0.06811324061 -0.00136754551 0.25183880962 0.96999360493 0.00000000000 0.00000000000 0.00000000000 0.00000000000 0.00000000000 0.00000000000 0.25184252264
0.06810485838 -0.00136276240 0.25183830026 0.97024792018 0.00000000000 0.00000000000 0.00000000000 0.00000000000 0.00000000000 0.00000000000 0.25184198736
0.06809647678 -0.00135797965 0.25183779085 0.96999003945 0.00000000000 0.00000000000 0.00000000000 0.00000000000 0.00000000000 0.00000000000 0.25184145213
0.06808809481 -0.00135319669 0.25183728133 0.97006763256 0.00000000000 0.00000000000 0.00000000000 0.00000000000 0.00000000000 0.00000000000 0.25184091687
0.06807971200 -0.00134841324 0.25183677167 0.96999350418 0.00000000000 0.00000000000 0.00000000000 0.00000000000 0.00000000000 0.00000000000 0.25184038156
0.06807132807 -0.00134362916 0.25183626185 0.96999364387 0.00000000000 0.00000000000 0.00000000000 0.00000000000 0.00000000000 0.00000000000 0.25183984617
0.06806294301 -0.00133884444 0.25183575187 0.97000481649 0.00000000000 0.00000000000 0.00000000000 0.00000000000 0.00000000000 0.00000000000 0.25183931072
0.06805455685 -0.00133405908 0.25183524173 0.96998804309 0.00000000000 0.00000000000 0.00000000000 0.00000000000 0.00000000000 0.00000000000 0.25183877519
0.06804616971 -0.00132927317 0.25183473144 0.97002315616 0.00000000000 0.00000000000 0.00000000000 0.00000000000 0.00000000000 0.00000000000 0.25183823960
0.06803778169 -0.00132448675 0.25183422101 0.97001068923 0.00000000000 0.00000000000 0.00000000000 0.00000000000 0.00000000000 0.00000000000 0.25183770396
0.06802939290 -0.00131969989 0.25183371043 0.97004016826 0.00000000000 0.00000000000 0.00000000000 0.00000000000 0.00000000000 0.00000000000 0.25183716826
0.06802100344 -0.00131491265 0.25183319973 0.97002520515 0.00000000000 0.00000000000 0.00000000000 0.00000000000 0.00000000000 0.00000000000 0.25183663253
0.06801261341 -0.00131012508 0.25183268890 0.97005547049 0.00000000000 0.00000000000 0.00000000000 0.00000000000 0.00000000000 0.00000000000 0.25183609675
0.06800422293 -0.00130533726 0.25183217796 0.97003433192 0.00000000000 0.00000000000 0.00000000000 0.00000000000 0.00000000000 0.00000000000 0.25183556095
0.06799583212 -0.00130054925 0.25183166690 0.97006745218 0.00000000000 0.00000000000 0.00000000000 0.00000000000 0.00000000000 0.00000000000 0.25183502513
0.06798744112 -0.00129576112 0.25183115574 0.97004223532 0.00000000000 0.00000000000 0.00000000000 0.00000000000 0.00000000000 0.00000000000 0.25183448929
0.06797905006 -0.00129097297 0.25183064448 0.97007744502 0.00000000000 0.00000000000 0.00000000000 0.00000000000 0.00000000000 0.00000000000 0.25183395345
0.06797065910 -0.00128618487 0.25183013314 0.97005200868 0.00000000000 0.00000000000 0.00000000000 0.00000000000 0.00000000000 0.00000000000 0.25183341762
0.06796226839 -0.00128139691 0.25182962173 0.97008705733 0.00000000000 0.00000000000 0.00000000000 0.00000000000 0.00000000000 0.00000000000 0.25183288180
0.06795387806 -0.00127660917 0.25182911024 0.97006206161 0.00000000000 0.00000000000 0.00000000000 0.00000000000 0.00000000000 0.00000000000 0.25183234601
0.06794548828 -0.00127182174 0.25182859870 0.97009999415 0.00000000000 0.00000000000 0.00000000000 0.00000000000 0.00000000000 0.00000000000 0.25183181025
0.06793709919 -0.00126703471 0.25182808711 0.97007311542 0.00000000000 0.00000000000 0.00000000000 0.00000000000 0.00000000000 0.00000000000 0.25183127454
0.06792871097 -0.00126224818 0.25182757549 0.97011380605 0.00000000000 0.00000000000 0.00000000000 0.00000000000 0.00000000000 0.00000000000 0.25183073888
0.06792032378 -0.00125746222 0.25182706383 0.97009026815 0.00000000000 0.00000000000 0.00000000000 0.00000000000 0.00000000000 0.00000000000 0.25183020329
0.06791193777 -0.00125267694 0.25182655216 0.97013054223 0.00000000000 0.00000000000 0.00000000000 0.00000000000 0.00000000000 0.00000000000 0.25182966777
0.06790355308 -0.00124789242 0.25182604047 0.97011653089 0.00000000000 0.00000000000 0.00000000000 0.00000000000 0.00000000000 0.00000000000 0.25182913234
0.06789516984 -0.00124310872 0.25182552879 0.97014609783 0.00000000000 0.00000000000 0.00000000000 0.00000000000 0.00000000000 0.00000000000 0.25182859700
0.06788678812 -0.00123832589 0.25182501710 0.97014426148 0.00000000000 0.00000000000 0.00000000000 0.00000000000 0.00000000000 0.00000000000 0.25182806176
0.06787840797 -0.00123354395 0.25182450542 0.97015632761 0.00000000000 0.00000000000 0.00000000000 0.00000000000 0.00000000000 0.00000000000 0.25182752662
0.06787002940 -0.00122876292 0.25182399375 0.97016254649 0.00000000000 0.00000000000 0.00000000000 0.00000000000 0.00000000000 0.00000000000 0.25182699157
0.06786165240 -0.00122398278 0.25182348208 0.97015838506 0.00000000000 0.00000000000 0.00000000000 0.00000000000 0.00000000000 0.00000000000 0.25182645663
0.06785327692 -0.00121920351 0.25182297041 0.97017229169 0.00000000000 0.00000000000 0.00000000000 0.00000000000 0.00000000000 0.00000000000 0.25182592179
0.06784490288 -0.00121442506 0.25182245874 0.97015383831 0.00000000000 0.00000000000 0.00000000000 0.00000000000 0.00000000000 0.00000000000 0.25182538704
0.06783653019 -0.00120964738 0.25182194707 0.97017943475 0.00000000000 0.00000000000 0.00000000000 0.00000000000 0.00000000000 0.00000000000 0.25182485237
0.06782815870 -0.00120487038 0.25182143537 0.97014923758 0.00000000000 0.00000000000 0.00000000000 0.00000000000 0.00000000000 0.00000000000 0.25182431778
0.06781978828 -0.00120009399 0.25182092365 0.97018295217 0.00000000000 0.00000000000 0.00000000000 0.00000000000 0.00000000000 0.00000000000 0.25182378326
0.06781141875 -0.00119531811 0.25182041190 0.97015082001 0.00000000000 0.00000000000 0.00000000000 0.00000000000 0.00000000000 0.00000000000 0.25182324879
0.06780304996 -0.00119054266 0.25181990010 0.97018417820 0.00000000000 0.00000000000 0.00000000000 0.00000000000 0.00000000000 0.00000000000 0.25182271438
0.06779468177 -0.00118576754 0.25181938824 0.97016087404 0.00000000000 0.00000000000 0.00000000000 0.00000000000 0.00000000000 0.00000000000 0.25182218000
0.06778631405 -0.00118099269 0.25181887633 0.97018653425 0.00000000000 0.00000000000 0.00000000000 0.00000000000 0.00000000000 0.00000000000 0.25182164565
0.06777794669 -0.00117621805 0.25181836434 0.97017464189 0.00000000000 0.00000000000 0.00000000000 0.00000000000 0.00000000000 0.00000000000 0.25182111132
0.06776957962 -0.00117144357 0.25181785228 0.97019185953 0.00000000000 0.00000000000 0.00000000000 0.00000000000 0.00000000000 0.00000000000 0.25182057702
0.06776121279 -0.00116666923 0.25181734015 0.97018863203 0.00000000000 0.00000000000 0.00000000000 0.00000000000 0.00000000000 0.00000000000 0.25182004272
0.06775284614 -0.00116189500 0.25181682794 0.97019795521 0.00000000000 0.00000000000 0.00000000000 0.00000000000 0.00000000000 0.00000000000 0.25181950844
0.06774447968 -0.00115712086 0.25181631565 0.97020233809 0.00000000000 0.00000000000 0.00000000000 0.00000000000 0.00000000000 0.00000000000 0.25181897418
0.06773611339 -0.00115234683 0.25181580328 0.97020219624 0.00000000000 0.00000000000 0.00000000000 0.00000000000 0.00000000000 0.00000000000 0.25181843992
0.06772774731 -0.00114757292 0.25181529083 0.97021493217 0.00000000000 0.00000000000 0.00000000000 0.00000000000 0.00000000000 0.00000000000 0.25181790567
0.06771938149 -0.00114279915 0.25181477830 0.97020562548 0.00000000000 0.00000000000 0.00000000000 0.00000000000 0.00000000000 0.00000000000 0.25181737145
0.06771101598 -0.00113802556 0.25181426571 0.97022509466 0.00000000000 0.00000000000 0.00000000000 0.00000000000 0.00000000000 0.00000000000 0.25181683724
0.06770265087 -0.00113325220 0.25181375305 0.97020924172 0.00000000000 0.00000000000 0.00000000000 0.00000000000 0.00000000000 0.00000000000 0.25181630306
0.06769428626 -0.00112847911 0.25181324033 0.97023420851 0.00000000000 0.00000000000 0.00000000000 0.00000000000 0.00000000000 0.00000000000 0.25181576891
0.06768592224 -0.00112370637 0.25181272755 0.97021744809 0.00000000000 0.00000000000 0.00000000000 0.00000000000 0.00000000000 0.00000000000 0.25181523479
0.06767755892 -0.00111893403 0.25181221473 0.97024408106 0.00000000000 0.00000000000 0.00000000000 0.00000000000 0.00000000000 0.00000000000 0.25181470073
0.06766919640 -0.00111416215 0.25181170187 0.97023430423 0.00000000000 0.00000000000 0.00000000000 0.00000000000 0.00000000000 0.00000000000 0.25181416671
0.06766083476 -0.00110939076 0.25181118897 0.97025553202 0.00000000000 0.00000000000 0.00000000000 0.00000000000 0.00000000000 0.00000000000 0.25181363275
0.06765247405 -0.00110461991 0.25181067604 0.97026035068 0.00000000000 0.00000000000 0.00000000000 0.00000000000 0.00000000000 0.00000000000 0.25181309885
0.06764411430 -0.00109984960 0.25181016307 0.97026959840 0.00000000000 0.00000000000 0.00000000000 0.00000000000 0.00000000000 0.00000000000 0.25181256501
0.06763575548 -0.00109507982 0.25180965008 0.97029080770 0.00000000000 0.00000000000 0.00000000000 0.00000000000 0.00000000000 0.00000000000 0.25181203123
0.06762739754 -0.00109031055 0.25180913704 0.97028418593 0.00000000000 0.00000000000 0.00000000000 0.00000000000 0.00000000000 0.00000000000 0.25181149750
0.06761904039 -0.00108554173 0.25180862397 0.97031841676 0.00000000000 0.00000000000 0.00000000000 0.00000000000 0.00000000000 0.00000000000 0.25181096383
0.06761068392 -0.00108077329 0.25180811084 0.97030102272 0.00000000000 0.00000000000 0.00000000000 0.00000000000 0.00000000000 0.00000000000 0.25181043020
0.06760232800 -0.00107600517 0.25180759766 0.97033636709 0.00000000000 0.00000000000 0.00000000000 0.00000000000 0.00000000000 0.00000000000 0.25180989660
0.06759397250 -0.00107123728 0.25180708442 0.97031635146 0.00000000000 0.00000000000 0.00000000000 0.00000000000 0.00000000000 0.00000000000 0.25180936304
0.06758561728 -0.00106646956 0.25180657110 0.97034480985 0.00000000000 0.00000000000 0.00000000000 0.00000000000 0.00000000000 0.00000000000 0.25180882949
0.06757726225 -0.00106170194 0.25180605771 0.97032902059 0.00000000000 0.00000000000 0.00000000000 0.00000000000 0.00000000000 0.00000000000 0.25180829595
0.06756890730 -0.00105693437 0.25180554422 0.97034858985 0.00000000000 0.00000000000 0.00000000000 0.00000000000 0.00000000000 0.00000000000 0.25180776241
0.06756055235 -0.00105216680 0.25180503065 0.97033914930 0.00000000000 0.00000000000 0.00000000000 0.00000000000 0.00000000000 0.00000000000 0.25180722888
0.06755219735 -0.00104739920 0.25180451699 0.97035229932 0.00000000000 0.00000000000 0.00000000000 0.00000000000 0.00000000000 0.00000000000 0.25180669534
0.06754384224 -0.00104263154 0.25180400323 0.97034739892 0.00000000000 0.00000000000 0.00000000000 0.00000000000 0.00000000000 0.00000000000 0.25180616180
0.06753548699 -0.00103786379 0.25180348937 0.97035793941 0.00000000000 0.00000000000 0.00000000000 0.00000000000 0.00000000000 0.00000000000 0.25180562825
0.06752713156 -0.00103309594 0.25180297540 0.97035655831 0.00000000000 0.00000000000 0.00000000000 0.00000000000 0.00000000000 0.00000000000 0.25180509468
0.06751877592 -0.00102832798 0.25180246134 0.97036762019 0.00000000000 0.00000000000 0.00000000000 0.00000000000 0.00000000000 0.00000000000 0.25180456111
0.06751042005 -0.00102355988 0.25180194717 0.97036640492 0.00000000000 0.00000000000 0.00000000000 0.00000000000 0.00000000000 0.00000000000 0.25180402752
0.06750206391 -0.00101879163 0.25180143289 0.97038097683 0.00000000000 0.00000000000 0.00000000000 0.00000000000 0.00000000000 0.00000000000 0.25180349391
0.06749370746 -0.00101402319 0.25180091851 0.97037745021 0.00000000000 0.00000000000 0.00000000000 0.00000000000 0.00000000000 0.00000000000 0.25180296028
0.06748535064 -0.00100925455 0.25180040401 0.97039512496 0.00000000000 0.00000000000 0.00000000000 0.00000000000 0.00000000000 0.00000000000 0.25180242662
0.06747699339 -0.00100448567 0.25179988939 0.97038841937 0.00000000000 0.00000000000 0.00000000000 0.00000000000 0.00000000000 0.00000000000 0.25180189294
0.06746863567 -0.00099971651 0.25179937466 0.97040836168 0.00000000000 0.00000000000 0.00000000000 0.00000000000 0.00000000000 0.00000000000 0.25180135923
0.06746027739 -0.00099494703 0.25179885980 0.97040117297 0.00000000000 0.00000000000 0.00000000000 0.00000000000 0.00000000000 0.00000000000 0.25180082549
0.06745191848 -0.00099017720 0.25179834481 0.97042185335 0.00000000000 0.00000000000 0.00000000000 0.00000000000 0.00000000000 0.00000000000 0.25180029170
0.06744355889 -0.00098540697 0.25179782969 0.97041265294 0.00000000000 0.00000000000 0.00000000000 0.00000000000 0.00000000000 0.00000000000 0.25179975787
0.06743519854 -0.00098063631 0.25179731443 0.97042870551 0.00000000000 0.00000000000 0.00000000000 0.00000000000 0.00000000000 0.00000000000 0.25179922399
0.06742683737 -0.00097586519 0.25179679904 5.62311427430 0.00000000000 0.00000000000 0.00000000000 0.00000000000 0.00000000000 0.00000000000 0.25179869006
0.06741847523 -0.00097109357 0.25179628538 106.31544391327 0.00000000000 0.00000000000 0.00000000000 0.00000000000 0.00000000000 0.00000000000 0.25179815796
0.06741011163 -0.00096632147 0.25179578153 196.68491589385 0.00000000000 0.00000000000 0.00000000000 0.00000000000 0.00000000000 0.00000000000 0.25179763576
0.06740174622 -0.00096154889 0.25179529393 141.44806800863 0.00000000000 0.00000000000 0.00000000000 0.00000000000 0.00000000000 0.00000000000 0.25179712989
0.06739337926 -0.00095677590 0.25179481941 86.88691985927 0.00000000000 0.00000000000 0.00000000000 0.00000000000 0.00000000000 0.00000000000 0.25179663720
0.06738501117 -0.00095200254 0.25179435305 41.45463498806 0.00000000000 0.00000000000 0.00000000000 0.00000000000 0.00000000000 0.00000000000 0.25179615274
0.06737664231 -0.00094722888 0.25179389051 0.97078661268 0.00000000000 0.00000000000 0.00000000000 0.00000000000 0.00000000000 0.00000000000 0.25179567220
0.06736827302 -0.00094245499 0.25179342843 0.97076755276 0.00000000000 0.00000000000 0.00000000000 0.00000000000 0.00000000000 0.00000000000 0.25179519221
0.06735990343 -0.00093768094 0.25179296624 0.97079098764 0.00000000000 0.00000000000 0.00000000000 0.00000000000 0.00000000000 0.00000000000 0.25179471220
0.06735153364 -0.00093290676 0.25179250395 0.97078042243 0.00000000000 0.00000000000 0.00000000000 0.00000000000 0.00000000000 0.00000000000 0.25179423218
0.06734316372 -0.00092813251 0.25179204157 0.97079780885 0.00000000000 0.00000000000 0.00000000000 0.00000000000 0.00000000000 0.00000000000 0.25179375216
0.06733479373 -0.00092335822 0.25179157908 0.97079406344 0.00000000000 0.00000000000 0.00000000000 0.00000000000 0.00000000000 0.00000000000 0.25179327213
0.06732642370 -0.00091858392 0.25179111651 0.97080634920 0.00000000000 0.00000000000 0.00000000000 0.00000000000 0.00000000000 0.00000000000 0.25179279209
0.06731805369 -0.00091380962 0.25179065385 0.97080693177 0.00000000000 0.00000000000 0.00000000000 0.00000000000 0.00000000000 0.00000000000 0.25179231206
0.06730968371 -0.00090903533 0.25179019110 0.97081726557 0.00000000000 0.00000000000 0.00000000000 0.00000000000 0.00000000000 0.00000000000 0.25179183203
0.06730131378 -0.00090426108 0.25178972826 0.97081821815 0.00000000000 0.00000000000 0.00000000000 0.00000000000 0.00000000000 0.00000000000 0.25179135200
0.06729294394 -0.00089948688 0.25178926533 0.97082817456 0.00000000000 0.00000000000 0.00000000000 0.00000000000 0.00000000000 0.00000000000 0.25179087198
0.06728457420 -0.00089471273 0.25178880232 0.97082496449 0.00000000000 0.00000000000 0.00000000000 0.00000000000 0.00000000000 0.00000000000 0.25179039196
0.06727620462 -0.00088993867 0.25178833923 0.97083733393 0.00000000000 0.00000000000 0.00000000000 0.00000000000 0.00000000000 0.00000000000 0.25178991196
0.06726783524 -0.00088516473 0.25178787606 0.97081672885 0.00000000000 0.00000000000 0.00000000000 0.00000000000 0.00000000000 0.00000000000 0.25178943196
0.06725946619 -0.00088039098 0.25178741282 0.97084473431 0.00000000000 0.00000000000 0.00000000000 0.00000000000 0.00000000000 0.00000000000 0.25178895198
0.06725109760 -0.00087561749 0.25178694951 0.97080697778 0.00000000000 0.00000000000 0.00000000000 0.00000000000 0.00000000000 0.00000000000 0.25178847203
0.06724272967 -0.00087084437 0.25178648614 0.97085433265 0.00000000000 0.00000000000 0.00000000000 0.00000000000 0.00000000000 0.00000000000 0.25178799212
0.06723436262 -0.00086607176 0.25178602274 0.97080363825 0.00000000000 0.00000000000 0.00000000000 0.00000000000 0.00000000000 0.00000000000 0.25178751226
0.06722599673 -0.00086129980 0.25178555931 0.97086396375 0.00000000000 0.00000000000 0.00000000000 0.00000000000 0.00000000000 0.00000000000 0.25178703246
0.06721763226 -0.00085652866 0.25178509587 0.97080061494 0.00000000000 0.00000000000 0.00000000000 0.00000000000 0.00000000000 0.00000000000 0.25178655275
0.06720926955 -0.00085175852 0.25178463244 0.97087503546 0.00000000000 0.00000000000 0.00000000000 0.00000000000 0.00000000000 0.00000000000 0.25178607313
0.06720090895 -0.00084698958 0.25178416903 0.97080397073 0.00000000000 0.00000000000 0.00000000000 0.00000000000 0.00000000000 0.00000000000 0.25178559364
0.06719255081 -0.00084222205 0.25178370567 0.97089221887 0.00000000000 0.00000000000 0.00000000000 0.00000000000 0.00000000000 0.00000000000 0.25178511429
0.06718419549 -0.00083745613 0.25178324237 0.97085122463 0.00000000000 0.00000000000 0.00000000000 0.00000000000 0.00000000000 0.00000000000 0.25178463510
0.06717584324 -0.00083269195 0.25178277916 0.97091243888 0.00000000000 0.00000000000 0.00000000000 0.00000000000 0.00000000000 0.00000000000 0.25178415608
0.06716749422 -0.00082792962 0.25178231603 0.97093722369 0.00000000000 0.00000000000 0.00000000000 0.00000000000 0.00000000000 0.00000000000 0.25178367726
0.06715914839 -0.00082316911 0.25178185299 0.97092761148 0.00000000000 0.00000000000 0.00000000000 0.00000000000 0.00000000000 0.00000000000 0.25178319861
0.06715080563 -0.00081841035 0.25178139003 0.97098029628 0.00000000000 0.00000000000 0.00000000000 0.00000000000 0.00000000000 0.00000000000 0.25178272014
0.06714246574 -0.00081365322 0.25178092714 0.97093699313 0.00000000000 0.00000000000 0.00000000000 0.00000000000 0.00000000000 0.00000000000 0.25178224184
0.06713412847 -0.00080889759 0.25178046431 0.97100066767 0.00000000000 0.00000000000 0.00000000000 0.00000000000 0.00000000000 0.00000000000 0.25178176368
0.06712579354 -0.00080414329 0.25178000152 0.97094375362 0.00000000000 0.00000000000 0.00000000000 0.00000000000 0.00000000000 0.00000000000 0.25178128566
0.06711746067 -0.00079939017 0.25177953875 0.97101207271 0.00000000000 0.00000000000 0.00000000000 0.00000000000 0.00000000000 0.00000000000 0.25178080776
0.06710912955 -0.00079463805 0.25177907599 0.97094674440 0.00000000000 0.00000000000 0.00000000000 0.00000000000 0.00000000000 0.00000000000 0.25178032996
0.06710079987 -0.00078988674 0.25177861321 0.97100750972 0.00000000000 0.00000000000 0.00000000000 0.00000000000 0.00000000000 0.00000000000 0.25177985224
0.06709247135 -0.00078513610 0.25177815042 0.97095038664 0.00000000000 0.00000000000 0.00000000000 0.00000000000 0.00000000000 0.00000000000 0.25177937459
0.06708414372 -0.00078038597 0.25177768758 0.97099779122 0.00000000000 0.00000000000 0.00000000000 0.00000000000 0.00000000000 0.00000000000 0.25177889698
0.06707581678 -0.00077563623 0.25177722470 0.97095635750 0.00000000000 0.00000000000 0.00000000000 0.00000000000 0.00000000000 0.00000000000 0.25177841942
0.06706749033 -0.00077088676 0.25177676175 0.97099875259 0.00000000000 0.00000000000 0.00000000000 0.00000000000 0.00000000000 0.00000000000 0.25177794189
0.06705916417 -0.00076613747 0.25177629872 0.97096524844 0.00000000000 0.00000000000 0.00000000000 0.00000000000 0.00000000000 0.00000000000 0.25177746437
0.06705083814 -0.00076138825 0.25177583562 0.97100967544 0.00000000000 0.00000000000 0.00000000000 0.00000000000 0.00000000000 0.00000000000 0.25177698686
0.06704251204 -0.00075663899 0.25177537242 0.97097455587 0.00000000000 0.00000000000 0.00000000000 0.00000000000 0.00000000000 0.00000000000 0.25177650935
0.06703418571 -0.00075188959 0.25177490912 0.97101969079 0.00000000000 0.00000000000 0.00000000000 0.00000000000 0.00000000000 0.00000000000 0.25177603182
0.06702585894 -0.00074713994 0.25177444570 0.97098378467 0.00000000000 0.00000000000 0.00000000000 0.00000000000 0.00000000000 0.00000000000 0.25177555427
0.06701753155 -0.00074238995 0.25177398216 0.97102585437 0.00000000000 0.00000000000 0.00000000000 0.00000000000 0.00000000000 0.00000000000 0.25177507668
0.06700920337 -0.00073763949 0.25177351849 0.97099268329 0.00000000000 0.00000000000 0.00000000000 0.00000000000 0.00000000000 0.00000000000 0.25177459905
0.06700087423 -0.00073288850 0.25177305467 0.97102985914 0.00000000000 0.00000000000 0.00000000000 0.00000000000 0.00000000000 0.00000000000 0.25177412136
0.06699254397 -0.00072813686 0.25177259071 0.97099862067 0.00000000000 0.00000000000 0.00000000000 0.00000000000 0.00000000000 0.00000000000 0.25177364361
0.06698421245 -0.00072338450 0.25177212658 0.97101873307 0.00000000000 0.00000000000 0.00000000000 0.00000000000 0.00000000000 0.00000000000 0.25177316578
0.06697587958 -0.00071863138 0.25177166229 0.97100222892 0.00000000000 0.00000000000 0.00000000000 0.00000000000 0.00000000000 0.00000000000 0.25177268788
0.06696754531 -0.00071387745 0.25177119783 0.97099313836 0.00000000000 0.00000000000 0.00000000000 0.00000000000 0.00000000000 0.00000000000 0.25177220990
0.06695920968 -0.00070912275 0.25177073320 0.97101166988 0.00000000000 0.00000000000 0.00000000000 0.00000000000 0.00000000000 0.00000000000 0.25177173184
0.06695087278 -0.00070436733 0.25177026841 0.97098291563 0.00000000000 0.00000000000 0.00000000000 0.00000000000 0.00000000000 0.00000000000 0.25177125370
0.06694253479 -0.00069961128 0.25176980348 0.97103709225 0.00000000000 0.00000000000 0.00000000000 0.00000000000 0.00000000000 0.00000000000 0.25177077551
0.06693419594 -0.00069485474 0.25176933840 0.97097693513 0.00000000000 0.00000000000 0.00000000000 0.00000000000 0.00000000000 0.00000000000 0.25177029726
0.06692585659 -0.00069009792 0.25176887321 0.97109233601 0.00000000000 0.00000000000 0.00000000000 0.00000000000 0.00000000000 0.00000000000 0.25176981899
0.06691751723 -0.00068534109 0.25176840793 0.97096487570 0.00000000000 0.00000000000 0.00000000000 0.00000000000 0.00000000000 0.00000000000 0.25176934071
0.06690917858 -0.00068058466 0.25176794259 0.97118000957 0.00000000000 0.00000000000 0.00000000000 0.00000000000 0.00000000000 0.00000000000 0.25176886248
0.06690084150 -0.00067582913 0.25176747726 0.97095111518 0.00000000000 0.00000000000 0.00000000000 0.00000000000 0.00000000000 0.00000000000 0.25176838433
0.06689250714 -0.00067107515 0.25176701199 0.97126962880 0.00000000000 0.00000000000 0.00000000000 0.00000000000 0.00000000000 0.00000000000 0.25176790635
0.06688417679 -0.00066632346 0.25176654685 0.97095815894 0.00000000000 0.00000000000 0.00000000000 0.00000000000 0.00000000000 0.00000000000 0.25176742859
0.06687585184 -0.00066157485 0.25176608192 0.97129548584 0.00000000000 0.00000000000 0.00000000000 0.00000000000 0.00000000000 0.00000000000 0.25176695114
0.06686753366 -0.00065683010 0.25176561728 0.97100941244 0.00000000000 0.00000000000 0.00000000000 0.00000000000 0.00000000000 0.00000000000 0.25176647408
0.06685922332 -0.00065208982 0.25176515299 0.97118798839 0.00000000000 0.00000000000 0.00000000000 0.00000000000 0.00000000000 0.00000000000 0.25176599747
0.06685092163 -0.00064735448 0.25176468910 0.97110769848 0.00000000000 0.00000000000 0.00000000000 0.00000000000 0.00000000000 0.00000000000 0.25176552136
0.06684262862 -0.00064262408 0.25176422560 0.97094804874 0.00000000000 0.00000000000 0.00000000000 0.00000000000 0.00000000000 0.00000000000 0.25176504574
0.06683434387 -0.00063789840 0.25176376247 0.97123220974 0.00000000000 0.00000000000 0.00000000000 0.00000000000 0.00000000000 0.00000000000 0.25176457060
0.06682606591 -0.00063317659 0.25176329964 0.97070656008 0.00000000000 0.00000000000 0.00000000000 0.00000000000 0.00000000000 0.00000000000 0.25176409585
0.06681779283 -0.00062845756 0.25176283699 0.97132920109 0.00000000000 0.00000000000 0.00000000000 0.00000000000 0.00000000000 0.00000000000 0.25176362137
0.06680952188 -0.00062373975 0.25176237437 0.97060184960 0.00000000000 0.00000000000 0.00000000000 0.00000000000 0.00000000000 0.00000000000 0.25176314702
0.06680125002 -0.00061902142 0.25176191161 0.97137111786 0.00000000000 0.00000000000 0.00000000000 0.00000000000 0.00000000000 0.00000000000 0.25176267262
0.06679297396 -0.00061430069 0.25176144853 0.97066538105 0.00000000000 0.00000000000 0.00000000000 0.00000000000 0.00000000000 0.00000000000 0.25176219797
0.06678469033 -0.00060957565 0.25176098493 0.97136638191 0.00000000000 0.00000000000 0.00000000000 0.00000000000 0.00000000000 0.00000000000 0.25176172290
0.06677639598 -0.00060484449 0.25176052065 0.97078551511 0.00000000000 0.00000000000 0.00000000000 0.00000000000 0.00000000000 0.00000000000 0.25176124720
0.06676808794 -0.00060010552 0.25176005551 0.97128532886 0.00000000000 0.00000000000 0.00000000000 0.00000000000 0.00000000000 0.00000000000 0.25176077073
0.06675976388 -0.00059535741 0.25175958938 0.97095945598 0.00000000000 0.00000000000 0.00000000000 0.00000000000 0.00000000000 0.00000000000 0.25176029333
0.06675142188 -0.00059059907 0.25175912216 0.97115745904 0.00000000000 0.00000000000 0.00000000000 0.00000000000 0.00000000000 0.00000000000 0.25175981490
0.06674306116 -0.00058583005 0.25175865381 0.97123764308 0.00000000000 0.00000000000 0.00000000000 0.00000000000 0.00000000000 0.00000000000 0.25175933540
0.06673468130 -0.00058105012 0.25175818428 1.04656030188 0.00000000000 0.00000000000 0.00000000000 0.00000000000 0.00000000000 0.00000000000 0.25175885481
0.06672628200 -0.00057625909 0.25175771357 1.12732042218 0.00000000000 0.00000000000 0.00000000000 0.00000000000 0.00000000000 0.00000000000 0.25175837309
0.06671786409 -0.00057145745 0.25175724172 0.95348049218 0.00000000000 0.00000000000 0.00000000000 0.00000000000 0.00000000000 0.00000000000 0.25175789029
0.06670943377 -0.00056664873 0.25175676908 0.76572912829 0.00000000000 0.00000000000 0.00000000000 0.00000000000 0.00000000000 0.00000000000 0.25175740678
0.06670099807 -0.00056183694 0.25175629606 0.76856038712 0.00000000000 0.00000000000 0.00000000000 0.00000000000 0.00000000000 0.00000000000 0.25175692298
0.06669256006 -0.00055702383 0.25175582284 0.78194554896 0.00000000000 0.00000000000 0.00000000000 0.00000000000 0.00000000000 0.00000000000 0.25175643906
0.06668412164 -0.00055221049 0.25175534952 0.79603936880 0.00000000000 0.00000000000 0.00000000000 0.00000000000 0.00000000000 0.00000000000 0.25175595514
0.06667568475 -0.00054739802 0.25175487622 0.81087113641 0.00000000000 0.00000000000 0.00000000000 0.00000000000 0.00000000000 0.00000000000 0.25175547133
