VARIABLES=
"CoordinateX"
"CoordinateY"
"CoordinateZ"
"Kappa1"
"Kappa2"
"dy"
"dz"
"d2x"
"d2y"
"d2z"
"R"
ZONE T="Konrollpunkte"
I=101, J=1, K=1
0.06393098887 -0.00288423955 0.24791116046 0.00000000000 0.00000000000 0.00000000000 0.00000000000 0.00000000000 0.00000000000 0.00000000000 0.00000000000
0.06394461553 -0.00290234617 0.24791150030 0.00000000000 0.00000000000 0.00000000000 0.00000000000 0.00000000000 0.00000000000 0.00000000000 0.00000000000
0.06396505626 -0.00292950706 0.24791200760 0.00000000000 0.00000000000 0.00000000000 0.00000000000 0.00000000000 0.00000000000 0.00000000000 0.00000000000
0.06399231027 -0.00296572115 0.24791267937 0.00000000000 0.00000000000 0.00000000000 0.00000000000 0.00000000000 0.00000000000 0.00000000000 0.00000000000
0.06401275059 -0.00299288142 0.24791317972 0.00000000000 0.00000000000 0.00000000000 0.00000000000 0.00000000000 0.00000000000 0.00000000000 0.00000000000
0.06403319071 -0.00302004139 0.24791367709 0.00000000000 0.00000000000 0.00000000000 0.00000000000 0.00000000000 0.00000000000 0.00000000000 0.00000000000
0.06405363056 -0.00304720097 0.24791417149 0.00000000000 0.00000000000 0.00000000000 0.00000000000 0.00000000000 0.00000000000 0.00000000000 0.00000000000
0.06407407012 -0.00307436012 0.24791466290 0.00000000000 0.00000000000 0.00000000000 0.00000000000 0.00000000000 0.00000000000 0.00000000000 0.00000000000
0.06409450946 -0.00310151895 0.24791515134 0.00000000000 0.00000000000 0.00000000000 0.00000000000 0.00000000000 0.00000000000 0.00000000000 0.00000000000
0.06411494853 -0.00312867737 0.24791563680 0.00000000000 0.00000000000 0.00000000000 0.00000000000 0.00000000000 0.00000000000 0.00000000000 0.00000000000
0.06413538724 -0.00315583529 0.24791611927 0.00000000000 0.00000000000 0.00000000000 0.00000000000 0.00000000000 0.00000000000 0.00000000000 0.00000000000
0.06415582544 -0.00318299247 0.24791659876 0.00000000000 0.00000000000 0.00000000000 0.00000000000 0.00000000000 0.00000000000 0.00000000000 0.00000000000
0.06417626269 -0.00321014837 0.24791707526 0.00000000000 0.00000000000 0.00000000000 0.00000000000 0.00000000000 0.00000000000 0.00000000000 0.00000000000
0.06419669835 -0.00323730212 0.24791754875 0.00000000000 0.00000000000 0.00000000000 0.00000000000 0.00000000000 0.00000000000 0.00000000000 0.00000000000
0.06421713169 -0.00326445274 0.24791801921 0.00000000000 0.00000000000 0.00000000000 0.00000000000 0.00000000000 0.00000000000 0.00000000000 0.00000000000
0.06423756190 -0.00329159916 0.24791848663 0.00000000000 0.00000000000 0.00000000000 0.00000000000 0.00000000000 0.00000000000 0.00000000000 0.00000000000
0.06425798821 -0.00331874037 0.24791895099 0.00000000000 0.00000000000 0.00000000000 0.00000000000 0.00000000000 0.00000000000 0.00000000000 0.00000000000
0.06427841065 -0.00334587639 0.24791941230 0.00000000000 0.00000000000 0.00000000000 0.00000000000 0.00000000000 0.00000000000 0.00000000000 0.00000000000
0.06429883016 -0.00337300847 0.24791987057 0.00000000000 0.00000000000 0.00000000000 0.00000000000 0.00000000000 0.00000000000 0.00000000000 0.00000000000
0.06431924768 -0.00340013789 0.24792032583 0.00000000000 0.00000000000 0.00000000000 0.00000000000 0.00000000000 0.00000000000 0.00000000000 0.00000000000
0.06433966419 -0.00342726590 0.24792077811 0.00000000000 0.00000000000 0.00000000000 0.00000000000 0.00000000000 0.00000000000 0.00000000000 0.00000000000
0.06436008052 -0.00345439365 0.24792122741 0.00000000000 0.00000000000 0.00000000000 0.00000000000 0.00000000000 0.00000000000 0.00000000000 0.00000000000
0.06438049740 -0.00348152207 0.24792167376 0.00000000000 0.00000000000 0.00000000000 0.00000000000 0.00000000000 0.00000000000 0.00000000000 0.00000000000
0.06440091556 -0.00350865216 0.24792211717 0.00000000000 0.00000000000 0.00000000000 0.00000000000 0.00000000000 0.00000000000 0.00000000000 0.00000000000
0.06442133632 -0.00353578567 0.24792255767 0.00000000000 0.00000000000 0.00000000000 0.00000000000 0.00000000000 0.00000000000 0.00000000000 0.00000000000
0.06444176160 -0.00356292513 0.24792299530 0.00000000000 0.00000000000 0.00000000000 0.00000000000 0.00000000000 0.00000000000 0.00000000000 0.00000000000
0.06446219330 -0.00359007308 0.24792343010 0.00000000000 0.00000000000 0.00000000000 0.00000000000 0.00000000000 0.00000000000 0.00000000000 0.00000000000
0.06448263319 -0.00361723188 0.24792386210 0.00000000000 0.00000000000 0.00000000000 0.00000000000 0.00000000000 0.00000000000 0.00000000000 0.00000000000
0.06450308227 -0.00364440284 0.24792429132 0.00000000000 0.00000000000 0.00000000000 0.00000000000 0.00000000000 0.00000000000 0.00000000000 0.00000000000
0.06452353943 -0.00367158449 0.24792471773 0.00000000000 0.00000000000 0.00000000000 0.00000000000 0.00000000000 0.00000000000 0.00000000000 0.00000000000
0.06454400217 -0.00369877351 0.24792514128 0.00000000000 0.00000000000 0.00000000000 0.00000000000 0.00000000000 0.00000000000 0.00000000000 0.00000000000
0.06456446831 -0.00372596700 0.24792556193 0.00000000000 0.00000000000 0.00000000000 0.00000000000 0.00000000000 0.00000000000 0.00000000000 0.00000000000
0.06458493632 -0.00375316293 0.24792597963 0.00000000000 0.00000000000 0.00000000000 0.00000000000 0.00000000000 0.00000000000 0.00000000000 0.00000000000
0.06460540321 -0.00378035977 0.24792643702 0.00000000000 0.00000000000 0.00000000000 0.00000000000 0.00000000000 0.00000000000 0.00000000000 0.00000000000
0.06462586757 -0.00380755663 0.24792695146 0.00000000000 0.00000000000 0.00000000000 0.00000000000 0.00000000000 0.00000000000 0.00000000000 0.00000000000
0.06464633171 -0.00383475315 0.24792746291 0.00000000000 0.00000000000 0.00000000000 0.00000000000 0.00000000000 0.00000000000 0.00000000000 0.00000000000
0.06466679546 -0.00386194910 0.24792797137 0.00000000000 0.00000000000 0.00000000000 0.00000000000 0.00000000000 0.00000000000 0.00000000000 0.00000000000
0.06468725851 -0.00388914408 0.24792847683 0.00000000000 0.00000000000 0.00000000000 0.00000000000 0.00000000000 0.00000000000 0.00000000000 0.00000000000
0.06470772047 -0.00391633756 0.24792897929 0.00000000000 0.00000000000 0.00000000000 0.00000000000 0.00000000000 0.00000000000 0.00000000000 0.00000000000
0.06472818092 -0.00394352898 0.24792947873 0.00000000000 0.00000000000 0.00000000000 0.00000000000 0.00000000000 0.00000000000 0.00000000000 0.00000000000
0.06474863939 -0.00397071773 0.24792997514 0.00000000000 0.00000000000 0.00000000000 0.00000000000 0.00000000000 0.00000000000 0.00000000000 0.00000000000
0.06476909537 -0.00399790313 0.24793046851 0.00000000000 0.00000000000 0.00000000000 0.00000000000 0.00000000000 0.00000000000 0.00000000000 0.00000000000
0.06478954871 -0.00402508496 0.24793095885 0.00000000000 0.00000000000 0.00000000000 0.00000000000 0.00000000000 0.00000000000 0.00000000000 0.00000000000
0.06480999969 -0.00405226361 0.24793144615 0.00000000000 0.00000000000 0.00000000000 0.00000000000 0.00000000000 0.00000000000 0.00000000000 0.00000000000
0.06483044893 -0.00407943990 0.24793193043 0.00000000000 0.00000000000 0.00000000000 0.00000000000 0.00000000000 0.00000000000 0.00000000000 0.00000000000
0.06485089700 -0.00410661458 0.24793241172 0.00000000000 0.00000000000 0.00000000000 0.00000000000 0.00000000000 0.00000000000 0.00000000000 0.00000000000
0.06487134431 -0.00413378821 0.24793289000 0.00000000000 0.00000000000 0.00000000000 0.00000000000 0.00000000000 0.00000000000 0.00000000000 0.00000000000
0.06489179126 -0.00416096131 0.24793336531 0.00000000000 0.00000000000 0.00000000000 0.00000000000 0.00000000000 0.00000000000 0.00000000000 0.00000000000
0.06491223809 -0.00418813419 0.24793383764 0.00000000000 0.00000000000 0.00000000000 0.00000000000 0.00000000000 0.00000000000 0.00000000000 0.00000000000
0.06493268490 -0.00421530700 0.24793430699 0.00000000000 0.00000000000 0.00000000000 0.00000000000 0.00000000000 0.00000000000 0.00000000000 0.00000000000
0.06495313170 -0.00424247976 0.24793477337 0.00000000000 0.00000000000 0.00000000000 0.00000000000 0.00000000000 0.00000000000 0.00000000000 0.00000000000
0.06497357852 -0.00426965247 0.24793523677 0.00000000000 0.00000000000 0.00000000000 0.00000000000 0.00000000000 0.00000000000 0.00000000000 0.00000000000
0.06499402534 -0.00429682515 0.24793569720 0.00000000000 0.00000000000 0.00000000000 0.00000000000 0.00000000000 0.00000000000 0.00000000000 0.00000000000
0.06501447215 -0.00432399776 0.24793615466 0.00000000000 0.00000000000 0.00000000000 0.00000000000 0.00000000000 0.00000000000 0.00000000000 0.00000000000
0.06503491895 -0.00435117030 0.24793660914 0.00000000000 0.00000000000 0.00000000000 0.00000000000 0.00000000000 0.00000000000 0.00000000000 0.00000000000
0.06505536574 -0.00437834277 0.24793706064 0.00000000000 0.00000000000 0.00000000000 0.00000000000 0.00000000000 0.00000000000 0.00000000000 0.00000000000
0.06507581251 -0.00440551518 0.24793750917 0.00000000000 0.00000000000 0.00000000000 0.00000000000 0.00000000000 0.00000000000 0.00000000000 0.00000000000
0.06509625929 -0.00443268752 0.24793795473 0.00000000000 0.00000000000 0.00000000000 0.00000000000 0.00000000000 0.00000000000 0.00000000000 0.00000000000
0.06511670606 -0.00445985983 0.24793839731 0.00000000000 0.00000000000 0.00000000000 0.00000000000 0.00000000000 0.00000000000 0.00000000000 0.00000000000
0.06513715286 -0.00448703210 0.24793883692 0.00000000000 0.00000000000 0.00000000000 0.00000000000 0.00000000000 0.00000000000 0.00000000000 0.00000000000
0.06515759966 -0.00451420433 0.24793927355 0.00000000000 0.00000000000 0.00000000000 0.00000000000 0.00000000000 0.00000000000 0.00000000000 0.00000000000
0.06517804647 -0.00454137651 0.24793970721 0.00000000000 0.00000000000 0.00000000000 0.00000000000 0.00000000000 0.00000000000 0.00000000000 0.00000000000
0.06519849328 -0.00456854864 0.24794013790 0.00000000000 0.00000000000 0.00000000000 0.00000000000 0.00000000000 0.00000000000 0.00000000000 0.00000000000
0.06521894016 -0.00459572081 0.24794056561 0.00000000000 0.00000000000 0.00000000000 0.00000000000 0.00000000000 0.00000000000 0.00000000000 0.00000000000
0.06523938722 -0.00462289315 0.24794099036 0.00000000000 0.00000000000 0.00000000000 0.00000000000 0.00000000000 0.00000000000 0.00000000000 0.00000000000
0.06525983464 -0.00465006592 0.24794141213 0.00000000000 0.00000000000 0.00000000000 0.00000000000 0.00000000000 0.00000000000 0.00000000000 0.00000000000
0.06528028276 -0.00467723957 0.24794183095 0.00000000000 0.00000000000 0.00000000000 0.00000000000 0.00000000000 0.00000000000 0.00000000000 0.00000000000
0.06530073202 -0.00470441468 0.24794224681 0.00000000000 0.00000000000 0.00000000000 0.00000000000 0.00000000000 0.00000000000 0.00000000000 0.00000000000
0.06532118286 -0.00473159183 0.24794265974 0.00000000000 0.00000000000 0.00000000000 0.00000000000 0.00000000000 0.00000000000 0.00000000000 0.00000000000
0.06534163577 -0.00475877167 0.24794306973 0.00000000000 0.00000000000 0.00000000000 0.00000000000 0.00000000000 0.00000000000 0.00000000000 0.00000000000
0.06536209123 -0.00478595485 0.24794347679 0.00000000000 0.00000000000 0.00000000000 0.00000000000 0.00000000000 0.00000000000 0.00000000000 0.00000000000
0.06538254929 -0.00481314142 0.24794388093 0.00000000000 0.00000000000 0.00000000000 0.00000000000 0.00000000000 0.00000000000 0.00000000000 0.00000000000
0.06540300954 -0.00484033086 0.24794428213 0.00000000000 0.00000000000 0.00000000000 0.00000000000 0.00000000000 0.00000000000 0.00000000000 0.00000000000
0.06542347144 -0.00486752241 0.24794468039 0.00000000000 0.00000000000 0.00000000000 0.00000000000 0.00000000000 0.00000000000 0.00000000000 0.00000000000
0.06544393448 -0.00489471543 0.24794507570 0.00000000000 0.00000000000 0.00000000000 0.00000000000 0.00000000000 0.00000000000 0.00000000000 0.00000000000
0.06546439826 -0.00492190938 0.24794546803 0.00000000000 0.00000000000 0.00000000000 0.00000000000 0.00000000000 0.00000000000 0.00000000000 0.00000000000
0.06548486242 -0.00494910376 0.24794585740 0.00000000000 0.00000000000 0.00000000000 0.00000000000 0.00000000000 0.00000000000 0.00000000000 0.00000000000
0.06550532662 -0.00497629814 0.24794624379 0.00000000000 0.00000000000 0.00000000000 0.00000000000 0.00000000000 0.00000000000 0.00000000000 0.00000000000
0.06552579059 -0.00500349216 0.24794662720 0.00000000000 0.00000000000 0.00000000000 0.00000000000 0.00000000000 0.00000000000 0.00000000000 0.00000000000
0.06554625384 -0.00503068516 0.24794700761 0.00000000000 0.00000000000 0.00000000000 0.00000000000 0.00000000000 0.00000000000 0.00000000000 0.00000000000
0.06556671533 -0.00505787575 0.24794738502 0.00000000000 0.00000000000 0.00000000000 0.00000000000 0.00000000000 0.00000000000 0.00000000000 0.00000000000
0.06558717362 -0.00508506204 0.24794775939 0.00000000000 0.00000000000 0.00000000000 0.00000000000 0.00000000000 0.00000000000 0.00000000000 0.00000000000
0.06560762699 -0.00511224173 0.24794813069 0.00000000000 0.00000000000 0.00000000000 0.00000000000 0.00000000000 0.00000000000 0.00000000000 0.00000000000
0.06562807339 -0.00513941210 0.24794849889 0.00000000000 0.00000000000 0.00000000000 0.00000000000 0.00000000000 0.00000000000 0.00000000000 0.00000000000
0.06564851089 -0.00516657057 0.24794886396 0.00000000000 0.00000000000 0.00000000000 0.00000000000 0.00000000000 0.00000000000 0.00000000000 0.00000000000
0.06566893939 -0.00519371703 0.24794922591 0.00000000000 0.00000000000 0.00000000000 0.00000000000 0.00000000000 0.00000000000 0.00000000000 0.00000000000
0.06568936078 -0.00522085396 0.24794958476 0.00000000000 0.00000000000 0.00000000000 0.00000000000 0.00000000000 0.00000000000 0.00000000000 0.00000000000
0.06570977721 -0.00524798425 0.24794994055 0.00000000000 0.00000000000 0.00000000000 0.00000000000 0.00000000000 0.00000000000 0.00000000000 0.00000000000
0.06573019066 -0.00527511053 0.24795029334 0.00000000000 0.00000000000 0.00000000000 0.00000000000 0.00000000000 0.00000000000 0.00000000000 0.00000000000
0.06575060287 -0.00530223509 0.24795064313 0.00000000000 0.00000000000 0.00000000000 0.00000000000 0.00000000000 0.00000000000 0.00000000000 0.00000000000
0.06577101483 -0.00532935924 0.24795098996 0.00000000000 0.00000000000 0.00000000000 0.00000000000 0.00000000000 0.00000000000 0.00000000000 0.00000000000
0.06579142708 -0.00535648372 0.24795133384 0.00000000000 0.00000000000 0.00000000000 0.00000000000 0.00000000000 0.00000000000 0.00000000000 0.00000000000
0.06581184022 -0.00538360933 0.24795167476 0.00000000000 0.00000000000 0.00000000000 0.00000000000 0.00000000000 0.00000000000 0.00000000000 0.00000000000
0.06583225508 -0.00541073715 0.24795201275 0.00000000000 0.00000000000 0.00000000000 0.00000000000 0.00000000000 0.00000000000 0.00000000000 0.00000000000
0.06585267255 -0.00543786838 0.24795234782 0.00000000000 0.00000000000 0.00000000000 0.00000000000 0.00000000000 0.00000000000 0.00000000000 0.00000000000
0.06587309345 -0.00546500410 0.24795267998 0.00000000000 0.00000000000 0.00000000000 0.00000000000 0.00000000000 0.00000000000 0.00000000000 0.00000000000
0.06589351834 -0.00549214505 0.24795300924 0.00000000000 0.00000000000 0.00000000000 0.00000000000 0.00000000000 0.00000000000 0.00000000000 0.00000000000
0.06591394695 -0.00551929090 0.24795333559 0.00000000000 0.00000000000 0.00000000000 0.00000000000 0.00000000000 0.00000000000 0.00000000000 0.00000000000
0.06594118901 -0.00555549043 0.24795376617 0.00000000000 0.00000000000 0.00000000000 0.00000000000 0.00000000000 0.00000000000 0.00000000000 0.00000000000
0.06596162230 -0.00558264233 0.24795408568 0.00000000000 0.00000000000 0.00000000000 0.00000000000 0.00000000000 0.00000000000 0.00000000000 0.00000000000
0.06597524483 -0.00560074401 0.24795429703 0.00000000000 0.00000000000 0.00000000000 0.00000000000 0.00000000000 0.00000000000 0.00000000000 0.00000000000
ZONE T="NURB"
I=201, J=1, K=1
0.06393098887 -0.00288423955 0.24791116046 2.14364124665 0.00000000000 0.00000000000 0.00000000000 0.00000000000 0.00000000000 0.00000000000 0.24792793775
0.06394121095 -0.00289782228 0.24791141508 2.10778398525 0.00000000000 0.00000000000 0.00000000000 0.00000000000 0.00000000000 0.00000000000 0.24792835074
0.06395143325 -0.00291140530 0.24791166910 2.07197760116 0.00000000000 0.00000000000 0.00000000000 0.00000000000 0.00000000000 0.00000000000 0.24792876388
0.06396165571 -0.00292498854 0.24791192253 2.03622036922 0.00000000000 0.00000000000 0.00000000000 0.00000000000 0.00000000000 0.00000000000 0.24792917716
0.06397187828 -0.00293857191 0.24791217536 2.00092109750 0.00000000000 0.00000000000 0.00000000000 0.00000000000 0.00000000000 0.00000000000 0.24792959061
0.06398210094 -0.00295215539 0.24791242760 2.50130330059 0.00000000000 0.00000000000 0.00000000000 0.00000000000 0.00000000000 0.00000000000 0.24793000420
0.06399232381 -0.00296573914 0.24791267912 3.00058075700 0.00000000000 0.00000000000 0.00000000000 0.00000000000 0.00000000000 0.00000000000 0.24793041781
0.06400254703 -0.00297932335 0.24791292981 2.78613099992 0.00000000000 0.00000000000 0.00000000000 0.00000000000 0.00000000000 0.00000000000 0.24793083136
0.06401277063 -0.00299290804 0.24791317971 2.57212268729 0.00000000000 0.00000000000 0.00000000000 0.00000000000 0.00000000000 0.00000000000 0.24793124485
0.06402299460 -0.00300649322 0.24791342886 2.57212518407 0.00000000000 0.00000000000 0.00000000000 0.00000000000 0.00000000000 0.00000000000 0.24793165835
0.06403321894 -0.00302007890 0.24791367728 2.57212172389 0.00000000000 0.00000000000 0.00000000000 0.00000000000 0.00000000000 0.00000000000 0.24793207187
0.06404344367 -0.00303366508 0.24791392497 2.57210941040 0.00000000000 0.00000000000 0.00000000000 0.00000000000 0.00000000000 0.00000000000 0.24793248540
0.06405366876 -0.00304725172 0.24791417191 2.57211816542 0.00000000000 0.00000000000 0.00000000000 0.00000000000 0.00000000000 0.00000000000 0.24793289894
0.06406389420 -0.00306083881 0.24791441813 2.57209514553 0.00000000000 0.00000000000 0.00000000000 0.00000000000 0.00000000000 0.00000000000 0.24793331250
0.06407411993 -0.00307442630 0.24791466360 2.57210880022 0.00000000000 0.00000000000 0.00000000000 0.00000000000 0.00000000000 0.00000000000 0.24793372608
0.06408434593 -0.00308801413 0.24791490834 2.57207181066 0.00000000000 0.00000000000 0.00000000000 0.00000000000 0.00000000000 0.00000000000 0.24793413966
0.06409457215 -0.00310160223 0.24791515234 2.57209314420 0.00000000000 0.00000000000 0.00000000000 0.00000000000 0.00000000000 0.00000000000 0.24793455325
0.06410479851 -0.00311519052 0.24791539560 2.57205627628 0.00000000000 0.00000000000 0.00000000000 0.00000000000 0.00000000000 0.00000000000 0.24793496685
0.06411502497 -0.00312877893 0.24791563811 2.57207520501 0.00000000000 0.00000000000 0.00000000000 0.00000000000 0.00000000000 0.00000000000 0.24793538045
0.06412525146 -0.00314236738 0.24791587988 2.57203496543 0.00000000000 0.00000000000 0.00000000000 0.00000000000 0.00000000000 0.00000000000 0.24793579405
0.06413547793 -0.00315595578 0.24791612091 2.57205880955 0.00000000000 0.00000000000 0.00000000000 0.00000000000 0.00000000000 0.00000000000 0.24793620765
0.06414570430 -0.00316954404 0.24791636119 2.57200415553 0.00000000000 0.00000000000 0.00000000000 0.00000000000 0.00000000000 0.00000000000 0.24793662125
0.06415593047 -0.00318313203 0.24791660073 2.57204802181 0.00000000000 0.00000000000 0.00000000000 0.00000000000 0.00000000000 0.00000000000 0.24793703484
0.06416615635 -0.00319671962 0.24791683951 2.57197189569 0.00000000000 0.00000000000 0.00000000000 0.00000000000 0.00000000000 0.00000000000 0.24793744842
0.06417638178 -0.00321030660 0.24791707753 2.57204224182 0.00000000000 0.00000000000 0.00000000000 0.00000000000 0.00000000000 0.00000000000 0.24793786198
0.06418660661 -0.00322389278 0.24791731480 2.57194630122 0.00000000000 0.00000000000 0.00000000000 0.00000000000 0.00000000000 0.00000000000 0.24793827551
0.06419683066 -0.00323747791 0.24791755131 2.57203735563 0.00000000000 0.00000000000 0.00000000000 0.00000000000 0.00000000000 0.00000000000 0.24793868901
0.06420705372 -0.00325106173 0.24791778705 2.57192456469 0.00000000000 0.00000000000 0.00000000000 0.00000000000 0.00000000000 0.00000000000 0.24793910248
0.06421727559 -0.00326464394 0.24791802202 2.57202845335 0.00000000000 0.00000000000 0.00000000000 0.00000000000 0.00000000000 0.00000000000 0.24793951589
0.06422749604 -0.00327822426 0.24791825621 2.57191338546 0.00000000000 0.00000000000 0.00000000000 0.00000000000 0.00000000000 0.00000000000 0.24793992925
0.06423771485 -0.00329180239 0.24791848963 2.57200912722 0.00000000000 0.00000000000 0.00000000000 0.00000000000 0.00000000000 0.00000000000 0.24794034254
0.06424793185 -0.00330537810 0.24791872225 2.57195465586 0.00000000000 0.00000000000 0.00000000000 0.00000000000 0.00000000000 0.00000000000 0.24794075576
0.06425814692 -0.00331895125 0.24791895410 2.57197363242 0.00000000000 0.00000000000 0.00000000000 0.00000000000 0.00000000000 0.00000000000 0.24794116890
0.06426836004 -0.00333252179 0.24791918515 2.57200988032 0.00000000000 0.00000000000 0.00000000000 0.00000000000 0.00000000000 0.00000000000 0.24794158197
0.06427857129 -0.00334608984 0.24791941542 2.57192894701 0.00000000000 0.00000000000 0.00000000000 0.00000000000 0.00000000000 0.00000000000 0.24794199495
0.06428878081 -0.00335965557 0.24791964491 2.57200687211 0.00000000000 0.00000000000 0.00000000000 0.00000000000 0.00000000000 0.00000000000 0.24794240787
0.06429898879 -0.00337321925 0.24791987363 2.57189399837 0.00000000000 0.00000000000 0.00000000000 0.00000000000 0.00000000000 0.00000000000 0.24794282072
0.06430919542 -0.00338678113 0.24792010157 2.57199808242 0.00000000000 0.00000000000 0.00000000000 0.00000000000 0.00000000000 0.00000000000 0.24794323352
0.06431940093 -0.00340034150 0.24792032875 2.57187571078 0.00000000000 0.00000000000 0.00000000000 0.00000000000 0.00000000000 0.00000000000 0.24794364627
0.06432960555 -0.00341390069 0.24792055516 2.57197804746 0.00000000000 0.00000000000 0.00000000000 0.00000000000 0.00000000000 0.00000000000 0.24794405899
0.06433980950 -0.00342745898 0.24792078082 2.57186725815 0.00000000000 0.00000000000 0.00000000000 0.00000000000 0.00000000000 0.00000000000 0.24794447168
0.06435001299 -0.00344101664 0.24792100573 2.57195023315 0.00000000000 0.00000000000 0.00000000000 0.00000000000 0.00000000000 0.00000000000 0.24794488435
0.06436021620 -0.00345457392 0.24792122989 2.57186090451 0.00000000000 0.00000000000 0.00000000000 0.00000000000 0.00000000000 0.00000000000 0.24794529702
0.06437041930 -0.00346813104 0.24792145331 2.57193386892 0.00000000000 0.00000000000 0.00000000000 0.00000000000 0.00000000000 0.00000000000 0.24794570967
0.06438062245 -0.00348168822 0.24792167599 2.57185534603 0.00000000000 0.00000000000 0.00000000000 0.00000000000 0.00000000000 0.00000000000 0.24794612233
0.06439082582 -0.00349524568 0.24792189793 2.57195182250 0.00000000000 0.00000000000 0.00000000000 0.00000000000 0.00000000000 0.00000000000 0.24794653500
0.06440102959 -0.00350880367 0.24792211914 2.57184788448 0.00000000000 0.00000000000 0.00000000000 0.00000000000 0.00000000000 0.00000000000 0.24794694768
0.06441123399 -0.00352236247 0.24792233963 2.57197114386 0.00000000000 0.00000000000 0.00000000000 0.00000000000 0.00000000000 0.00000000000 0.24794736039
0.06442143926 -0.00353592243 0.24792255939 2.57183541633 0.00000000000 0.00000000000 0.00000000000 0.00000000000 0.00000000000 0.00000000000 0.24794777313
0.06443164567 -0.00354948389 0.24792277844 2.57195563196 0.00000000000 0.00000000000 0.00000000000 0.00000000000 0.00000000000 0.00000000000 0.24794818592
0.06444185347 -0.00356304720 0.24792299677 2.57181991060 0.00000000000 0.00000000000 0.00000000000 0.00000000000 0.00000000000 0.00000000000 0.24794859877
0.06445206293 -0.00357661268 0.24792321440 2.57193284923 0.00000000000 0.00000000000 0.00000000000 0.00000000000 0.00000000000 0.00000000000 0.24794901168
0.06446227429 -0.00359018069 0.24792343132 2.57180271543 0.00000000000 0.00000000000 0.00000000000 0.00000000000 0.00000000000 0.00000000000 0.24794942467
0.06447248777 -0.00360375150 0.24792364755 2.57187004015 0.00000000000 0.00000000000 0.00000000000 0.00000000000 0.00000000000 0.00000000000 0.24794983775
0.06448270355 -0.00361732535 0.24792386309 2.57178426886 0.00000000000 0.00000000000 0.00000000000 0.00000000000 0.00000000000 0.00000000000 0.24795025092
0.06449292172 -0.00363090238 0.24792407793 2.57172246310 0.00000000000 0.00000000000 0.00000000000 0.00000000000 0.00000000000 0.00000000000 0.24795066418
0.06450314224 -0.00364448251 0.24792429208 2.57176778048 0.00000000000 0.00000000000 0.00000000000 0.00000000000 0.00000000000 0.00000000000 0.24795107754
0.06451336494 -0.00365806554 0.24792450553 2.57162008156 0.00000000000 0.00000000000 0.00000000000 0.00000000000 0.00000000000 0.00000000000 0.24795149099
0.06452358959 -0.00367165113 0.24792471828 2.57175521349 0.00000000000 0.00000000000 0.00000000000 0.00000000000 0.00000000000 0.00000000000 0.24795190452
0.06453381590 -0.00368523892 0.24792493032 2.57162452808 0.00000000000 0.00000000000 0.00000000000 0.00000000000 0.00000000000 0.00000000000 0.24795231812
0.06454404361 -0.00369882857 0.24792514164 2.57174706501 0.00000000000 0.00000000000 0.00000000000 0.00000000000 0.00000000000 0.00000000000 0.24795273177
0.06455427249 -0.00371241975 0.24792535225 2.57164666314 0.00000000000 0.00000000000 0.00000000000 0.00000000000 0.00000000000 0.00000000000 0.24795314547
0.06456450232 -0.00372601218 0.24792556213 2.51217016785 0.00000000000 0.00000000000 0.00000000000 0.00000000000 0.00000000000 0.00000000000 0.24795355920
0.06457473287 -0.00373960563 0.24792577217 15.91053733769 0.00000000000 0.00000000000 0.00000000000 0.00000000000 0.00000000000 0.00000000000 0.24795397387
0.06458496380 -0.00375319985 0.24792598683 34.29957515027 0.00000000000 0.00000000000 0.00000000000 0.00000000000 0.00000000000 0.00000000000 0.24795439390
0.06459519474 -0.00376679466 0.24792621090 41.79112387886 0.00000000000 0.00000000000 0.00000000000 0.00000000000 0.00000000000 0.00000000000 0.24795482410
0.06460542545 -0.00378038989 0.24792644707 49.21120439331 0.00000000000 0.00000000000 0.00000000000 0.00000000000 0.00000000000 0.00000000000 0.24795526714
0.06461565580 -0.00379398540 0.24792669587 23.29675414118 0.00000000000 0.00000000000 0.00000000000 0.00000000000 0.00000000000 0.00000000000 0.24795572357
0.06462588599 -0.00380758110 0.24792695142 2.57139054708 0.00000000000 0.00000000000 0.00000000000 0.00000000000 0.00000000000 0.00000000000 0.24795618749
0.06463611621 -0.00382117691 0.24792720747 2.57135786839 0.00000000000 0.00000000000 0.00000000000 0.00000000000 0.00000000000 0.00000000000 0.24795665266
0.06464634647 -0.00383477276 0.24792746278 2.57137247510 0.00000000000 0.00000000000 0.00000000000 0.00000000000 0.00000000000 0.00000000000 0.24795711783
0.06465657673 -0.00384836859 0.24792771734 2.57133431463 0.00000000000 0.00000000000 0.00000000000 0.00000000000 0.00000000000 0.00000000000 0.24795758300
0.06466680692 -0.00386196433 0.24792797116 2.57135378461 0.00000000000 0.00000000000 0.00000000000 0.00000000000 0.00000000000 0.00000000000 0.24795804817
0.06467703699 -0.00387555989 0.24792822422 2.57131269952 0.00000000000 0.00000000000 0.00000000000 0.00000000000 0.00000000000 0.00000000000 0.24795851333
0.06468726688 -0.00388915519 0.24792847654 2.57133483396 0.00000000000 0.00000000000 0.00000000000 0.00000000000 0.00000000000 0.00000000000 0.24795897848
0.06469749652 -0.00390275016 0.24792872811 2.57129556753 0.00000000000 0.00000000000 0.00000000000 0.00000000000 0.00000000000 0.00000000000 0.24795944362
0.06470772586 -0.00391634471 0.24792897892 2.57131661261 0.00000000000 0.00000000000 0.00000000000 0.00000000000 0.00000000000 0.00000000000 0.24795990875
0.06471795482 -0.00392993876 0.24792922898 2.57127618124 0.00000000000 0.00000000000 0.00000000000 0.00000000000 0.00000000000 0.00000000000 0.24796037386
0.06472818336 -0.00394353222 0.24792947829 2.57129893001 0.00000000000 0.00000000000 0.00000000000 0.00000000000 0.00000000000 0.00000000000 0.24796083895
0.06473841141 -0.00395712502 0.24792972684 2.57125872779 0.00000000000 0.00000000000 0.00000000000 0.00000000000 0.00000000000 0.00000000000 0.24796130402
0.06474863890 -0.00397071707 0.24792997463 2.57128168478 0.00000000000 0.00000000000 0.00000000000 0.00000000000 0.00000000000 0.00000000000 0.24796176906
0.06475886578 -0.00398430830 0.24793022166 2.57126214958 0.00000000000 0.00000000000 0.00000000000 0.00000000000 0.00000000000 0.00000000000 0.24796223407
0.06476909202 -0.00399789866 0.24793046794 2.57126483975 0.00000000000 0.00000000000 0.00000000000 0.00000000000 0.00000000000 0.00000000000 0.24796269906
0.06477931760 -0.00401148814 0.24793071345 2.57127585541 0.00000000000 0.00000000000 0.00000000000 0.00000000000 0.00000000000 0.00000000000 0.24796316402
0.06478954257 -0.00402507679 0.24793095821 2.57124841158 0.00000000000 0.00000000000 0.00000000000 0.00000000000 0.00000000000 0.00000000000 0.24796362895
0.06479976695 -0.00403866464 0.24793120220 2.57127843246 0.00000000000 0.00000000000 0.00000000000 0.00000000000 0.00000000000 0.00000000000 0.24796409385
0.06480999082 -0.00405225181 0.24793144544 2.57123215706 0.00000000000 0.00000000000 0.00000000000 0.00000000000 0.00000000000 0.00000000000 0.24796455873
0.06482021426 -0.00406583839 0.24793168793 2.57125865553 0.00000000000 0.00000000000 0.00000000000 0.00000000000 0.00000000000 0.00000000000 0.24796502359
0.06483043733 -0.00407942447 0.24793192966 2.57121535959 0.00000000000 0.00000000000 0.00000000000 0.00000000000 0.00000000000 0.00000000000 0.24796548843
0.06484066010 -0.00409301014 0.24793217065 2.57123414425 0.00000000000 0.00000000000 0.00000000000 0.00000000000 0.00000000000 0.00000000000 0.24796595326
0.06485088263 -0.00410659548 0.24793241088 2.57119866481 0.00000000000 0.00000000000 0.00000000000 0.00000000000 0.00000000000 0.00000000000 0.24796641807
0.06486110498 -0.00412018056 0.24793265037 2.57121368104 0.00000000000 0.00000000000 0.00000000000 0.00000000000 0.00000000000 0.00000000000 0.24796688288
0.06487132718 -0.00413376543 0.24793288911 2.57118178533 0.00000000000 0.00000000000 0.00000000000 0.00000000000 0.00000000000 0.00000000000 0.24796734769
0.06488154929 -0.00414735017 0.24793312710 2.57118942517 0.00000000000 0.00000000000 0.00000000000 0.00000000000 0.00000000000 0.00000000000 0.24796781248
0.06489177133 -0.00416093481 0.24793336435 2.57116520895 0.00000000000 0.00000000000 0.00000000000 0.00000000000 0.00000000000 0.00000000000 0.24796827728
0.06490199334 -0.00417451939 0.24793360086 2.57116292681 0.00000000000 0.00000000000 0.00000000000 0.00000000000 0.00000000000 0.00000000000 0.24796874207
0.06491221533 -0.00418810394 0.24793383662 2.57114849414 0.00000000000 0.00000000000 0.00000000000 0.00000000000 0.00000000000 0.00000000000 0.24796920687
0.06492243732 -0.00420168846 0.24793407163 2.57114173193 0.00000000000 0.00000000000 0.00000000000 0.00000000000 0.00000000000 0.00000000000 0.24796967166
0.06493265930 -0.00421527297 0.24793430591 2.57113190763 0.00000000000 0.00000000000 0.00000000000 0.00000000000 0.00000000000 0.00000000000 0.24797013645
0.06494288128 -0.00422885746 0.24793453944 2.57112452559 0.00000000000 0.00000000000 0.00000000000 0.00000000000 0.00000000000 0.00000000000 0.24797060125
0.06495310326 -0.00424244194 0.24793477223 2.57111535694 0.00000000000 0.00000000000 0.00000000000 0.00000000000 0.00000000000 0.00000000000 0.24797106604
0.06496332524 -0.00425602642 0.24793500427 2.57110662153 0.00000000000 0.00000000000 0.00000000000 0.00000000000 0.00000000000 0.00000000000 0.24797153083
0.06497354723 -0.00426961088 0.24793523557 2.57109924161 0.00000000000 0.00000000000 0.00000000000 0.00000000000 0.00000000000 0.00000000000 0.24797199562
0.06498376921 -0.00428319533 0.24793546613 2.57108888991 0.00000000000 0.00000000000 0.00000000000 0.00000000000 0.00000000000 0.00000000000 0.24797246042
0.06499399119 -0.00429677976 0.24793569594 2.57108362169 0.00000000000 0.00000000000 0.00000000000 0.00000000000 0.00000000000 0.00000000000 0.24797292521
0.06500421317 -0.00431036417 0.24793592501 2.57107206834 0.00000000000 0.00000000000 0.00000000000 0.00000000000 0.00000000000 0.00000000000 0.24797339000
0.06501443512 -0.00432394854 0.24793615333 2.57106909163 0.00000000000 0.00000000000 0.00000000000 0.00000000000 0.00000000000 0.00000000000 0.24797385479
0.06502465705 -0.00433753286 0.24793638092 2.57105475387 0.00000000000 0.00000000000 0.00000000000 0.00000000000 0.00000000000 0.00000000000 0.24797431958
0.06503487894 -0.00435111711 0.24793660775 2.57105502733 0.00000000000 0.00000000000 0.00000000000 0.00000000000 0.00000000000 0.00000000000 0.24797478437
0.06504510077 -0.00436470128 0.24793683385 2.57103687819 0.00000000000 0.00000000000 0.00000000000 0.00000000000 0.00000000000 0.00000000000 0.24797524916
0.06505532252 -0.00437828533 0.24793705919 2.57104081264 0.00000000000 0.00000000000 0.00000000000 0.00000000000 0.00000000000 0.00000000000 0.24797571394
0.06506554417 -0.00439186923 0.24793728380 2.57101950909 0.00000000000 0.00000000000 0.00000000000 0.00000000000 0.00000000000 0.00000000000 0.24797617872
0.06507576570 -0.00440545295 0.24793750765 2.57102639104 0.00000000000 0.00000000000 0.00000000000 0.00000000000 0.00000000000 0.00000000000 0.24797664349
0.06508598707 -0.00441903645 0.24793773076 2.57100291773 0.00000000000 0.00000000000 0.00000000000 0.00000000000 0.00000000000 0.00000000000 0.24797710825
0.06509620825 -0.00443261969 0.24793795312 2.57101052087 0.00000000000 0.00000000000 0.00000000000 0.00000000000 0.00000000000 0.00000000000 0.24797757301
0.06510642921 -0.00444620262 0.24793817474 2.57098688898 0.00000000000 0.00000000000 0.00000000000 0.00000000000 0.00000000000 0.00000000000 0.24797803776
0.06511664993 -0.00445978522 0.24793839560 2.57099057985 0.00000000000 0.00000000000 0.00000000000 0.00000000000 0.00000000000 0.00000000000 0.24797850249
0.06512687038 -0.00447336744 0.24793861572 2.57097186902 0.00000000000 0.00000000000 0.00000000000 0.00000000000 0.00000000000 0.00000000000 0.24797896722
0.06513709054 -0.00448694927 0.24793883509 2.57096696035 0.00000000000 0.00000000000 0.00000000000 0.00000000000 0.00000000000 0.00000000000 0.24797943192
0.06514731040 -0.00450053068 0.24793905370 2.57095734017 0.00000000000 0.00000000000 0.00000000000 0.00000000000 0.00000000000 0.00000000000 0.24797989662
0.06515752996 -0.00451411169 0.24793927157 2.57094324743 0.00000000000 0.00000000000 0.00000000000 0.00000000000 0.00000000000 0.00000000000 0.24798036130
0.06516774923 -0.00452769230 0.24793948869 2.57094474734 0.00000000000 0.00000000000 0.00000000000 0.00000000000 0.00000000000 0.00000000000 0.24798082597
0.06517796824 -0.00454127253 0.24793970506 2.57092315386 0.00000000000 0.00000000000 0.00000000000 0.00000000000 0.00000000000 0.00000000000 0.24798129063
0.06518818700 -0.00455485243 0.24793992069 2.57093273423 0.00000000000 0.00000000000 0.00000000000 0.00000000000 0.00000000000 0.00000000000 0.24798175528
0.06519840554 -0.00456843203 0.24794013556 2.57090642267 0.00000000000 0.00000000000 0.00000000000 0.00000000000 0.00000000000 0.00000000000 0.24798221991
0.06520862392 -0.00458201139 0.24794034969 2.57091847393 0.00000000000 0.00000000000 0.00000000000 0.00000000000 0.00000000000 0.00000000000 0.24798268454
0.06521884216 -0.00459559056 0.24794056307 2.57089112092 0.00000000000 0.00000000000 0.00000000000 0.00000000000 0.00000000000 0.00000000000 0.24798314916
0.06522906030 -0.00460916958 0.24794077571 2.57090652281 0.00000000000 0.00000000000 0.00000000000 0.00000000000 0.00000000000 0.00000000000 0.24798361378
0.06523927840 -0.00462274853 0.24794098761 2.57087622419 0.00000000000 0.00000000000 0.00000000000 0.00000000000 0.00000000000 0.00000000000 0.24798407840
0.06524949650 -0.00463632746 0.24794119876 2.57089880371 0.00000000000 0.00000000000 0.00000000000 0.00000000000 0.00000000000 0.00000000000 0.24798454302
0.06525971465 -0.00464990646 0.24794140917 2.57086165181 0.00000000000 0.00000000000 0.00000000000 0.00000000000 0.00000000000 0.00000000000 0.24798500763
0.06526993292 -0.00466348560 0.24794161884 2.57088847664 0.00000000000 0.00000000000 0.00000000000 0.00000000000 0.00000000000 0.00000000000 0.24798547226
0.06528015139 -0.00467706498 0.24794182777 2.57084467605 0.00000000000 0.00000000000 0.00000000000 0.00000000000 0.00000000000 0.00000000000 0.24798593689
0.06529037011 -0.00469064470 0.24794203597 2.57087335482 0.00000000000 0.00000000000 0.00000000000 0.00000000000 0.00000000000 0.00000000000 0.24798640154
0.06530058918 -0.00470422485 0.24794224342 2.57082368132 0.00000000000 0.00000000000 0.00000000000 0.00000000000 0.00000000000 0.00000000000 0.24798686620
0.06531080867 -0.00471780556 0.24794245015 2.57086235179 0.00000000000 0.00000000000 0.00000000000 0.00000000000 0.00000000000 0.00000000000 0.24798733087
0.06532102869 -0.00473138695 0.24794265614 2.57079949993 0.00000000000 0.00000000000 0.00000000000 0.00000000000 0.00000000000 0.00000000000 0.24798779558
0.06533124934 -0.00474496916 0.24794286140 2.57085112068 0.00000000000 0.00000000000 0.00000000000 0.00000000000 0.00000000000 0.00000000000 0.24798826031
0.06534147075 -0.00475855237 0.24794306593 2.57077298042 0.00000000000 0.00000000000 0.00000000000 0.00000000000 0.00000000000 0.00000000000 0.24798872508
0.06535169304 -0.00477213674 0.24794326974 2.57081124726 0.00000000000 0.00000000000 0.00000000000 0.00000000000 0.00000000000 0.00000000000 0.24798918988
0.06536191634 -0.00478572243 0.24794347283 2.57074430623 0.00000000000 0.00000000000 0.00000000000 0.00000000000 0.00000000000 0.00000000000 0.24798965474
0.06537214074 -0.00479930958 0.24794367519 2.57076953774 0.00000000000 0.00000000000 0.00000000000 0.00000000000 0.00000000000 0.00000000000 0.24799011964
0.06538236633 -0.00481289828 0.24794387683 2.57072217240 0.00000000000 0.00000000000 0.00000000000 0.00000000000 0.00000000000 0.00000000000 0.24799058460
0.06539259317 -0.00482648864 0.24794407775 2.57073950711 0.00000000000 0.00000000000 0.00000000000 0.00000000000 0.00000000000 0.00000000000 0.24799104961
0.06540282132 -0.00484008072 0.24794427796 2.57071796600 0.00000000000 0.00000000000 0.00000000000 0.00000000000 0.00000000000 0.00000000000 0.24799151468
0.06541305080 -0.00485367455 0.24794447745 2.57071785359 0.00000000000 0.00000000000 0.00000000000 0.00000000000 0.00000000000 0.00000000000 0.24799197982
0.06542328161 -0.00486727015 0.24794467621 2.57072900114 0.00000000000 0.00000000000 0.00000000000 0.00000000000 0.00000000000 0.00000000000 0.24799244501
0.06543351374 -0.00488086747 0.24794487426 2.57069563935 0.00000000000 0.00000000000 0.00000000000 0.00000000000 0.00000000000 0.00000000000 0.24799291026
0.06544374711 -0.00489446643 0.24794507159 2.57073933795 0.00000000000 0.00000000000 0.00000000000 0.00000000000 0.00000000000 0.00000000000 0.24799337557
0.06545398164 -0.00490806692 0.24794526820 2.57067086705 0.00000000000 0.00000000000 0.00000000000 0.00000000000 0.00000000000 0.00000000000 0.24799384094
0.06546421721 -0.00492166876 0.24794546408 2.57073600444 0.00000000000 0.00000000000 0.00000000000 0.00000000000 0.00000000000 0.00000000000 0.24799430635
0.06547445366 -0.00493527178 0.24794565923 2.57065243419 0.00000000000 0.00000000000 0.00000000000 0.00000000000 0.00000000000 0.00000000000 0.24799477180
0.06548469085 -0.00494887576 0.24794585365 2.57071996008 0.00000000000 0.00000000000 0.00000000000 0.00000000000 0.00000000000 0.00000000000 0.24799523728
0.06549492863 -0.00496248050 0.24794604734 2.57064096240 0.00000000000 0.00000000000 0.00000000000 0.00000000000 0.00000000000 0.00000000000 0.24799570279
0.06550516685 -0.00497608582 0.24794624029 2.57069664811 0.00000000000 0.00000000000 0.00000000000 0.00000000000 0.00000000000 0.00000000000 0.24799616832
0.06551540537 -0.00498969152 0.24794643250 2.57061318590 0.00000000000 0.00000000000 0.00000000000 0.00000000000 0.00000000000 0.00000000000 0.24799663387
0.06552564406 -0.00500329742 0.24794662397 2.57067097454 0.00000000000 0.00000000000 0.00000000000 0.00000000000 0.00000000000 0.00000000000 0.24799709942
0.06553588275 -0.00501690332 0.24794681469 2.57056532519 0.00000000000 0.00000000000 0.00000000000 0.00000000000 0.00000000000 0.00000000000 0.24799756497
0.06554612126 -0.00503050897 0.24794700466 2.57064753078 0.00000000000 0.00000000000 0.00000000000 0.00000000000 0.00000000000 0.00000000000 0.24799803052
0.06555635940 -0.00504411410 0.24794719388 2.57052640387 0.00000000000 0.00000000000 0.00000000000 0.00000000000 0.00000000000 0.00000000000 0.24799849605
0.06556659694 -0.00505771842 0.24794738235 2.57062989809 0.00000000000 0.00000000000 0.00000000000 0.00000000000 0.00000000000 0.00000000000 0.24799896155
0.06557683365 -0.00507132162 0.24794757005 2.57049046129 0.00000000000 0.00000000000 0.00000000000 0.00000000000 0.00000000000 0.00000000000 0.24799942701
0.06558706926 -0.00508492335 0.24794775699 2.57061585731 0.00000000000 0.00000000000 0.00000000000 0.00000000000 0.00000000000 0.00000000000 0.24799989242
0.06559730350 -0.00509852324 0.24794794316 2.57045333429 0.00000000000 0.00000000000 0.00000000000 0.00000000000 0.00000000000 0.00000000000 0.24800035777
0.06560753606 -0.00511212089 0.24794812855 2.57060107575 0.00000000000 0.00000000000 0.00000000000 0.00000000000 0.00000000000 0.00000000000 0.24800082305
0.06561776663 -0.00512571587 0.24794831316 2.57044532086 0.00000000000 0.00000000000 0.00000000000 0.00000000000 0.00000000000 0.00000000000 0.24800128823
0.06562799491 -0.00513930780 0.24794849699 2.57058236787 0.00000000000 0.00000000000 0.00000000000 0.00000000000 0.00000000000 0.00000000000 0.24800175331
0.06563822064 -0.00515289632 0.24794868003 2.57054650087 0.00000000000 0.00000000000 0.00000000000 0.00000000000 0.00000000000 0.00000000000 0.24800221827
0.06564844373 -0.00516648132 0.24794886227 2.57055754704 0.00000000000 0.00000000000 0.00000000000 0.00000000000 0.00000000000 0.00000000000 0.24800268311
0.06565866418 -0.00518006279 0.24794904373 2.57065959474 0.00000000000 0.00000000000 0.00000000000 0.00000000000 0.00000000000 0.00000000000 0.24800314784
0.06566888217 -0.00519364098 0.24794922440 2.57052897962 0.00000000000 0.00000000000 0.00000000000 0.00000000000 0.00000000000 0.00000000000 0.24800361245
0.06567909794 -0.00520721621 0.24794940429 2.57066566147 0.00000000000 0.00000000000 0.00000000000 0.00000000000 0.00000000000 0.00000000000 0.24800407696
0.06568931179 -0.00522078886 0.24794958340 2.57050321942 0.00000000000 0.00000000000 0.00000000000 0.00000000000 0.00000000000 0.00000000000 0.24800454138
0.06569952401 -0.00523435933 0.24794976175 2.57064040705 0.00000000000 0.00000000000 0.00000000000 0.00000000000 0.00000000000 0.00000000000 0.24800500573
0.06570973489 -0.00524792802 0.24794993933 2.57048436692 0.00000000000 0.00000000000 0.00000000000 0.00000000000 0.00000000000 0.00000000000 0.24800547002
0.06571994473 -0.00526149529 0.24795011614 2.57060751052 0.00000000000 0.00000000000 0.00000000000 0.00000000000 0.00000000000 0.00000000000 0.24800593426
0.06573015379 -0.00527506152 0.24795029221 2.57047001907 0.00000000000 0.00000000000 0.00000000000 0.00000000000 0.00000000000 0.00000000000 0.24800639847
0.06574036231 -0.00528862702 0.24795046752 2.57054473014 0.00000000000 0.00000000000 0.00000000000 0.00000000000 0.00000000000 0.00000000000 0.24800686265
0.06575057048 -0.00530219203 0.24795064209 2.57045660307 0.00000000000 0.00000000000 0.00000000000 0.00000000000 0.00000000000 0.00000000000 0.24800732681
0.06576077845 -0.00531575676 0.24795081591 2.57049668322 0.00000000000 0.00000000000 0.00000000000 0.00000000000 0.00000000000 0.00000000000 0.24800779097
0.06577098631 -0.00532932134 0.24795098899 2.57044411732 0.00000000000 0.00000000000 0.00000000000 0.00000000000 0.00000000000 0.00000000000 0.24800825512
0.06578119417 -0.00534288589 0.24795116133 2.57048304234 0.00000000000 0.00000000000 0.00000000000 0.00000000000 0.00000000000 0.00000000000 0.24800871927
0.06579140212 -0.00535645054 0.24795133293 2.57043100197 0.00000000000 0.00000000000 0.00000000000 0.00000000000 0.00000000000 0.00000000000 0.24800918342
0.06580161024 -0.00537001542 0.24795150379 2.57047817051 0.00000000000 0.00000000000 0.00000000000 0.00000000000 0.00000000000 0.00000000000 0.24800964758
0.06581181864 -0.00538358065 0.24795167391 2.57041643947 0.00000000000 0.00000000000 0.00000000000 0.00000000000 0.00000000000 0.00000000000 0.24801011176
0.06582202744 -0.00539714639 0.24795184330 2.57046552523 0.00000000000 0.00000000000 0.00000000000 0.00000000000 0.00000000000 0.00000000000 0.24801057595
0.06583223675 -0.00541071278 0.24795201196 2.57040078634 0.00000000000 0.00000000000 0.00000000000 0.00000000000 0.00000000000 0.00000000000 0.24801104017
0.06584244667 -0.00542427998 0.24795217988 2.57044459774 0.00000000000 0.00000000000 0.00000000000 0.00000000000 0.00000000000 0.00000000000 0.24801150441
0.06585265732 -0.00543784813 0.24795234708 2.57038416947 0.00000000000 0.00000000000 0.00000000000 0.00000000000 0.00000000000 0.00000000000 0.24801196869
0.06586286879 -0.00545141735 0.24795251355 2.57040986373 0.00000000000 0.00000000000 0.00000000000 0.00000000000 0.00000000000 0.00000000000 0.24801243301
0.06587308115 -0.00546498774 0.24795267929 2.57036733821 0.00000000000 0.00000000000 0.00000000000 0.00000000000 0.00000000000 0.00000000000 0.24801289736
0.06588329446 -0.00547855938 0.24795284430 2.57034393013 0.00000000000 0.00000000000 0.00000000000 0.00000000000 0.00000000000 0.00000000000 0.24801336176
0.06589350871 -0.00549213224 0.24795300859 2.57035010538 0.00000000000 0.00000000000 0.00000000000 0.00000000000 0.00000000000 0.00000000000 0.24801382620
0.06590372384 -0.00550570627 0.24795317214 2.78435199994 0.00000000000 0.00000000000 0.00000000000 0.00000000000 0.00000000000 0.00000000000 0.24801429067
0.06591393979 -0.00551928137 0.24795333490 2.99858651417 0.00000000000 0.00000000000 0.00000000000 0.00000000000 0.00000000000 0.00000000000 0.24801475512
0.06592415644 -0.00553285737 0.24795349684 2.49912188108 0.00000000000 0.00000000000 0.00000000000 0.00000000000 0.00000000000 0.00000000000 0.24801521951
0.06593437360 -0.00554643403 0.24795365807 1.99945306964 0.00000000000 0.00000000000 0.00000000000 0.00000000000 0.00000000000 0.00000000000 0.24801568394
0.06594459107 -0.00556001110 0.24795381870 2.03480493225 0.00000000000 0.00000000000 0.00000000000 0.00000000000 0.00000000000 0.00000000000 0.24801614852
0.06595480879 -0.00557358848 0.24795397874 2.07045226492 0.00000000000 0.00000000000 0.00000000000 0.00000000000 0.00000000000 0.00000000000 0.24801661328
0.06596502673 -0.00558716614 0.24795413819 2.10612815517 0.00000000000 0.00000000000 0.00000000000 0.00000000000 0.00000000000 0.00000000000 0.24801707818
0.06597524483 -0.00560074401 0.24795429703 2.14183425922 0.00000000000 0.00000000000 0.00000000000 0.00000000000 0.00000000000 0.00000000000 0.24801754323
