VARIABLES=
"CoordinateX"
"CoordinateY"
"CoordinateZ"
"Kappa1"
"Kappa2"
"dy"
"dz"
"d2x"
"d2y"
"d2z"
"R"
ZONE T="Konrollpunkte"
I=101, J=1, K=1
0.02433483601 0.00941965593 0.25692950573 0.00000000000 0.00000000000 0.00000000000 0.00000000000 0.00000000000 0.00000000000 0.00000000000 0.00000000000
0.02428605287 0.00938104780 0.25693782743 0.00000000000 0.00000000000 0.00000000000 0.00000000000 0.00000000000 0.00000000000 0.00000000000 0.00000000000
0.02421265662 0.00932295963 0.25695033669 0.00000000000 0.00000000000 0.00000000000 0.00000000000 0.00000000000 0.00000000000 0.00000000000 0.00000000000
0.02411299246 0.00924408152 0.25696730162 0.00000000000 0.00000000000 0.00000000000 0.00000000000 0.00000000000 0.00000000000 0.00000000000 0.00000000000
0.02403560765 0.00918283553 0.25698045723 0.00000000000 0.00000000000 0.00000000000 0.00000000000 0.00000000000 0.00000000000 0.00000000000 0.00000000000
0.02395638742 0.00912013636 0.25699390954 0.00000000000 0.00000000000 0.00000000000 0.00000000000 0.00000000000 0.00000000000 0.00000000000 0.00000000000
0.02387594634 0.00905647039 0.25700755331 0.00000000000 0.00000000000 0.00000000000 0.00000000000 0.00000000000 0.00000000000 0.00000000000 0.00000000000
0.02379481034 0.00899225383 0.25702129878 0.00000000000 0.00000000000 0.00000000000 0.00000000000 0.00000000000 0.00000000000 0.00000000000 0.00000000000
0.02371352038 0.00892791486 0.25703505403 0.00000000000 0.00000000000 0.00000000000 0.00000000000 0.00000000000 0.00000000000 0.00000000000 0.00000000000
0.02363251501 0.00886380057 0.25704874491 0.00000000000 0.00000000000 0.00000000000 0.00000000000 0.00000000000 0.00000000000 0.00000000000 0.00000000000
0.02355199296 0.00880006825 0.25706233806 0.00000000000 0.00000000000 0.00000000000 0.00000000000 0.00000000000 0.00000000000 0.00000000000 0.00000000000
0.02347190279 0.00873667724 0.25707584243 0.00000000000 0.00000000000 0.00000000000 0.00000000000 0.00000000000 0.00000000000 0.00000000000 0.00000000000
0.02339207817 0.00867349586 0.25708928628 0.00000000000 0.00000000000 0.00000000000 0.00000000000 0.00000000000 0.00000000000 0.00000000000 0.00000000000
0.02331237053 0.00861040655 0.25710269475 0.00000000000 0.00000000000 0.00000000000 0.00000000000 0.00000000000 0.00000000000 0.00000000000 0.00000000000
0.02323270262 0.00854734816 0.25711608089 0.00000000000 0.00000000000 0.00000000000 0.00000000000 0.00000000000 0.00000000000 0.00000000000 0.00000000000
0.02315304979 0.00848430118 0.25712944884 0.00000000000 0.00000000000 0.00000000000 0.00000000000 0.00000000000 0.00000000000 0.00000000000 0.00000000000
0.02307341141 0.00842126513 0.25714279873 0.00000000000 0.00000000000 0.00000000000 0.00000000000 0.00000000000 0.00000000000 0.00000000000 0.00000000000
0.02299379415 0.00835824528 0.25715612945 0.00000000000 0.00000000000 0.00000000000 0.00000000000 0.00000000000 0.00000000000 0.00000000000 0.00000000000
0.02291420638 0.00829524826 0.25716943962 0.00000000000 0.00000000000 0.00000000000 0.00000000000 0.00000000000 0.00000000000 0.00000000000 0.00000000000
0.02283465146 0.00823227675 0.25718272870 0.00000000000 0.00000000000 0.00000000000 0.00000000000 0.00000000000 0.00000000000 0.00000000000 0.00000000000
0.02275512278 0.00816932550 0.25719599780 0.00000000000 0.00000000000 0.00000000000 0.00000000000 0.00000000000 0.00000000000 0.00000000000 0.00000000000
0.02267560882 0.00810638542 0.25720924887 0.00000000000 0.00000000000 0.00000000000 0.00000000000 0.00000000000 0.00000000000 0.00000000000 0.00000000000
0.02259609616 0.00804344587 0.25722248415 0.00000000000 0.00000000000 0.00000000000 0.00000000000 0.00000000000 0.00000000000 0.00000000000 0.00000000000
0.02251657057 0.00798049560 0.25723570600 0.00000000000 0.00000000000 0.00000000000 0.00000000000 0.00000000000 0.00000000000 0.00000000000 0.00000000000
0.02243703770 0.00791752233 0.25724906413 0.00000000000 0.00000000000 0.00000000000 0.00000000000 0.00000000000 0.00000000000 0.00000000000 0.00000000000
0.02235748921 0.00785451059 0.25726263963 0.00000000000 0.00000000000 0.00000000000 0.00000000000 0.00000000000 0.00000000000 0.00000000000 0.00000000000
0.02227787297 0.00779144472 0.25727621106 0.00000000000 0.00000000000 0.00000000000 0.00000000000 0.00000000000 0.00000000000 0.00000000000 0.00000000000
0.02219817408 0.00772831290 0.25728978092 0.00000000000 0.00000000000 0.00000000000 0.00000000000 0.00000000000 0.00000000000 0.00000000000 0.00000000000
0.02211839109 0.00766511399 0.25730334942 0.00000000000 0.00000000000 0.00000000000 0.00000000000 0.00000000000 0.00000000000 0.00000000000 0.00000000000
0.02203854438 0.00760186414 0.25731691303 0.00000000000 0.00000000000 0.00000000000 0.00000000000 0.00000000000 0.00000000000 0.00000000000 0.00000000000
0.02195866302 0.00753858637 0.25733046681 0.00000000000 0.00000000000 0.00000000000 0.00000000000 0.00000000000 0.00000000000 0.00000000000 0.00000000000
0.02187877334 0.00747530155 0.25734400627 0.00000000000 0.00000000000 0.00000000000 0.00000000000 0.00000000000 0.00000000000 0.00000000000 0.00000000000
0.02179889900 0.00741202843 0.25735752740 0.00000000000 0.00000000000 0.00000000000 0.00000000000 0.00000000000 0.00000000000 0.00000000000 0.00000000000
0.02171905535 0.00734877918 0.25737102762 0.00000000000 0.00000000000 0.00000000000 0.00000000000 0.00000000000 0.00000000000 0.00000000000 0.00000000000
0.02163924980 0.00728555965 0.25738450570 0.00000000000 0.00000000000 0.00000000000 0.00000000000 0.00000000000 0.00000000000 0.00000000000 0.00000000000
0.02155948386 0.00722237105 0.25739796142 0.00000000000 0.00000000000 0.00000000000 0.00000000000 0.00000000000 0.00000000000 0.00000000000 0.00000000000
0.02147975469 0.00715921115 0.25741139526 0.00000000000 0.00000000000 0.00000000000 0.00000000000 0.00000000000 0.00000000000 0.00000000000 0.00000000000
0.02140005871 0.00709607710 0.25742480787 0.00000000000 0.00000000000 0.00000000000 0.00000000000 0.00000000000 0.00000000000 0.00000000000 0.00000000000
0.02132039290 0.00703296652 0.25743819977 0.00000000000 0.00000000000 0.00000000000 0.00000000000 0.00000000000 0.00000000000 0.00000000000 0.00000000000
0.02124075207 0.00696987530 0.25745157185 0.00000000000 0.00000000000 0.00000000000 0.00000000000 0.00000000000 0.00000000000 0.00000000000 0.00000000000
0.02116112799 0.00690679693 0.25746492551 0.00000000000 0.00000000000 0.00000000000 0.00000000000 0.00000000000 0.00000000000 0.00000000000 0.00000000000
0.02108151258 0.00684372501 0.25747826210 0.00000000000 0.00000000000 0.00000000000 0.00000000000 0.00000000000 0.00000000000 0.00000000000 0.00000000000
0.02100189830 0.00678065357 0.25749158291 0.00000000000 0.00000000000 0.00000000000 0.00000000000 0.00000000000 0.00000000000 0.00000000000 0.00000000000
0.02092227885 0.00671757762 0.25750488898 0.00000000000 0.00000000000 0.00000000000 0.00000000000 0.00000000000 0.00000000000 0.00000000000 0.00000000000
0.02084265069 0.00665449437 0.25751818090 0.00000000000 0.00000000000 0.00000000000 0.00000000000 0.00000000000 0.00000000000 0.00000000000 0.00000000000
0.02076301266 0.00659140290 0.25753145887 0.00000000000 0.00000000000 0.00000000000 0.00000000000 0.00000000000 0.00000000000 0.00000000000 0.00000000000
0.02068336568 0.00652830392 0.25754472272 0.00000000000 0.00000000000 0.00000000000 0.00000000000 0.00000000000 0.00000000000 0.00000000000 0.00000000000
0.02060371193 0.00646519920 0.25755797209 0.00000000000 0.00000000000 0.00000000000 0.00000000000 0.00000000000 0.00000000000 0.00000000000 0.00000000000
0.02052405379 0.00640209061 0.25757120659 0.00000000000 0.00000000000 0.00000000000 0.00000000000 0.00000000000 0.00000000000 0.00000000000 0.00000000000
0.02044439320 0.00633897968 0.25758442589 0.00000000000 0.00000000000 0.00000000000 0.00000000000 0.00000000000 0.00000000000 0.00000000000 0.00000000000
0.02036473142 0.00627586743 0.25759762978 0.00000000000 0.00000000000 0.00000000000 0.00000000000 0.00000000000 0.00000000000 0.00000000000 0.00000000000
0.02028506915 0.00621275441 0.25761081815 0.00000000000 0.00000000000 0.00000000000 0.00000000000 0.00000000000 0.00000000000 0.00000000000 0.00000000000
0.02020540667 0.00614964085 0.25762399096 0.00000000000 0.00000000000 0.00000000000 0.00000000000 0.00000000000 0.00000000000 0.00000000000 0.00000000000
0.02012574401 0.00608652677 0.25763714819 0.00000000000 0.00000000000 0.00000000000 0.00000000000 0.00000000000 0.00000000000 0.00000000000 0.00000000000
0.02004608080 0.00602341190 0.25765028992 0.00000000000 0.00000000000 0.00000000000 0.00000000000 0.00000000000 0.00000000000 0.00000000000 0.00000000000
0.01996641610 0.00596029547 0.25766341630 0.00000000000 0.00000000000 0.00000000000 0.00000000000 0.00000000000 0.00000000000 0.00000000000 0.00000000000
0.01988674804 0.00589717602 0.25767652765 0.00000000000 0.00000000000 0.00000000000 0.00000000000 0.00000000000 0.00000000000 0.00000000000 0.00000000000
0.01980707283 0.00583405055 0.25768962457 0.00000000000 0.00000000000 0.00000000000 0.00000000000 0.00000000000 0.00000000000 0.00000000000 0.00000000000
0.01972738547 0.00577091511 0.25770270789 0.00000000000 0.00000000000 0.00000000000 0.00000000000 0.00000000000 0.00000000000 0.00000000000 0.00000000000
0.01964768581 0.00570776546 0.25771581348 0.00000000000 0.00000000000 0.00000000000 0.00000000000 0.00000000000 0.00000000000 0.00000000000 0.00000000000
0.01956799242 0.00564459788 0.25772909991 0.00000000000 0.00000000000 0.00000000000 0.00000000000 0.00000000000 0.00000000000 0.00000000000 0.00000000000
0.01948827671 0.00558141226 0.25774237445 0.00000000000 0.00000000000 0.00000000000 0.00000000000 0.00000000000 0.00000000000 0.00000000000 0.00000000000
0.01940854402 0.00551821284 0.25775563620 0.00000000000 0.00000000000 0.00000000000 0.00000000000 0.00000000000 0.00000000000 0.00000000000 0.00000000000
0.01932880126 0.00545500511 0.25776888399 0.00000000000 0.00000000000 0.00000000000 0.00000000000 0.00000000000 0.00000000000 0.00000000000 0.00000000000
0.01924905584 0.00539179493 0.25778211660 0.00000000000 0.00000000000 0.00000000000 0.00000000000 0.00000000000 0.00000000000 0.00000000000 0.00000000000
0.01916931523 0.00532858825 0.25779533280 0.00000000000 0.00000000000 0.00000000000 0.00000000000 0.00000000000 0.00000000000 0.00000000000 0.00000000000
0.01908958634 0.00526539054 0.25780853143 0.00000000000 0.00000000000 0.00000000000 0.00000000000 0.00000000000 0.00000000000 0.00000000000 0.00000000000
0.01900987687 0.00520220789 0.25782171125 0.00000000000 0.00000000000 0.00000000000 0.00000000000 0.00000000000 0.00000000000 0.00000000000 0.00000000000
0.01893019999 0.00513905076 0.25783487009 0.00000000000 0.00000000000 0.00000000000 0.00000000000 0.00000000000 0.00000000000 0.00000000000 0.00000000000
0.01885057145 0.00507593165 0.25784800536 0.00000000000 0.00000000000 0.00000000000 0.00000000000 0.00000000000 0.00000000000 0.00000000000 0.00000000000
0.01877100977 0.00501286522 0.25786111407 0.00000000000 0.00000000000 0.00000000000 0.00000000000 0.00000000000 0.00000000000 0.00000000000 0.00000000000
0.01869152914 0.00494986274 0.25787419390 0.00000000000 0.00000000000 0.00000000000 0.00000000000 0.00000000000 0.00000000000 0.00000000000 0.00000000000
0.01861212058 0.00488691708 0.25788724640 0.00000000000 0.00000000000 0.00000000000 0.00000000000 0.00000000000 0.00000000000 0.00000000000 0.00000000000
0.01853276213 0.00482401086 0.25790027520 0.00000000000 0.00000000000 0.00000000000 0.00000000000 0.00000000000 0.00000000000 0.00000000000 0.00000000000
0.01845342634 0.00476112231 0.25791328483 0.00000000000 0.00000000000 0.00000000000 0.00000000000 0.00000000000 0.00000000000 0.00000000000 0.00000000000
0.01837408648 0.00469823026 0.25792627968 0.00000000000 0.00000000000 0.00000000000 0.00000000000 0.00000000000 0.00000000000 0.00000000000 0.00000000000
0.01829472158 0.00463531806 0.25793926319 0.00000000000 0.00000000000 0.00000000000 0.00000000000 0.00000000000 0.00000000000 0.00000000000 0.00000000000
0.01821531502 0.00457237257 0.25795223806 0.00000000000 0.00000000000 0.00000000000 0.00000000000 0.00000000000 0.00000000000 0.00000000000 0.00000000000
0.01813585643 0.00450938556 0.25796520594 0.00000000000 0.00000000000 0.00000000000 0.00000000000 0.00000000000 0.00000000000 0.00000000000 0.00000000000
0.01805634126 0.00444635342 0.25797816757 0.00000000000 0.00000000000 0.00000000000 0.00000000000 0.00000000000 0.00000000000 0.00000000000 0.00000000000
0.01797677210 0.00438327823 0.25799112248 0.00000000000 0.00000000000 0.00000000000 0.00000000000 0.00000000000 0.00000000000 0.00000000000 0.00000000000
0.01789716112 0.00432016961 0.25800406866 0.00000000000 0.00000000000 0.00000000000 0.00000000000 0.00000000000 0.00000000000 0.00000000000 0.00000000000
0.01781752418 0.00425704016 0.25801700353 0.00000000000 0.00000000000 0.00000000000 0.00000000000 0.00000000000 0.00000000000 0.00000000000 0.00000000000
0.01773787556 0.00419390119 0.25802992474 0.00000000000 0.00000000000 0.00000000000 0.00000000000 0.00000000000 0.00000000000 0.00000000000 0.00000000000
0.01765822695 0.00413076198 0.25804283042 0.00000000000 0.00000000000 0.00000000000 0.00000000000 0.00000000000 0.00000000000 0.00000000000 0.00000000000
0.01757858609 0.00406762867 0.25805571929 0.00000000000 0.00000000000 0.00000000000 0.00000000000 0.00000000000 0.00000000000 0.00000000000 0.00000000000
0.01749895708 0.00400450449 0.25806859071 0.00000000000 0.00000000000 0.00000000000 0.00000000000 0.00000000000 0.00000000000 0.00000000000 0.00000000000
0.01741934005 0.00394138958 0.25808144467 0.00000000000 0.00000000000 0.00000000000 0.00000000000 0.00000000000 0.00000000000 0.00000000000 0.00000000000
0.01733973291 0.00387828227 0.25809428151 0.00000000000 0.00000000000 0.00000000000 0.00000000000 0.00000000000 0.00000000000 0.00000000000 0.00000000000
0.01726013311 0.00381518054 0.25810710166 0.00000000000 0.00000000000 0.00000000000 0.00000000000 0.00000000000 0.00000000000 0.00000000000 0.00000000000
0.01718054061 0.00375208438 0.25811990511 0.00000000000 0.00000000000 0.00000000000 0.00000000000 0.00000000000 0.00000000000 0.00000000000 0.00000000000
0.01710098181 0.00368901470 0.25813268765 0.00000000000 0.00000000000 0.00000000000 0.00000000000 0.00000000000 0.00000000000 0.00000000000 0.00000000000
0.01702152944 0.00362602918 0.25814543762 0.00000000000 0.00000000000 0.00000000000 0.00000000000 0.00000000000 0.00000000000 0.00000000000 0.00000000000
0.01694239751 0.00356329746 0.25815812082 0.00000000000 0.00000000000 0.00000000000 0.00000000000 0.00000000000 0.00000000000 0.00000000000 0.00000000000
0.01686401565 0.00350116015 0.25817066869 0.00000000000 0.00000000000 0.00000000000 0.00000000000 0.00000000000 0.00000000000 0.00000000000 0.00000000000
0.01678684456 0.00343997513 0.25818307152 0.00000000000 0.00000000000 0.00000000000 0.00000000000 0.00000000000 0.00000000000 0.00000000000 0.00000000000
0.01671079818 0.00337968023 0.25819529160 0.00000000000 0.00000000000 0.00000000000 0.00000000000 0.00000000000 0.00000000000 0.00000000000 0.00000000000
0.01663480596 0.00331942807 0.25820748884 0.00000000000 0.00000000000 0.00000000000 0.00000000000 0.00000000000 0.00000000000 0.00000000000 0.00000000000
0.01653145730 0.00323748545 0.25822405429 0.00000000000 0.00000000000 0.00000000000 0.00000000000 0.00000000000 0.00000000000 0.00000000000 0.00000000000
0.01645209129 0.00317455787 0.25823675789 0.00000000000 0.00000000000 0.00000000000 0.00000000000 0.00000000000 0.00000000000 0.00000000000 0.00000000000
0.01639790589 0.00313159533 0.25824542215 0.00000000000 0.00000000000 0.00000000000 0.00000000000 0.00000000000 0.00000000000 0.00000000000 0.00000000000
ZONE T="NURB"
I=201, J=1, K=1
0.02433483601 0.00941965593 0.25692950573 1.25137971718 0.00000000000 0.00000000000 0.00000000000 0.00000000000 0.00000000000 0.00000000000 0.25710212141
0.02429827183 0.00939071809 0.25693574167 1.22854381366 0.00000000000 0.00000000000 0.00000000000 0.00000000000 0.00000000000 0.00000000000 0.25710729459
0.02426151996 0.00936163158 0.25694200686 1.20208741153 0.00000000000 0.00000000000 0.00000000000 0.00000000000 0.00000000000 0.00000000000 0.25711249491
0.02422454914 0.00933237165 0.25694830666 1.17229719806 0.00000000000 0.00000000000 0.00000000000 0.00000000000 0.00000000000 0.00000000000 0.25711772684
0.02418732810 0.00930291359 0.25695464640 1.13948713823 0.00000000000 0.00000000000 0.00000000000 0.00000000000 0.00000000000 0.00000000000 0.25712299491
0.02414978063 0.00927319709 0.25696103894 1.47179046320 0.00000000000 0.00000000000 0.00000000000 0.00000000000 0.00000000000 0.00000000000 0.25712830983
0.02411164432 0.00924301444 0.25696752820 1.73027360340 0.00000000000 0.00000000000 0.00000000000 0.00000000000 0.00000000000 0.00000000000 0.25713370814
0.02407269991 0.00921219207 0.25697415080 1.58400771879 0.00000000000 0.00000000000 0.00000000000 0.00000000000 0.00000000000 0.00000000000 0.25713922039
0.02403307680 0.00918083239 0.25698088471 1.48518439013 0.00000000000 0.00000000000 0.00000000000 0.00000000000 0.00000000000 0.00000000000 0.25714482843
0.02399297152 0.00914909097 0.25698769657 1.47648973245 0.00000000000 0.00000000000 0.00000000000 0.00000000000 0.00000000000 0.00000000000 0.25715050468
0.02395252662 0.00911708061 0.25699456212 1.48372327435 0.00000000000 0.00000000000 0.00000000000 0.00000000000 0.00000000000 0.00000000000 0.25715622901
0.02391186334 0.00908489727 0.25700146067 1.47781416029 0.00000000000 0.00000000000 0.00000000000 0.00000000000 0.00000000000 0.00000000000 0.25716198425
0.02387107327 0.00905261343 0.25700837664 1.48186497923 0.00000000000 0.00000000000 0.00000000000 0.00000000000 0.00000000000 0.00000000000 0.25716775746
0.02383023555 0.00902029173 0.25701529659 1.47820065047 0.00000000000 0.00000000000 0.00000000000 0.00000000000 0.00000000000 0.00000000000 0.25717353741
0.02378941026 0.00898797973 0.25702221033 1.48106360011 0.00000000000 0.00000000000 0.00000000000 0.00000000000 0.00000000000 0.00000000000 0.25717931562
0.02374864826 0.00895571768 0.25702910925 1.47936082799 0.00000000000 0.00000000000 0.00000000000 0.00000000000 0.00000000000 0.00000000000 0.25718508487
0.02370798465 0.00892353335 0.25703598744 1.48153998194 0.00000000000 0.00000000000 0.00000000000 0.00000000000 0.00000000000 0.00000000000 0.25719084021
0.02366744591 0.00889144772 0.25704284046 1.48132952802 0.00000000000 0.00000000000 0.00000000000 0.00000000000 0.00000000000 0.00000000000 0.25719657788
0.02362704264 0.00885946917 0.25704966654 1.48234354217 0.00000000000 0.00000000000 0.00000000000 0.00000000000 0.00000000000 0.00000000000 0.25720229638
0.02358677747 0.00882759979 0.25705646529 1.48322986506 0.00000000000 0.00000000000 0.00000000000 0.00000000000 0.00000000000 0.00000000000 0.25720799533
0.02354663866 0.00879583028 0.25706323871 1.48271659732 0.00000000000 0.00000000000 0.00000000000 0.00000000000 0.00000000000 0.00000000000 0.25721367640
0.02350660993 0.00876414776 0.25706998960 1.48397723855 0.00000000000 0.00000000000 0.00000000000 0.00000000000 0.00000000000 0.00000000000 0.25721934189
0.02346666920 0.00873253476 0.25707672171 1.48262089665 0.00000000000 0.00000000000 0.00000000000 0.00000000000 0.00000000000 0.00000000000 0.25722499492
0.02342679443 0.00870097384 0.25708343877 1.48360928797 0.00000000000 0.00000000000 0.00000000000 0.00000000000 0.00000000000 0.00000000000 0.25723063860
0.02338696630 0.00866944970 0.25709014406 1.48233651613 0.00000000000 0.00000000000 0.00000000000 0.00000000000 0.00000000000 0.00000000000 0.25723627569
0.02334716816 0.00863794916 0.25709684039 1.48279898509 0.00000000000 0.00000000000 0.00000000000 0.00000000000 0.00000000000 0.00000000000 0.25724190853
0.02330738943 0.00860646386 0.25710352955 1.48207850754 0.00000000000 0.00000000000 0.00000000000 0.00000000000 0.00000000000 0.00000000000 0.25724753862
0.02326762212 0.00857498746 0.25711021289 1.48216986903 0.00000000000 0.00000000000 0.00000000000 0.00000000000 0.00000000000 0.00000000000 0.25725316709
0.02322786253 0.00854351705 0.25711689103 1.48187781398 0.00000000000 0.00000000000 0.00000000000 0.00000000000 0.00000000000 0.00000000000 0.25725879447
0.02318810837 0.00851205080 0.25712356436 1.48180739501 0.00000000000 0.00000000000 0.00000000000 0.00000000000 0.00000000000 0.00000000000 0.25726442109
0.02314835919 0.00848058837 0.25713023296 1.48171157091 0.00000000000 0.00000000000 0.00000000000 0.00000000000 0.00000000000 0.00000000000 0.25727004699
0.02310861504 0.00844912978 0.25713689682 1.48160070656 0.00000000000 0.00000000000 0.00000000000 0.00000000000 0.00000000000 0.00000000000 0.25727567219
0.02306887640 0.00841767544 0.25714355587 1.48155564875 0.00000000000 0.00000000000 0.00000000000 0.00000000000 0.00000000000 0.00000000000 0.25728129661
0.02302914385 0.00838622578 0.25715021000 1.48144506289 0.00000000000 0.00000000000 0.00000000000 0.00000000000 0.00000000000 0.00000000000 0.25728692016
0.02298941794 0.00835478125 0.25715685913 1.48141249313 0.00000000000 0.00000000000 0.00000000000 0.00000000000 0.00000000000 0.00000000000 0.25729254277
0.02294969904 0.00832334215 0.25716350320 1.48135165297 0.00000000000 0.00000000000 0.00000000000 0.00000000000 0.00000000000 0.00000000000 0.25729816440
0.02290998696 0.00829190832 0.25717014224 1.48127827760 0.00000000000 0.00000000000 0.00000000000 0.00000000000 0.00000000000 0.00000000000 0.25730378505
0.02287028112 0.00826047930 0.25717677635 1.48130203918 0.00000000000 0.00000000000 0.00000000000 0.00000000000 0.00000000000 0.00000000000 0.25730940483
0.02283057999 0.00822905389 0.25718340579 1.48113654774 0.00000000000 0.00000000000 0.00000000000 0.00000000000 0.00000000000 0.00000000000 0.25731502393
0.02279088177 0.00819763066 0.25719003086 1.48120230722 0.00000000000 0.00000000000 0.00000000000 0.00000000000 0.00000000000 0.00000000000 0.25732064263
0.02275118427 0.00816620787 0.25719665193 1.48099712743 0.00000000000 0.00000000000 0.00000000000 0.00000000000 0.00000000000 0.00000000000 0.25732626122
0.02271148521 0.00813478372 0.25720326937 1.48107061728 0.00000000000 0.00000000000 0.00000000000 0.00000000000 0.00000000000 0.00000000000 0.25733188004
0.02267178231 0.00810335641 0.25720988357 1.48086523056 0.00000000000 0.00000000000 0.00000000000 0.00000000000 0.00000000000 0.00000000000 0.25733749939
0.02263207335 0.00807192418 0.25721649490 1.48092483293 0.00000000000 0.00000000000 0.00000000000 0.00000000000 0.00000000000 0.00000000000 0.25734311961
0.02259235630 0.00804048543 0.25722310369 0.82242035884 0.00000000000 0.00000000000 0.00000000000 0.00000000000 0.00000000000 0.00000000000 0.25734874097
0.02255262981 0.00800903862 0.25722971426 6.29573429452 0.00000000000 0.00000000000 0.00000000000 0.00000000000 0.00000000000 0.00000000000 0.25735436774
0.02251289445 0.00797758239 0.25723634297 13.07454192358 0.00000000000 0.00000000000 0.00000000000 0.00000000000 0.00000000000 0.00000000000 0.25736001625
0.02247315088 0.00794611537 0.25724300659 16.81727262937 0.00000000000 0.00000000000 0.00000000000 0.00000000000 0.00000000000 0.00000000000 0.25736570321
0.02243339885 0.00791463615 0.25724971622 19.21901849011 0.00000000000 0.00000000000 0.00000000000 0.00000000000 0.00000000000 0.00000000000 0.25737143968
0.02239363688 0.00788314336 0.25725647372 8.37253458301 0.00000000000 0.00000000000 0.00000000000 0.00000000000 0.00000000000 0.00000000000 0.25737722747
0.02235386009 0.00785163581 0.25726325599 1.48006192037 0.00000000000 0.00000000000 0.00000000000 0.00000000000 0.00000000000 0.00000000000 0.25738304347
0.02231406407 0.00782011251 0.25727004124 1.48002730809 0.00000000000 0.00000000000 0.00000000000 0.00000000000 0.00000000000 0.00000000000 0.25738886588
0.02227424766 0.00778857293 0.25727682605 1.47990251136 0.00000000000 0.00000000000 0.00000000000 0.00000000000 0.00000000000 0.00000000000 0.25739469127
0.02223441074 0.00775701699 0.25728361045 1.47974776197 0.00000000000 0.00000000000 0.00000000000 0.00000000000 0.00000000000 0.00000000000 0.25740051966
0.02219455446 0.00772544560 0.25729039423 1.47972534348 0.00000000000 0.00000000000 0.00000000000 0.00000000000 0.00000000000 0.00000000000 0.25740635088
0.02215468079 0.00769386032 0.25729717705 1.47939737185 0.00000000000 0.00000000000 0.00000000000 0.00000000000 0.00000000000 0.00000000000 0.25741218464
0.02211479350 0.00766226412 0.25730395826 1.47955809213 0.00000000000 0.00000000000 0.00000000000 0.00000000000 0.00000000000 0.00000000000 0.25741802040
0.02207489682 0.00763066037 0.25731073715 1.47917740561 0.00000000000 0.00000000000 0.00000000000 0.00000000000 0.00000000000 0.00000000000 0.25742385754
0.02203499541 0.00759905277 0.25731751291 1.47938880268 0.00000000000 0.00000000000 0.00000000000 0.00000000000 0.00000000000 0.00000000000 0.25742969536
0.02199509380 0.00756744488 0.25732428479 1.47906778234 0.00000000000 0.00000000000 0.00000000000 0.00000000000 0.00000000000 0.00000000000 0.25743553322
0.02195519575 0.00753583970 0.25733105214 1.47920715869 0.00000000000 0.00000000000 0.00000000000 0.00000000000 0.00000000000 0.00000000000 0.25744137055
0.02191530468 0.00750423993 0.25733781438 1.47896083806 0.00000000000 0.00000000000 0.00000000000 0.00000000000 0.00000000000 0.00000000000 0.25744720687
0.02187542321 0.00747264766 0.25734457107 1.47904040192 0.00000000000 0.00000000000 0.00000000000 0.00000000000 0.00000000000 0.00000000000 0.25745304178
0.02183555353 0.00744106460 0.25735132185 1.47889884255 0.00000000000 0.00000000000 0.00000000000 0.00000000000 0.00000000000 0.00000000000 0.25745887497
0.02179569679 0.00740949170 0.25735806652 1.47889233293 0.00000000000 0.00000000000 0.00000000000 0.00000000000 0.00000000000 0.00000000000 0.25746470626
0.02175585378 0.00737792955 0.25736480495 1.47882597160 0.00000000000 0.00000000000 0.00000000000 0.00000000000 0.00000000000 0.00000000000 0.25747053554
0.02171602457 0.00734637822 0.25737153715 1.47875727174 0.00000000000 0.00000000000 0.00000000000 0.00000000000 0.00000000000 0.00000000000 0.25747636281
0.02167620898 0.00731483756 0.25737826313 1.47872691330 0.00000000000 0.00000000000 0.00000000000 0.00000000000 0.00000000000 0.00000000000 0.25748218808
0.02163640648 0.00728330717 0.25738498300 1.47862291945 0.00000000000 0.00000000000 0.00000000000 0.00000000000 0.00000000000 0.00000000000 0.25748801144
0.02159661641 0.00725178651 0.25739169686 1.47861223378 0.00000000000 0.00000000000 0.00000000000 0.00000000000 0.00000000000 0.00000000000 0.25749383298
0.02155683787 0.00722027488 0.25739840489 1.47848043131 0.00000000000 0.00000000000 0.00000000000 0.00000000000 0.00000000000 0.00000000000 0.25749965283
0.02151706993 0.00718877154 0.25740510723 1.47846697452 0.00000000000 0.00000000000 0.00000000000 0.00000000000 0.00000000000 0.00000000000 0.25750547113
0.02147731167 0.00715727575 0.25741180404 1.47833190878 0.00000000000 0.00000000000 0.00000000000 0.00000000000 0.00000000000 0.00000000000 0.25751128802
0.02143756218 0.00712578681 0.25741849549 1.47831095527 0.00000000000 0.00000000000 0.00000000000 0.00000000000 0.00000000000 0.00000000000 0.25751710362
0.02139782064 0.00709430405 0.25742518170 1.47818341962 0.00000000000 0.00000000000 0.00000000000 0.00000000000 0.00000000000 0.00000000000 0.25752291806
0.02135808615 0.00706282678 0.25743186284 1.47818125354 0.00000000000 0.00000000000 0.00000000000 0.00000000000 0.00000000000 0.00000000000 0.25752873146
0.02131835768 0.00703135416 0.25743853909 1.47803607687 0.00000000000 0.00000000000 0.00000000000 0.00000000000 0.00000000000 0.00000000000 0.25753454399
0.02127863407 0.00699988529 0.25744521063 1.47805860519 0.00000000000 0.00000000000 0.00000000000 0.00000000000 0.00000000000 0.00000000000 0.25754035581
0.02123891396 0.00696841908 0.25745187769 1.47788959056 0.00000000000 0.00000000000 0.00000000000 0.00000000000 0.00000000000 0.00000000000 0.25754616711
0.02119919597 0.00693695445 0.25745854052 1.47790422157 0.00000000000 0.00000000000 0.00000000000 0.00000000000 0.00000000000 0.00000000000 0.25755197810
0.02115947883 0.00690549039 0.25746519932 1.47774831663 0.00000000000 0.00000000000 0.00000000000 0.00000000000 0.00000000000 0.00000000000 0.25755778897
0.02111976137 0.00687402597 0.25747185429 1.47774510139 0.00000000000 0.00000000000 0.00000000000 0.00000000000 0.00000000000 0.00000000000 0.25756359988
0.02108004259 0.00684256040 0.25747850560 1.47760894271 0.00000000000 0.00000000000 0.00000000000 0.00000000000 0.00000000000 0.00000000000 0.25756941099
0.02104032161 0.00681109299 0.25748515339 1.47757947064 0.00000000000 0.00000000000 0.00000000000 0.00000000000 0.00000000000 0.00000000000 0.25757522242
0.02100059779 0.00677962322 0.25749179778 1.47746562321 0.00000000000 0.00000000000 0.00000000000 0.00000000000 0.00000000000 0.00000000000 0.25758103427
0.02096087061 0.00674815069 0.25749843884 1.47740208347 0.00000000000 0.00000000000 0.00000000000 0.00000000000 0.00000000000 0.00000000000 0.25758684660
0.02092113986 0.00671667522 0.25750507661 1.47731674080 0.00000000000 0.00000000000 0.00000000000 0.00000000000 0.00000000000 0.00000000000 0.25759265946
0.02088140545 0.00668519676 0.25751171112 1.47723034849 0.00000000000 0.00000000000 0.00000000000 0.00000000000 0.00000000000 0.00000000000 0.25759847285
0.02084166748 0.00665371538 0.25751834233 1.47716393971 0.00000000000 0.00000000000 0.00000000000 0.00000000000 0.00000000000 0.00000000000 0.25760428677
0.02080192612 0.00662223121 0.25752497021 1.47706334237 0.00000000000 0.00000000000 0.00000000000 0.00000000000 0.00000000000 0.00000000000 0.25761010118
0.02076218169 0.00659074451 0.25753159473 1.47701023183 0.00000000000 0.00000000000 0.00000000000 0.00000000000 0.00000000000 0.00000000000 0.25761591604
0.02072243454 0.00655925555 0.25753821581 1.47690409452 0.00000000000 0.00000000000 0.00000000000 0.00000000000 0.00000000000 0.00000000000 0.25762173130
0.02068268506 0.00652776465 0.25754483340 1.47685723104 0.00000000000 0.00000000000 0.00000000000 0.00000000000 0.00000000000 0.00000000000 0.25762754690
0.02064293365 0.00649627212 0.25755144741 1.47675487341 0.00000000000 0.00000000000 0.00000000000 0.00000000000 0.00000000000 0.00000000000 0.25763336278
0.02060318069 0.00646477827 0.25755805780 1.47670560237 0.00000000000 0.00000000000 0.00000000000 0.00000000000 0.00000000000 0.00000000000 0.25763917889
0.02056342654 0.00643328337 0.25756466450 1.47661072351 0.00000000000 0.00000000000 0.00000000000 0.00000000000 0.00000000000 0.00000000000 0.25764499517
0.02052367146 0.00640178764 0.25757126747 1.47655513589 0.00000000000 0.00000000000 0.00000000000 0.00000000000 0.00000000000 0.00000000000 0.25765081159
0.02048391572 0.00637029129 0.25757786666 1.47646837654 0.00000000000 0.00000000000 0.00000000000 0.00000000000 0.00000000000 0.00000000000 0.25765662810
0.02044415948 0.00633879446 0.25758446205 1.47640501507 0.00000000000 0.00000000000 0.00000000000 0.00000000000 0.00000000000 0.00000000000 0.25766244469
0.02040440289 0.00630729725 0.25759105361 1.47632499615 0.00000000000 0.00000000000 0.00000000000 0.00000000000 0.00000000000 0.00000000000 0.25766826133
0.02036464604 0.00627579973 0.25759764132 1.47625470465 0.00000000000 0.00000000000 0.00000000000 0.00000000000 0.00000000000 0.00000000000 0.25767407801
0.02032488897 0.00624430194 0.25760422519 1.47618036457 0.00000000000 0.00000000000 0.00000000000 0.00000000000 0.00000000000 0.00000000000 0.25767989472
0.02028513168 0.00621280389 0.25761080520 1.47610394058 0.00000000000 0.00000000000 0.00000000000 0.00000000000 0.00000000000 0.00000000000 0.25768571146
0.02024537416 0.00618130556 0.25761738137 1.47603426423 0.00000000000 0.00000000000 0.00000000000 0.00000000000 0.00000000000 0.00000000000 0.25769152824
0.02020561632 0.00614980689 0.25762395371 1.47595291289 0.00000000000 0.00000000000 0.00000000000 0.00000000000 0.00000000000 0.00000000000 0.25769734506
0.02016585808 0.00611830780 0.25763052223 1.47588929602 0.00000000000 0.00000000000 0.00000000000 0.00000000000 0.00000000000 0.00000000000 0.25770316194
0.02012609929 0.00608680819 0.25763708695 1.47580229107 0.00000000000 0.00000000000 0.00000000000 0.00000000000 0.00000000000 0.00000000000 0.25770897890
0.02008633978 0.00605530792 0.25764364791 1.47574588935 0.00000000000 0.00000000000 0.00000000000 0.00000000000 0.00000000000 0.00000000000 0.25771479597
0.02004657932 0.00602380680 0.25765020513 1.47565319458 0.00000000000 0.00000000000 0.00000000000 0.00000000000 0.00000000000 0.00000000000 0.25772061317
0.02000681764 0.00599230462 0.25765675868 1.47560462699 0.00000000000 0.00000000000 0.00000000000 0.00000000000 0.00000000000 0.00000000000 0.25772643056
0.01996705441 0.00596080113 0.25766330859 1.47550661614 0.00000000000 0.00000000000 0.00000000000 0.00000000000 0.00000000000 0.00000000000 0.25773224817
0.01992728928 0.00592929604 0.25766985494 1.47547120046 0.00000000000 0.00000000000 0.00000000000 0.00000000000 0.00000000000 0.00000000000 0.25773806606
0.01988752176 0.00589778897 0.25767639779 1.47536298237 0.00000000000 0.00000000000 0.00000000000 0.00000000000 0.00000000000 0.00000000000 0.25774388429
0.01984775135 0.00586627952 0.25768293723 1.47533059316 0.00000000000 0.00000000000 0.00000000000 0.00000000000 0.00000000000 0.00000000000 0.25774970295
0.01980797751 0.00583476726 0.25768947335 1.47522113316 0.00000000000 0.00000000000 0.00000000000 0.00000000000 0.00000000000 0.00000000000 0.25775552212
0.01976819982 0.00580325178 0.25769600690 0.23775489161 0.00000000000 0.00000000000 0.00000000000 0.00000000000 0.00000000000 0.00000000000 0.25776134254
0.01972841834 0.00577173272 0.25770254156 1.86270216604 0.00000000000 0.00000000000 0.00000000000 0.00000000000 0.00000000000 0.00000000000 0.25776716785
0.01968863367 0.00574020976 0.25770908407 9.27717462038 0.00000000000 0.00000000000 0.00000000000 0.00000000000 0.00000000000 0.00000000000 0.25777300483
0.01964884803 0.00570868269 0.25771565138 16.84488210991 0.00000000000 0.00000000000 0.00000000000 0.00000000000 0.00000000000 0.00000000000 0.25777887040
0.01960906320 0.00567715139 0.25772225647 8.08244681443 0.00000000000 0.00000000000 0.00000000000 0.00000000000 0.00000000000 0.00000000000 0.25778477754
0.01956927714 0.00564561613 0.25772888325 1.17786380068 0.00000000000 0.00000000000 0.00000000000 0.00000000000 0.00000000000 0.00000000000 0.25779071016
0.01952948737 0.00561407733 0.25773551126 1.47438841771 0.00000000000 0.00000000000 0.00000000000 0.00000000000 0.00000000000 0.00000000000 0.25779664782
0.01948969426 0.00558253581 0.25774213593 1.47439139638 0.00000000000 0.00000000000 0.00000000000 0.00000000000 0.00000000000 0.00000000000 0.25780258598
0.01944989899 0.00555099248 0.25774875707 1.47422304452 0.00000000000 0.00000000000 0.00000000000 0.00000000000 0.00000000000 0.00000000000 0.25780852447
0.01941010282 0.00551944835 0.25775537447 1.47423356245 0.00000000000 0.00000000000 0.00000000000 0.00000000000 0.00000000000 0.00000000000 0.25781446309
0.01937030703 0.00548790446 0.25776198791 1.47406811509 0.00000000000 0.00000000000 0.00000000000 0.00000000000 0.00000000000 0.00000000000 0.25782040165
0.01933051292 0.00545636179 0.25776859719 1.47407547196 0.00000000000 0.00000000000 0.00000000000 0.00000000000 0.00000000000 0.00000000000 0.25782633997
0.01929072171 0.00542482136 0.25777520209 1.47391742332 0.00000000000 0.00000000000 0.00000000000 0.00000000000 0.00000000000 0.00000000000 0.25783227785
0.01925093463 0.00539328411 0.25778180242 1.47391978918 0.00000000000 0.00000000000 0.00000000000 0.00000000000 0.00000000000 0.00000000000 0.25783821511
0.01921115284 0.00536175097 0.25778839798 1.47377292458 0.00000000000 0.00000000000 0.00000000000 0.00000000000 0.00000000000 0.00000000000 0.25784415159
0.01917137741 0.00533022280 0.25779498861 1.47376536098 0.00000000000 0.00000000000 0.00000000000 0.00000000000 0.00000000000 0.00000000000 0.25785008712
0.01913160938 0.00529870041 0.25780157412 1.47361698730 0.00000000000 0.00000000000 0.00000000000 0.00000000000 0.00000000000 0.00000000000 0.25785602154
0.01909184980 0.00526718463 0.25780815435 1.47360551100 0.00000000000 0.00000000000 0.00000000000 0.00000000000 0.00000000000 0.00000000000 0.25786195470
0.01905209976 0.00523567634 0.25781472912 1.47342068339 0.00000000000 0.00000000000 0.00000000000 0.00000000000 0.00000000000 0.00000000000 0.25786788644
0.01901236064 0.00520417663 0.25782129820 1.47343374296 0.00000000000 0.00000000000 0.00000000000 0.00000000000 0.00000000000 0.00000000000 0.25787381654
0.01897263394 0.00517268669 0.25782786135 1.47325413076 0.00000000000 0.00000000000 0.00000000000 0.00000000000 0.00000000000 0.00000000000 0.25787974480
0.01893292109 0.00514120764 0.25783441835 1.47325977568 0.00000000000 0.00000000000 0.00000000000 0.00000000000 0.00000000000 0.00000000000 0.25788567099
0.01889322352 0.00510974063 0.25784096895 1.47308743247 0.00000000000 0.00000000000 0.00000000000 0.00000000000 0.00000000000 0.00000000000 0.25789159490
0.01885354259 0.00507828673 0.25784751294 1.47308554027 0.00000000000 0.00000000000 0.00000000000 0.00000000000 0.00000000000 0.00000000000 0.25789751632
0.01881387952 0.00504684692 0.25785405012 1.47298512198 0.00000000000 0.00000000000 0.00000000000 0.00000000000 0.00000000000 0.00000000000 0.25790343509
0.01877423492 0.00501542166 0.25786058040 1.47292507513 0.00000000000 0.00000000000 0.00000000000 0.00000000000 0.00000000000 0.00000000000 0.25790935109
0.01873460878 0.00498401097 0.25786710379 1.47305125370 0.00000000000 0.00000000000 0.00000000000 0.00000000000 0.00000000000 0.00000000000 0.25791526434
0.01869499906 0.00495261322 0.25787362061 1.47280493569 0.00000000000 0.00000000000 0.00000000000 0.00000000000 0.00000000000 0.00000000000 0.25792117514
0.01865540287 0.00492122612 0.25788013137 1.47301441644 0.00000000000 0.00000000000 0.00000000000 0.00000000000 0.00000000000 0.00000000000 0.25792708392
0.01861581634 0.00488984660 0.25788663669 1.47269108268 0.00000000000 0.00000000000 0.00000000000 0.00000000000 0.00000000000 0.00000000000 0.25793299126
0.01857623524 0.00485847132 0.25789313727 1.47289997511 0.00000000000 0.00000000000 0.00000000000 0.00000000000 0.00000000000 0.00000000000 0.25793889779
0.01853665528 0.00482709686 0.25789963382 1.47258351881 0.00000000000 0.00000000000 0.00000000000 0.00000000000 0.00000000000 0.00000000000 0.25794480415
0.01849707222 0.00479571988 0.25790612703 1.47272337159 0.00000000000 0.00000000000 0.00000000000 0.00000000000 0.00000000000 0.00000000000 0.25795071097
0.01845748245 0.00476433750 0.25791261750 1.47246796793 0.00000000000 0.00000000000 0.00000000000 0.00000000000 0.00000000000 0.00000000000 0.25795661879
0.01841788270 0.00473294715 0.25791910576 1.47250367987 0.00000000000 0.00000000000 0.00000000000 0.00000000000 0.00000000000 0.00000000000 0.25796252810
0.01837827071 0.00470154702 0.25792559217 1.47232858030 0.00000000000 0.00000000000 0.00000000000 0.00000000000 0.00000000000 0.00000000000 0.25796843923
0.01833864462 0.00467013564 0.25793207704 1.47230302017 0.00000000000 0.00000000000 0.00000000000 0.00000000000 0.00000000000 0.00000000000 0.25797435247
0.01829900322 0.00463871206 0.25793856057 1.47217295670 0.00000000000 0.00000000000 0.00000000000 0.00000000000 0.00000000000 0.00000000000 0.25798026800
0.01825934560 0.00460727555 0.25794504289 1.47209239895 0.00000000000 0.00000000000 0.00000000000 0.00000000000 0.00000000000 0.00000000000 0.25798618594
0.01821967142 0.00457582584 0.25795152405 1.47200488348 0.00000000000 0.00000000000 0.00000000000 0.00000000000 0.00000000000 0.00000000000 0.25799210636
0.01817998058 0.00454436287 0.25795800408 1.47188973289 0.00000000000 0.00000000000 0.00000000000 0.00000000000 0.00000000000 0.00000000000 0.25799802926
0.01814027341 0.00451288687 0.25796448290 1.47183697174 0.00000000000 0.00000000000 0.00000000000 0.00000000000 0.00000000000 0.00000000000 0.25800395460
0.01810055046 0.00448139830 0.25797096044 1.47167512144 0.00000000000 0.00000000000 0.00000000000 0.00000000000 0.00000000000 0.00000000000 0.25800988229
0.01806081278 0.00444989799 0.25797743650 1.47166835370 0.00000000000 0.00000000000 0.00000000000 0.00000000000 0.00000000000 0.00000000000 0.25801581218
0.01802106176 0.00441838703 0.25798391087 1.47143965725 0.00000000000 0.00000000000 0.00000000000 0.00000000000 0.00000000000 0.00000000000 0.25802174406
0.01798129946 0.00438686707 0.25799038319 1.47149444796 0.00000000000 0.00000000000 0.00000000000 0.00000000000 0.00000000000 0.00000000000 0.25802767763
0.01794152824 0.00435533997 0.25799685309 1.47125981383 0.00000000000 0.00000000000 0.00000000000 0.00000000000 0.00000000000 0.00000000000 0.25803361252
0.01790175064 0.00432380775 0.25800332016 1.47132576778 0.00000000000 0.00000000000 0.00000000000 0.00000000000 0.00000000000 0.00000000000 0.25803954837
0.01786196919 0.00429227241 0.25800978397 1.47113040405 0.00000000000 0.00000000000 0.00000000000 0.00000000000 0.00000000000 0.00000000000 0.25804548480
0.01782218609 0.00426073569 0.25801624416 1.47116201821 0.00000000000 0.00000000000 0.00000000000 0.00000000000 0.00000000000 0.00000000000 0.25805142147
0.01778240333 0.00422919918 0.25802270043 1.47101052248 0.00000000000 0.00000000000 0.00000000000 0.00000000000 0.00000000000 0.00000000000 0.25805735809
0.01774262243 0.00419766409 0.25802915252 1.47100195580 0.00000000000 0.00000000000 0.00000000000 0.00000000000 0.00000000000 0.00000000000 0.25806329443
0.01770284468 0.00416613143 0.25803560021 1.47089975415 0.00000000000 0.00000000000 0.00000000000 0.00000000000 0.00000000000 0.00000000000 0.25806923030
0.01766307085 0.00413460181 0.25804204340 1.47085385628 0.00000000000 0.00000000000 0.00000000000 0.00000000000 0.00000000000 0.00000000000 0.25807516559
0.01762330152 0.00410307570 0.25804848198 1.47077739284 0.00000000000 0.00000000000 0.00000000000 0.00000000000 0.00000000000 0.00000000000 0.25808110020
0.01758353699 0.00407155333 0.25805491591 1.47072103331 0.00000000000 0.00000000000 0.00000000000 0.00000000000 0.00000000000 0.00000000000 0.25808703410
0.01754377753 0.00404003492 0.25806134515 1.47063812470 0.00000000000 0.00000000000 0.00000000000 0.00000000000 0.00000000000 0.00000000000 0.25809296725
0.01750402356 0.00400852081 0.25806776963 1.47061871700 0.00000000000 0.00000000000 0.00000000000 0.00000000000 0.00000000000 0.00000000000 0.25809889957
0.01746427579 0.00397701154 0.25807418924 1.47045534444 0.00000000000 0.00000000000 0.00000000000 0.00000000000 0.00000000000 0.00000000000 0.25810483097
0.01742453596 0.00394550851 0.25808060369 1.47056119514 0.00000000000 0.00000000000 0.00000000000 0.00000000000 0.00000000000 0.00000000000 0.25811076119
0.01738480652 0.00391401366 0.25808701261 1.47024131876 0.00000000000 0.00000000000 0.00000000000 0.00000000000 0.00000000000 0.00000000000 0.25811668985
0.01734509183 0.00388253043 0.25809341528 1.47052757452 0.00000000000 0.00000000000 0.00000000000 0.00000000000 0.00000000000 0.00000000000 0.25812261631
0.01730539720 0.00385106306 0.25809981085 1.47003508355 0.00000000000 0.00000000000 0.00000000000 0.00000000000 0.00000000000 0.00000000000 0.25812853978
0.01726572967 0.00381961712 0.25810619821 1.47041540426 0.00000000000 0.00000000000 0.00000000000 0.00000000000 0.00000000000 0.00000000000 0.25813445920
0.01722609713 0.00378819885 0.25811257608 1.46971448189 0.00000000000 0.00000000000 0.00000000000 0.00000000000 0.00000000000 0.00000000000 0.25814037341
0.01718650864 0.00375681545 0.25811894303 1.47004393225 0.00000000000 0.00000000000 0.00000000000 0.00000000000 0.00000000000 0.00000000000 0.25814628104
0.01714697362 0.00372547437 0.25812529755 1.46933413626 0.00000000000 0.00000000000 0.00000000000 0.00000000000 0.00000000000 0.00000000000 0.25815218069
0.01710750053 0.00369418234 0.25813163830 1.46940919882 0.00000000000 0.00000000000 0.00000000000 0.00000000000 0.00000000000 0.00000000000 0.25815807110
0.01706809812 0.00366294629 0.25813796389 1.46815894247 0.00000000000 0.00000000000 0.00000000000 0.00000000000 0.00000000000 0.00000000000 0.25816395097
0.01702877911 0.00363177629 0.25814427231 1.46845471146 0.00000000000 0.00000000000 0.00000000000 0.00000000000 0.00000000000 0.00000000000 0.25816981839
0.01698955923 0.00360068483 0.25815056107 1.46629751984 0.00000000000 0.00000000000 0.00000000000 0.00000000000 0.00000000000 0.00000000000 0.25817567103
0.01695046417 0.00356969227 0.25815682606 1.46734213660 0.00000000000 0.00000000000 0.00000000000 0.00000000000 0.00000000000 0.00000000000 0.25818150504
0.01691152357 0.00353882202 0.25816306325 0.99517004517 0.00000000000 0.00000000000 0.00000000000 0.00000000000 0.00000000000 0.00000000000 0.25818731666
0.01687276475 0.00350809512 0.25816927382 4.12766929343 0.00000000000 0.00000000000 0.00000000000 0.00000000000 0.00000000000 0.00000000000 0.25819310733
0.01683420852 0.00347752729 0.25817546114 2.93801804481 0.00000000000 0.00000000000 0.00000000000 0.00000000000 0.00000000000 0.00000000000 0.25819888058
0.01679583201 0.00344710063 0.25818162685 0.43160583094 0.00000000000 0.00000000000 0.00000000000 0.00000000000 0.00000000000 0.00000000000 0.25820463773
0.01675758255 0.00341677409 0.25818777349 0.70786901438 0.00000000000 0.00000000000 0.00000000000 0.00000000000 0.00000000000 0.00000000000 0.25821038075
0.01671933422 0.00338644817 0.25819391827 1.32615094251 0.00000000000 0.00000000000 0.00000000000 0.00000000000 0.00000000000 0.00000000000 0.25821612549
0.01668091760 0.00335598872 0.25820008692 1.58574013879 0.00000000000 0.00000000000 0.00000000000 0.00000000000 0.00000000000 0.00000000000 0.25822189595
0.01664210461 0.00332521494 0.25820631527 1.69593083611 0.00000000000 0.00000000000 0.00000000000 0.00000000000 0.00000000000 0.00000000000 0.25822772566
0.01660267272 0.00329395040 0.25821263868 1.46767962026 0.00000000000 0.00000000000 0.00000000000 0.00000000000 0.00000000000 0.00000000000 0.25823364785
0.01656265821 0.00326222387 0.25821905162 1.19778776060 0.00000000000 0.00000000000 0.00000000000 0.00000000000 0.00000000000 0.00000000000 0.25823965753
0.01652219458 0.00323014120 0.25822553321 1.17112095140 0.00000000000 0.00000000000 0.00000000000 0.00000000000 0.00000000000 0.00000000000 0.25824573533
0.01648128250 0.00319770292 0.25823208339 1.17842090642 0.00000000000 0.00000000000 0.00000000000 0.00000000000 0.00000000000 0.00000000000 0.25825188131
0.01643987022 0.00316486800 0.25823871032 1.17903155131 0.00000000000 0.00000000000 0.00000000000 0.00000000000 0.00000000000 0.00000000000 0.25825810325
0.01639790589 0.00313159533 0.25824542215 1.17333493603 0.00000000000 0.00000000000 0.00000000000 0.00000000000 0.00000000000 0.00000000000 0.25826440899
