VARIABLES=
"CoordinateX"
"CoordinateY"
"CoordinateZ"
"Kappa1"
"Kappa2"
"dy"
"dz"
"d2x"
"d2y"
"d2z"
"R"
ZONE T="Konrollpunkte"
I=101, J=1, K=1
0.07200046334 0.00745303824 0.22739278681 0.00000000000 0.00000000000 0.00000000000 0.00000000000 0.00000000000 0.00000000000 0.00000000000 0.00000000000
0.07198112967 0.00742347417 0.22739439724 0.00000000000 0.00000000000 0.00000000000 0.00000000000 0.00000000000 0.00000000000 0.00000000000 0.00000000000
0.07195214694 0.00737899930 0.22739680925 0.00000000000 0.00000000000 0.00000000000 0.00000000000 0.00000000000 0.00000000000 0.00000000000 0.00000000000
0.07191362178 0.00731958503 0.22740001144 0.00000000000 0.00000000000 0.00000000000 0.00000000000 0.00000000000 0.00000000000 0.00000000000 0.00000000000
0.07188477878 0.00727495872 0.22740240328 0.00000000000 0.00000000000 0.00000000000 0.00000000000 0.00000000000 0.00000000000 0.00000000000 0.00000000000
0.07185599466 0.00723028410 0.22740478591 0.00000000000 0.00000000000 0.00000000000 0.00000000000 0.00000000000 0.00000000000 0.00000000000 0.00000000000
0.07182726885 0.00718556495 0.22740715921 0.00000000000 0.00000000000 0.00000000000 0.00000000000 0.00000000000 0.00000000000 0.00000000000 0.00000000000
0.07179859914 0.00714080270 0.22740952319 0.00000000000 0.00000000000 0.00000000000 0.00000000000 0.00000000000 0.00000000000 0.00000000000 0.00000000000
0.07176998341 0.00709599886 0.22741187783 0.00000000000 0.00000000000 0.00000000000 0.00000000000 0.00000000000 0.00000000000 0.00000000000 0.00000000000
0.07174141938 0.00705115467 0.22741422316 0.00000000000 0.00000000000 0.00000000000 0.00000000000 0.00000000000 0.00000000000 0.00000000000 0.00000000000
0.07171290479 0.00700627144 0.22741655919 0.00000000000 0.00000000000 0.00000000000 0.00000000000 0.00000000000 0.00000000000 0.00000000000 0.00000000000
0.07168443736 0.00696135040 0.22741888592 0.00000000000 0.00000000000 0.00000000000 0.00000000000 0.00000000000 0.00000000000 0.00000000000 0.00000000000
0.07165601481 0.00691639284 0.22742120338 0.00000000000 0.00000000000 0.00000000000 0.00000000000 0.00000000000 0.00000000000 0.00000000000 0.00000000000
0.07162763487 0.00687140001 0.22742351158 0.00000000000 0.00000000000 0.00000000000 0.00000000000 0.00000000000 0.00000000000 0.00000000000 0.00000000000
0.07159929527 0.00682637318 0.22742581053 0.00000000000 0.00000000000 0.00000000000 0.00000000000 0.00000000000 0.00000000000 0.00000000000 0.00000000000
0.07157099374 0.00678131362 0.22742810027 0.00000000000 0.00000000000 0.00000000000 0.00000000000 0.00000000000 0.00000000000 0.00000000000 0.00000000000
0.07154272799 0.00673622258 0.22743038079 0.00000000000 0.00000000000 0.00000000000 0.00000000000 0.00000000000 0.00000000000 0.00000000000 0.00000000000
0.07151449579 0.00669110133 0.22743265214 0.00000000000 0.00000000000 0.00000000000 0.00000000000 0.00000000000 0.00000000000 0.00000000000 0.00000000000
0.07148629485 0.00664595110 0.22743491431 0.00000000000 0.00000000000 0.00000000000 0.00000000000 0.00000000000 0.00000000000 0.00000000000 0.00000000000
0.07145812289 0.00660077316 0.22743716735 0.00000000000 0.00000000000 0.00000000000 0.00000000000 0.00000000000 0.00000000000 0.00000000000 0.00000000000
0.07142997763 0.00655556876 0.22743941126 0.00000000000 0.00000000000 0.00000000000 0.00000000000 0.00000000000 0.00000000000 0.00000000000 0.00000000000
0.07140185681 0.00651033922 0.22744164609 0.00000000000 0.00000000000 0.00000000000 0.00000000000 0.00000000000 0.00000000000 0.00000000000 0.00000000000
0.07137375810 0.00646508580 0.22744387184 0.00000000000 0.00000000000 0.00000000000 0.00000000000 0.00000000000 0.00000000000 0.00000000000 0.00000000000
0.07134567918 0.00641980980 0.22744608855 0.00000000000 0.00000000000 0.00000000000 0.00000000000 0.00000000000 0.00000000000 0.00000000000 0.00000000000
0.07131761774 0.00637451251 0.22744829624 0.00000000000 0.00000000000 0.00000000000 0.00000000000 0.00000000000 0.00000000000 0.00000000000 0.00000000000
0.07128957149 0.00632919522 0.22745049495 0.00000000000 0.00000000000 0.00000000000 0.00000000000 0.00000000000 0.00000000000 0.00000000000 0.00000000000
0.07126153810 0.00628385926 0.22745268469 0.00000000000 0.00000000000 0.00000000000 0.00000000000 0.00000000000 0.00000000000 0.00000000000 0.00000000000
0.07123351519 0.00623850597 0.22745486551 0.00000000000 0.00000000000 0.00000000000 0.00000000000 0.00000000000 0.00000000000 0.00000000000 0.00000000000
0.07120550038 0.00619313672 0.22745703744 0.00000000000 0.00000000000 0.00000000000 0.00000000000 0.00000000000 0.00000000000 0.00000000000 0.00000000000
0.07117749121 0.00614775288 0.22745920050 0.00000000000 0.00000000000 0.00000000000 0.00000000000 0.00000000000 0.00000000000 0.00000000000 0.00000000000
0.07114948530 0.00610235584 0.22746135474 0.00000000000 0.00000000000 0.00000000000 0.00000000000 0.00000000000 0.00000000000 0.00000000000 0.00000000000
0.07112148019 0.00605694699 0.22746350020 0.00000000000 0.00000000000 0.00000000000 0.00000000000 0.00000000000 0.00000000000 0.00000000000 0.00000000000
0.07109347349 0.00601152774 0.22746563689 0.00000000000 0.00000000000 0.00000000000 0.00000000000 0.00000000000 0.00000000000 0.00000000000 0.00000000000
0.07106546287 0.00596609952 0.22746776487 0.00000000000 0.00000000000 0.00000000000 0.00000000000 0.00000000000 0.00000000000 0.00000000000 0.00000000000
0.07103744574 0.00592066374 0.22746988417 0.00000000000 0.00000000000 0.00000000000 0.00000000000 0.00000000000 0.00000000000 0.00000000000 0.00000000000
0.07100941981 0.00587522185 0.22747199483 0.00000000000 0.00000000000 0.00000000000 0.00000000000 0.00000000000 0.00000000000 0.00000000000 0.00000000000
0.07098138255 0.00582977526 0.22747409690 0.00000000000 0.00000000000 0.00000000000 0.00000000000 0.00000000000 0.00000000000 0.00000000000 0.00000000000
0.07095333165 0.00578432544 0.22747619040 0.00000000000 0.00000000000 0.00000000000 0.00000000000 0.00000000000 0.00000000000 0.00000000000 0.00000000000
0.07092526459 0.00573887382 0.22747827540 0.00000000000 0.00000000000 0.00000000000 0.00000000000 0.00000000000 0.00000000000 0.00000000000 0.00000000000
0.07089717895 0.00569342186 0.22748035192 0.00000000000 0.00000000000 0.00000000000 0.00000000000 0.00000000000 0.00000000000 0.00000000000 0.00000000000
0.07086907238 0.00564797104 0.22748242001 0.00000000000 0.00000000000 0.00000000000 0.00000000000 0.00000000000 0.00000000000 0.00000000000 0.00000000000
0.07084094244 0.00560252284 0.22748447972 0.00000000000 0.00000000000 0.00000000000 0.00000000000 0.00000000000 0.00000000000 0.00000000000 0.00000000000
0.07081278665 0.00555707873 0.22748653110 0.00000000000 0.00000000000 0.00000000000 0.00000000000 0.00000000000 0.00000000000 0.00000000000 0.00000000000
0.07078460269 0.00551164022 0.22748857419 0.00000000000 0.00000000000 0.00000000000 0.00000000000 0.00000000000 0.00000000000 0.00000000000 0.00000000000
0.07075638812 0.00546620882 0.22749060903 0.00000000000 0.00000000000 0.00000000000 0.00000000000 0.00000000000 0.00000000000 0.00000000000 0.00000000000
0.07072814045 0.00542078601 0.22749263568 0.00000000000 0.00000000000 0.00000000000 0.00000000000 0.00000000000 0.00000000000 0.00000000000 0.00000000000
0.07069985749 0.00537537334 0.22749465418 0.00000000000 0.00000000000 0.00000000000 0.00000000000 0.00000000000 0.00000000000 0.00000000000 0.00000000000
0.07067153673 0.00532997228 0.22749666459 0.00000000000 0.00000000000 0.00000000000 0.00000000000 0.00000000000 0.00000000000 0.00000000000 0.00000000000
0.07064317566 0.00528458437 0.22749866696 0.00000000000 0.00000000000 0.00000000000 0.00000000000 0.00000000000 0.00000000000 0.00000000000 0.00000000000
0.07061477219 0.00523921115 0.22750066133 0.00000000000 0.00000000000 0.00000000000 0.00000000000 0.00000000000 0.00000000000 0.00000000000 0.00000000000
0.07058632381 0.00519385417 0.22750264777 0.00000000000 0.00000000000 0.00000000000 0.00000000000 0.00000000000 0.00000000000 0.00000000000 0.00000000000
0.07055782802 0.00514851498 0.22750462632 0.00000000000 0.00000000000 0.00000000000 0.00000000000 0.00000000000 0.00000000000 0.00000000000 0.00000000000
0.07052928273 0.00510319516 0.22750659704 0.00000000000 0.00000000000 0.00000000000 0.00000000000 0.00000000000 0.00000000000 0.00000000000 0.00000000000
0.07050068550 0.00505789629 0.22750855997 0.00000000000 0.00000000000 0.00000000000 0.00000000000 0.00000000000 0.00000000000 0.00000000000 0.00000000000
0.07047203384 0.00501261993 0.22751051519 0.00000000000 0.00000000000 0.00000000000 0.00000000000 0.00000000000 0.00000000000 0.00000000000 0.00000000000
0.07044332552 0.00496736768 0.22751246275 0.00000000000 0.00000000000 0.00000000000 0.00000000000 0.00000000000 0.00000000000 0.00000000000 0.00000000000
0.07041455820 0.00492214113 0.22751440270 0.00000000000 0.00000000000 0.00000000000 0.00000000000 0.00000000000 0.00000000000 0.00000000000 0.00000000000
0.07038572951 0.00487694193 0.22751633510 0.00000000000 0.00000000000 0.00000000000 0.00000000000 0.00000000000 0.00000000000 0.00000000000 0.00000000000
0.07035683705 0.00483177170 0.22751826001 0.00000000000 0.00000000000 0.00000000000 0.00000000000 0.00000000000 0.00000000000 0.00000000000 0.00000000000
0.07032787867 0.00478663213 0.22752017750 0.00000000000 0.00000000000 0.00000000000 0.00000000000 0.00000000000 0.00000000000 0.00000000000 0.00000000000
0.07029885188 0.00474152491 0.22752208762 0.00000000000 0.00000000000 0.00000000000 0.00000000000 0.00000000000 0.00000000000 0.00000000000 0.00000000000
0.07026975430 0.00469645169 0.22752399043 0.00000000000 0.00000000000 0.00000000000 0.00000000000 0.00000000000 0.00000000000 0.00000000000 0.00000000000
0.07024058383 0.00465141423 0.22752588600 0.00000000000 0.00000000000 0.00000000000 0.00000000000 0.00000000000 0.00000000000 0.00000000000 0.00000000000
0.07021133741 0.00460641422 0.22752775887 0.00000000000 0.00000000000 0.00000000000 0.00000000000 0.00000000000 0.00000000000 0.00000000000 0.00000000000
0.07018200869 0.00456145343 0.22752947038 0.00000000000 0.00000000000 0.00000000000 0.00000000000 0.00000000000 0.00000000000 0.00000000000 0.00000000000
0.07015259996 0.00451653360 0.22753117439 0.00000000000 0.00000000000 0.00000000000 0.00000000000 0.00000000000 0.00000000000 0.00000000000 0.00000000000
0.07012310885 0.00447165654 0.22753287094 0.00000000000 0.00000000000 0.00000000000 0.00000000000 0.00000000000 0.00000000000 0.00000000000 0.00000000000
0.07009353306 0.00442682405 0.22753456009 0.00000000000 0.00000000000 0.00000000000 0.00000000000 0.00000000000 0.00000000000 0.00000000000 0.00000000000
0.07006387033 0.00438203798 0.22753624189 0.00000000000 0.00000000000 0.00000000000 0.00000000000 0.00000000000 0.00000000000 0.00000000000 0.00000000000
0.07003411832 0.00433730020 0.22753791639 0.00000000000 0.00000000000 0.00000000000 0.00000000000 0.00000000000 0.00000000000 0.00000000000 0.00000000000
0.07000427489 0.00429261259 0.22753958366 0.00000000000 0.00000000000 0.00000000000 0.00000000000 0.00000000000 0.00000000000 0.00000000000 0.00000000000
0.06997433763 0.00424797704 0.22754124375 0.00000000000 0.00000000000 0.00000000000 0.00000000000 0.00000000000 0.00000000000 0.00000000000 0.00000000000
0.06994430407 0.00420339546 0.22754289672 0.00000000000 0.00000000000 0.00000000000 0.00000000000 0.00000000000 0.00000000000 0.00000000000 0.00000000000
0.06991417219 0.00415886981 0.22754454262 0.00000000000 0.00000000000 0.00000000000 0.00000000000 0.00000000000 0.00000000000 0.00000000000 0.00000000000
0.06988393962 0.00411440208 0.22754618152 0.00000000000 0.00000000000 0.00000000000 0.00000000000 0.00000000000 0.00000000000 0.00000000000 0.00000000000
0.06985360397 0.00406999426 0.22754781349 0.00000000000 0.00000000000 0.00000000000 0.00000000000 0.00000000000 0.00000000000 0.00000000000 0.00000000000
0.06982316324 0.00402564840 0.22754943857 0.00000000000 0.00000000000 0.00000000000 0.00000000000 0.00000000000 0.00000000000 0.00000000000 0.00000000000
0.06979261524 0.00398136653 0.22755105682 0.00000000000 0.00000000000 0.00000000000 0.00000000000 0.00000000000 0.00000000000 0.00000000000 0.00000000000
0.06976195748 0.00393715068 0.22755266832 0.00000000000 0.00000000000 0.00000000000 0.00000000000 0.00000000000 0.00000000000 0.00000000000 0.00000000000
0.06973118788 0.00389300295 0.22755427313 0.00000000000 0.00000000000 0.00000000000 0.00000000000 0.00000000000 0.00000000000 0.00000000000 0.00000000000
0.06970030449 0.00384892549 0.22755587131 0.00000000000 0.00000000000 0.00000000000 0.00000000000 0.00000000000 0.00000000000 0.00000000000 0.00000000000
0.06966930508 0.00380492041 0.22755746291 0.00000000000 0.00000000000 0.00000000000 0.00000000000 0.00000000000 0.00000000000 0.00000000000 0.00000000000
0.06963818731 0.00376098983 0.22755904802 0.00000000000 0.00000000000 0.00000000000 0.00000000000 0.00000000000 0.00000000000 0.00000000000 0.00000000000
0.06960694913 0.00371713593 0.22756062669 0.00000000000 0.00000000000 0.00000000000 0.00000000000 0.00000000000 0.00000000000 0.00000000000 0.00000000000
0.06957558874 0.00367336092 0.22756219899 0.00000000000 0.00000000000 0.00000000000 0.00000000000 0.00000000000 0.00000000000 0.00000000000 0.00000000000
0.06954410377 0.00362966698 0.22756376499 0.00000000000 0.00000000000 0.00000000000 0.00000000000 0.00000000000 0.00000000000 0.00000000000 0.00000000000
0.06951249209 0.00358605632 0.22756532476 0.00000000000 0.00000000000 0.00000000000 0.00000000000 0.00000000000 0.00000000000 0.00000000000 0.00000000000
0.06948075176 0.00354253123 0.22756687837 0.00000000000 0.00000000000 0.00000000000 0.00000000000 0.00000000000 0.00000000000 0.00000000000 0.00000000000
0.06944888107 0.00349909405 0.22756842587 0.00000000000 0.00000000000 0.00000000000 0.00000000000 0.00000000000 0.00000000000 0.00000000000 0.00000000000
0.06941687773 0.00345574701 0.22756996735 0.00000000000 0.00000000000 0.00000000000 0.00000000000 0.00000000000 0.00000000000 0.00000000000 0.00000000000
0.06938473944 0.00341249224 0.22757150289 0.00000000000 0.00000000000 0.00000000000 0.00000000000 0.00000000000 0.00000000000 0.00000000000 0.00000000000
0.06935246424 0.00336933164 0.22757303257 0.00000000000 0.00000000000 0.00000000000 0.00000000000 0.00000000000 0.00000000000 0.00000000000 0.00000000000
0.06932004816 0.00332626501 0.22757455656 0.00000000000 0.00000000000 0.00000000000 0.00000000000 0.00000000000 0.00000000000 0.00000000000 0.00000000000
0.06928748412 0.00328328807 0.22757607515 0.00000000000 0.00000000000 0.00000000000 0.00000000000 0.00000000000 0.00000000000 0.00000000000 0.00000000000
0.06925475942 0.00324038924 0.22757758893 0.00000000000 0.00000000000 0.00000000000 0.00000000000 0.00000000000 0.00000000000 0.00000000000 0.00000000000
0.06922185810 0.00319755316 0.22757909858 0.00000000000 0.00000000000 0.00000000000 0.00000000000 0.00000000000 0.00000000000 0.00000000000 0.00000000000
0.06918877104 0.00315477417 0.22758060447 0.00000000000 0.00000000000 0.00000000000 0.00000000000 0.00000000000 0.00000000000 0.00000000000 0.00000000000
0.06915555877 0.00311213537 0.22758210384 0.00000000000 0.00000000000 0.00000000000 0.00000000000 0.00000000000 0.00000000000 0.00000000000 0.00000000000
0.06911130827 0.00305573174 0.22758408365 0.00000000000 0.00000000000 0.00000000000 0.00000000000 0.00000000000 0.00000000000 0.00000000000 0.00000000000
0.06907795936 0.00301367971 0.22758556043 0.00000000000 0.00000000000 0.00000000000 0.00000000000 0.00000000000 0.00000000000 0.00000000000 0.00000000000
0.06905569751 0.00298581540 0.22758653920 0.00000000000 0.00000000000 0.00000000000 0.00000000000 0.00000000000 0.00000000000 0.00000000000 0.00000000000
ZONE T="NURB"
I=201, J=1, K=1
0.07200046334 0.00745303824 0.22739278681 30.46667795211 0.00000000000 0.00000000000 0.00000000000 0.00000000000 0.00000000000 0.00000000000 0.22751489462
0.07198590195 0.00743075213 0.22739399946 30.00070394064 0.00000000000 0.00000000000 0.00000000000 0.00000000000 0.00000000000 0.00000000000 0.22751537765
0.07197134902 0.00740844014 0.22739521086 29.55788662564 0.00000000000 0.00000000000 0.00000000000 0.00000000000 0.00000000000 0.00000000000 0.22751586079
0.07195680695 0.00738610648 0.22739642085 29.13745034077 0.00000000000 0.00000000000 0.00000000000 0.00000000000 0.00000000000 0.00000000000 0.22751634399
0.07194227817 0.00736375536 0.22739762921 28.73844158444 0.00000000000 0.00000000000 0.00000000000 0.00000000000 0.00000000000 0.00000000000 0.22751682721
0.07192776467 0.00734139038 0.22739883573 28.34583027805 0.00000000000 0.00000000000 0.00000000000 0.00000000000 0.00000000000 0.00000000000 0.22751731034
0.07191326690 0.00731901279 0.22740003997 27.96731682882 0.00000000000 0.00000000000 0.00000000000 0.00000000000 0.00000000000 0.00000000000 0.22751779299
0.07189878489 0.00729662327 0.22740124160 27.45002785186 0.00000000000 0.00000000000 0.00000000000 0.00000000000 0.00000000000 0.00000000000 0.22751827485
0.07188431856 0.00727422226 0.22740244068 26.93738615412 0.00000000000 0.00000000000 0.00000000000 0.00000000000 0.00000000000 0.00000000000 0.22751875602
0.07186986773 0.00725181017 0.22740363737 26.49059062734 0.00000000000 0.00000000000 0.00000000000 0.00000000000 0.00000000000 0.00000000000 0.22751923663
0.07185543221 0.00722938728 0.22740483167 26.04349704492 0.00000000000 0.00000000000 0.00000000000 0.00000000000 0.00000000000 0.00000000000 0.22751971674
0.07184101180 0.00720695384 0.22740602359 25.57426274481 0.00000000000 0.00000000000 0.00000000000 0.00000000000 0.00000000000 0.00000000000 0.22752019635
0.07182660618 0.00718451003 0.22740721312 25.10555501262 0.00000000000 0.00000000000 0.00000000000 0.00000000000 0.00000000000 0.00000000000 0.22752067547
0.07181221508 0.00716205600 0.22740840028 24.64777162112 0.00000000000 0.00000000000 0.00000000000 0.00000000000 0.00000000000 0.00000000000 0.22752115410
0.07179783820 0.00713959192 0.22740958505 24.19002222110 0.00000000000 0.00000000000 0.00000000000 0.00000000000 0.00000000000 0.00000000000 0.22752163226
0.07178347529 0.00711711800 0.22741076744 23.72867081726 0.00000000000 0.00000000000 0.00000000000 0.00000000000 0.00000000000 0.00000000000 0.22752210995
0.07176912606 0.00709463439 0.22741194746 23.26770442431 0.00000000000 0.00000000000 0.00000000000 0.00000000000 0.00000000000 0.00000000000 0.22752258720
0.07175479023 0.00707214128 0.22741312509 22.81029309063 0.00000000000 0.00000000000 0.00000000000 0.00000000000 0.00000000000 0.00000000000 0.22752306399
0.07174046752 0.00704963882 0.22741430035 22.35296463439 0.00000000000 0.00000000000 0.00000000000 0.00000000000 0.00000000000 0.00000000000 0.22752354035
0.07172615765 0.00702712721 0.22741547324 21.89383542299 0.00000000000 0.00000000000 0.00000000000 0.00000000000 0.00000000000 0.00000000000 0.22752401628
0.07171186034 0.00700460661 0.22741664374 21.43490461914 0.00000000000 0.00000000000 0.00000000000 0.00000000000 0.00000000000 0.00000000000 0.22752449179
0.07169757531 0.00698207720 0.22741781188 20.97568645024 0.00000000000 0.00000000000 0.00000000000 0.00000000000 0.00000000000 0.00000000000 0.22752496690
0.07168330228 0.00695953913 0.22741897764 20.51688994403 0.00000000000 0.00000000000 0.00000000000 0.00000000000 0.00000000000 0.00000000000 0.22752544160
0.07166904096 0.00693699260 0.22742014104 20.05999502033 0.00000000000 0.00000000000 0.00000000000 0.00000000000 0.00000000000 0.00000000000 0.22752591592
0.07165479108 0.00691443776 0.22742130206 19.60353434670 0.00000000000 0.00000000000 0.00000000000 0.00000000000 0.00000000000 0.00000000000 0.22752638986
0.07164055234 0.00689187479 0.22742246072 19.14863693913 0.00000000000 0.00000000000 0.00000000000 0.00000000000 0.00000000000 0.00000000000 0.22752686342
0.07162632449 0.00686930386 0.22742361702 18.69374276916 0.00000000000 0.00000000000 0.00000000000 0.00000000000 0.00000000000 0.00000000000 0.22752733663
0.07161210722 0.00684672514 0.22742477095 18.23566611564 0.00000000000 0.00000000000 0.00000000000 0.00000000000 0.00000000000 0.00000000000 0.22752780948
0.07159790027 0.00682413881 0.22742592252 17.77838775974 0.00000000000 0.00000000000 0.00000000000 0.00000000000 0.00000000000 0.00000000000 0.22752828199
0.07158370335 0.00680154502 0.22742707173 17.32500594593 0.00000000000 0.00000000000 0.00000000000 0.00000000000 0.00000000000 0.00000000000 0.22752875416
0.07156951617 0.00677894396 0.22742821858 16.87249402699 0.00000000000 0.00000000000 0.00000000000 0.00000000000 0.00000000000 0.00000000000 0.22752922601
0.07155533846 0.00675633579 0.22742936308 16.42384223128 0.00000000000 0.00000000000 0.00000000000 0.00000000000 0.00000000000 0.00000000000 0.22752969755
0.07154116993 0.00673372068 0.22743050523 15.97512131301 0.00000000000 0.00000000000 0.00000000000 0.00000000000 0.00000000000 0.00000000000 0.22753016878
0.07152701032 0.00671109880 0.22743164503 15.52198401041 0.00000000000 0.00000000000 0.00000000000 0.00000000000 0.00000000000 0.00000000000 0.22753063971
0.07151285933 0.00668847031 0.22743278248 15.06970630114 0.00000000000 0.00000000000 0.00000000000 0.00000000000 0.00000000000 0.00000000000 0.22753111036
0.07149871668 0.00666583539 0.22743391758 14.61973806433 0.00000000000 0.00000000000 0.00000000000 0.00000000000 0.00000000000 0.00000000000 0.22753158073
0.07148458209 0.00664319420 0.22743505035 14.17030732961 0.00000000000 0.00000000000 0.00000000000 0.00000000000 0.00000000000 0.00000000000 0.22753205083
0.07147045529 0.00662054691 0.22743618077 13.72004555236 0.00000000000 0.00000000000 0.00000000000 0.00000000000 0.00000000000 0.00000000000 0.22753252067
0.07145633598 0.00659789368 0.22743730886 13.27059005631 0.00000000000 0.00000000000 0.00000000000 0.00000000000 0.00000000000 0.00000000000 0.22753299027
0.07144222388 0.00657523470 0.22743843461 12.82133305197 0.00000000000 0.00000000000 0.00000000000 0.00000000000 0.00000000000 0.00000000000 0.22753345962
0.07142811871 0.00655257012 0.22743955803 12.37226295218 0.00000000000 0.00000000000 0.00000000000 0.00000000000 0.00000000000 0.00000000000 0.22753392875
0.07141402019 0.00652990012 0.22744067912 11.91827805874 0.00000000000 0.00000000000 0.00000000000 0.00000000000 0.00000000000 0.00000000000 0.22753439765
0.07139992803 0.00650722488 0.22744179788 11.46578845623 0.00000000000 0.00000000000 0.00000000000 0.00000000000 0.00000000000 0.00000000000 0.22753486634
0.07138584195 0.00648454455 0.22744291433 11.01535397543 0.00000000000 0.00000000000 0.00000000000 0.00000000000 0.00000000000 0.00000000000 0.22753533483
0.07137176164 0.00646185932 0.22744402845 10.56705456749 0.00000000000 0.00000000000 0.00000000000 0.00000000000 0.00000000000 0.00000000000 0.22753580312
0.07135768683 0.00643916934 0.22744514026 10.12292040698 0.00000000000 0.00000000000 0.00000000000 0.00000000000 0.00000000000 0.00000000000 0.22753627124
0.07134361723 0.00641647480 0.22744624975 9.68094386326 0.00000000000 0.00000000000 0.00000000000 0.00000000000 0.00000000000 0.00000000000 0.22753673918
0.07132955255 0.00639377586 0.22744735694 9.24104805855 0.00000000000 0.00000000000 0.00000000000 0.00000000000 0.00000000000 0.00000000000 0.22753720696
0.07131549251 0.00637107269 0.22744846182 8.80353663432 0.00000000000 0.00000000000 0.00000000000 0.00000000000 0.00000000000 0.00000000000 0.22753767458
0.07130143682 0.00634836546 0.22744956440 8.36642816994 0.00000000000 0.00000000000 0.00000000000 0.00000000000 0.00000000000 0.00000000000 0.22753814206
0.07128738519 0.00632565435 0.22745066468 7.93138335223 0.00000000000 0.00000000000 0.00000000000 0.00000000000 0.00000000000 0.00000000000 0.22753860940
0.07127333733 0.00630293953 0.22745176267 7.49084828233 0.00000000000 0.00000000000 0.00000000000 0.00000000000 0.00000000000 0.00000000000 0.22753907662
0.07125929294 0.00628022117 0.22745285836 7.05580275281 0.00000000000 0.00000000000 0.00000000000 0.00000000000 0.00000000000 0.00000000000 0.22753954372
0.07124525174 0.00625749945 0.22745395177 6.62616339218 0.00000000000 0.00000000000 0.00000000000 0.00000000000 0.00000000000 0.00000000000 0.22754001072
0.07123121341 0.00623477455 0.22745504290 6.20371774823 0.00000000000 0.00000000000 0.00000000000 0.00000000000 0.00000000000 0.00000000000 0.22754047762
0.07121717767 0.00621204665 0.22745613175 5.78567131903 0.00000000000 0.00000000000 0.00000000000 0.00000000000 0.00000000000 0.00000000000 0.22754094443
0.07120314420 0.00618931593 0.22745721832 5.38157358156 0.00000000000 0.00000000000 0.00000000000 0.00000000000 0.00000000000 0.00000000000 0.22754141117
0.07118911272 0.00616658255 0.22745830262 4.99824270754 0.00000000000 0.00000000000 0.00000000000 0.00000000000 0.00000000000 0.00000000000 0.22754187784
0.07117508290 0.00614384672 0.22745938466 4.63269983939 0.00000000000 0.00000000000 0.00000000000 0.00000000000 0.00000000000 0.00000000000 0.22754234446
0.07116105447 0.00612110859 0.22746046444 4.28463399307 0.00000000000 0.00000000000 0.00000000000 0.00000000000 0.00000000000 0.00000000000 0.22754281103
0.07114702711 0.00609836836 0.22746154196 3.96976375162 0.00000000000 0.00000000000 0.00000000000 0.00000000000 0.00000000000 0.00000000000 0.22754327757
0.07113300052 0.00607562620 0.22746261723 3.69899889879 0.00000000000 0.00000000000 0.00000000000 0.00000000000 0.00000000000 0.00000000000 0.22754374408
0.07111897440 0.00605288229 0.22746369025 3.47658933165 0.00000000000 0.00000000000 0.00000000000 0.00000000000 0.00000000000 0.00000000000 0.22754421058
0.07110494844 0.00603013682 0.22746476103 3.31292179633 0.00000000000 0.00000000000 0.00000000000 0.00000000000 0.00000000000 0.00000000000 0.22754467706
0.07109092237 0.00600738996 0.22746582957 3.21227987217 0.00000000000 0.00000000000 0.00000000000 0.00000000000 0.00000000000 0.00000000000 0.22754514356
0.07107689589 0.00598464191 0.22746689588 3.18396008272 0.00000000000 0.00000000000 0.00000000000 0.00000000000 0.00000000000 0.00000000000 0.22754561006
0.07106286867 0.00596189285 0.22746795996 3.23715326677 0.00000000000 0.00000000000 0.00000000000 0.00000000000 0.00000000000 0.00000000000 0.22754607660
0.07104884040 0.00593914294 0.22746902182 3.35738303133 0.00000000000 0.00000000000 0.00000000000 0.00000000000 0.00000000000 0.00000000000 0.22754654316
0.07103481079 0.00591639238 0.22747008146 3.54100377082 0.00000000000 0.00000000000 0.00000000000 0.00000000000 0.00000000000 0.00000000000 0.22754700977
0.07102077954 0.00589364135 0.22747113889 3.79007166723 0.00000000000 0.00000000000 0.00000000000 0.00000000000 0.00000000000 0.00000000000 0.22754747644
0.07100674635 0.00587089003 0.22747219411 4.08329831103 0.00000000000 0.00000000000 0.00000000000 0.00000000000 0.00000000000 0.00000000000 0.22754794317
0.07099271090 0.00584813861 0.22747324712 4.39709987489 0.00000000000 0.00000000000 0.00000000000 0.00000000000 0.00000000000 0.00000000000 0.22754840998
0.07097867292 0.00582538727 0.22747429795 4.74266088281 0.00000000000 0.00000000000 0.00000000000 0.00000000000 0.00000000000 0.00000000000 0.22754887687
0.07096463209 0.00580263619 0.22747534658 5.13097919093 0.00000000000 0.00000000000 0.00000000000 0.00000000000 0.00000000000 0.00000000000 0.22754934385
0.07095058812 0.00577988556 0.22747639302 5.53649981965 0.00000000000 0.00000000000 0.00000000000 0.00000000000 0.00000000000 0.00000000000 0.22754981094
0.07093654068 0.00575713557 0.22747743728 5.94774008494 0.00000000000 0.00000000000 0.00000000000 0.00000000000 0.00000000000 0.00000000000 0.22755027814
0.07092248947 0.00573438638 0.22747847937 6.36859868885 0.00000000000 0.00000000000 0.00000000000 0.00000000000 0.00000000000 0.00000000000 0.22755074547
0.07090843420 0.00571163820 0.22747951929 6.78999394762 0.00000000000 0.00000000000 0.00000000000 0.00000000000 0.00000000000 0.00000000000 0.22755121294
0.07089437458 0.00568889120 0.22748055705 7.22196261724 0.00000000000 0.00000000000 0.00000000000 0.00000000000 0.00000000000 0.00000000000 0.22755168055
0.07088031030 0.00566614558 0.22748159265 7.67278675514 0.00000000000 0.00000000000 0.00000000000 0.00000000000 0.00000000000 0.00000000000 0.22755214831
0.07086624106 0.00564340152 0.22748262610 8.12976978618 0.00000000000 0.00000000000 0.00000000000 0.00000000000 0.00000000000 0.00000000000 0.22755261624
0.07085216656 0.00562065920 0.22748365740 8.59391499490 0.00000000000 0.00000000000 0.00000000000 0.00000000000 0.00000000000 0.00000000000 0.22755308434
0.07083808649 0.00559791881 0.22748468657 9.05809751892 0.00000000000 0.00000000000 0.00000000000 0.00000000000 0.00000000000 0.00000000000 0.22755355263
0.07082400054 0.00557518055 0.22748571359 9.51005828735 0.00000000000 0.00000000000 0.00000000000 0.00000000000 0.00000000000 0.00000000000 0.22755402112
0.07080990842 0.00555244459 0.22748673850 9.96751365939 0.00000000000 0.00000000000 0.00000000000 0.00000000000 0.00000000000 0.00000000000 0.22755448981
0.07079580985 0.00552971112 0.22748776128 10.43837191097 0.00000000000 0.00000000000 0.00000000000 0.00000000000 0.00000000000 0.00000000000 0.22755495872
0.07078170451 0.00550698034 0.22748878194 10.91371908252 0.00000000000 0.00000000000 0.00000000000 0.00000000000 0.00000000000 0.00000000000 0.22755542785
0.07076759210 0.00548425243 0.22748980050 11.40015007696 0.00000000000 0.00000000000 0.00000000000 0.00000000000 0.00000000000 0.00000000000 0.22755589721
0.07075347231 0.00546152758 0.22749081695 11.87868978119 0.00000000000 0.00000000000 0.00000000000 0.00000000000 0.00000000000 0.00000000000 0.22755636682
0.07073934484 0.00543880598 0.22749183131 12.32174855278 0.00000000000 0.00000000000 0.00000000000 0.00000000000 0.00000000000 0.00000000000 0.22755683669
0.07072520942 0.00541608782 0.22749284358 12.77583990087 0.00000000000 0.00000000000 0.00000000000 0.00000000000 0.00000000000 0.00000000000 0.22755730682
0.07071106575 0.00539337328 0.22749385376 13.26906309890 0.00000000000 0.00000000000 0.00000000000 0.00000000000 0.00000000000 0.00000000000 0.22755777722
0.07069691354 0.00537066256 0.22749486187 13.76234455559 0.00000000000 0.00000000000 0.00000000000 0.00000000000 0.00000000000 0.00000000000 0.22755824791
0.07068275246 0.00534795585 0.22749586791 14.25286362308 0.00000000000 0.00000000000 0.00000000000 0.00000000000 0.00000000000 0.00000000000 0.22755871890
0.07066858221 0.00532525332 0.22749687188 14.73360372141 0.00000000000 0.00000000000 0.00000000000 0.00000000000 0.00000000000 0.00000000000 0.22755919019
0.07065440249 0.00530255518 0.22749787380 15.17478896988 0.00000000000 0.00000000000 0.00000000000 0.00000000000 0.00000000000 0.00000000000 0.22755966179
0.07064021304 0.00527986161 0.22749887367 15.62827853969 0.00000000000 0.00000000000 0.00000000000 0.00000000000 0.00000000000 0.00000000000 0.22756013372
0.07062601357 0.00525717280 0.22749987149 16.12693763664 0.00000000000 0.00000000000 0.00000000000 0.00000000000 0.00000000000 0.00000000000 0.22756060598
0.07061180377 0.00523448896 0.22750086728 16.62545900434 0.00000000000 0.00000000000 0.00000000000 0.00000000000 0.00000000000 0.00000000000 0.22756107859
0.07059758334 0.00521181027 0.22750186104 17.12196120624 0.00000000000 0.00000000000 0.00000000000 0.00000000000 0.00000000000 0.00000000000 0.22756155154
0.07058335197 0.00518913692 0.22750285277 17.60755041069 0.00000000000 0.00000000000 0.00000000000 0.00000000000 0.00000000000 0.00000000000 0.22756202487
0.07056910935 0.00516646910 0.22750384249 18.05047963835 0.00000000000 0.00000000000 0.00000000000 0.00000000000 0.00000000000 0.00000000000 0.22756249856
0.07055485523 0.00514380701 0.22750483021 18.50423671310 0.00000000000 0.00000000000 0.00000000000 0.00000000000 0.00000000000 0.00000000000 0.22756297264
0.07054058933 0.00512115086 0.22750581592 18.99826740073 0.00000000000 0.00000000000 0.00000000000 0.00000000000 0.00000000000 0.00000000000 0.22756344711
0.07052631135 0.00509850082 0.22750679963 19.49335478962 0.00000000000 0.00000000000 0.00000000000 0.00000000000 0.00000000000 0.00000000000 0.22756392198
0.07051202099 0.00507585709 0.22750778136 19.99169185872 0.00000000000 0.00000000000 0.00000000000 0.00000000000 0.00000000000 0.00000000000 0.22756439727
0.07049771792 0.00505321988 0.22750876111 20.48311366993 0.00000000000 0.00000000000 0.00000000000 0.00000000000 0.00000000000 0.00000000000 0.22756487298
0.07048340186 0.00503058937 0.22750973889 20.94742799925 0.00000000000 0.00000000000 0.00000000000 0.00000000000 0.00000000000 0.00000000000 0.22756534912
0.07046907253 0.00500796576 0.22751071470 21.41570361543 0.00000000000 0.00000000000 0.00000000000 0.00000000000 0.00000000000 0.00000000000 0.22756582570
0.07045472964 0.00498534924 0.22751168856 21.89867657313 0.00000000000 0.00000000000 0.00000000000 0.00000000000 0.00000000000 0.00000000000 0.22756630273
0.07044037290 0.00496274002 0.22751266046 22.38214069726 0.00000000000 0.00000000000 0.00000000000 0.00000000000 0.00000000000 0.00000000000 0.22756678022
0.07042600203 0.00494013830 0.22751363043 22.86705826877 0.00000000000 0.00000000000 0.00000000000 0.00000000000 0.00000000000 0.00000000000 0.22756725818
0.07041161672 0.00491754427 0.22751459846 23.35436272610 0.00000000000 0.00000000000 0.00000000000 0.00000000000 0.00000000000 0.00000000000 0.22756773662
0.07039721669 0.00489495814 0.22751556456 23.85061639438 0.00000000000 0.00000000000 0.00000000000 0.00000000000 0.00000000000 0.00000000000 0.22756821556
0.07038280163 0.00487238010 0.22751652874 24.33944363376 0.00000000000 0.00000000000 0.00000000000 0.00000000000 0.00000000000 0.00000000000 0.22756869499
0.07036837124 0.00484981036 0.22751749102 24.79878612163 0.00000000000 0.00000000000 0.00000000000 0.00000000000 0.00000000000 0.00000000000 0.22756917493
0.07035392528 0.00482724912 0.22751845138 25.26865380515 0.00000000000 0.00000000000 0.00000000000 0.00000000000 0.00000000000 0.00000000000 0.22756965539
0.07033946344 0.00480469659 0.22751940986 25.77995405482 0.00000000000 0.00000000000 0.00000000000 0.00000000000 0.00000000000 0.00000000000 0.22757013638
0.07032498543 0.00478215297 0.22752036644 26.28755089258 0.00000000000 0.00000000000 0.00000000000 0.00000000000 0.00000000000 0.00000000000 0.22757061790
0.07031049093 0.00475961848 0.22752132115 26.78012549634 0.00000000000 0.00000000000 0.00000000000 0.00000000000 0.00000000000 0.00000000000 0.22757109998
0.07029597966 0.00473709331 0.22752227398 27.26594192591 0.00000000000 0.00000000000 0.00000000000 0.00000000000 0.00000000000 0.00000000000 0.22757158261
0.07028145133 0.00471457767 0.22752322496 27.72413919310 0.00000000000 0.00000000000 0.00000000000 0.00000000000 0.00000000000 0.00000000000 0.22757206581
0.07026690567 0.00469207178 0.22752417407 28.26241336971 0.00000000000 0.00000000000 0.00000000000 0.00000000000 0.00000000000 0.00000000000 0.22757254958
0.07025234239 0.00466957584 0.22752512079 29.26918485728 0.00000000000 0.00000000000 0.00000000000 0.00000000000 0.00000000000 0.00000000000 0.22757303340
0.07023776111 0.00464709007 0.22752606334 31.96778911326 0.00000000000 0.00000000000 0.00000000000 0.00000000000 0.00000000000 0.00000000000 0.22757351548
0.07022316135 0.00462461466 0.22752699552 47.62805384556 0.00000000000 0.00000000000 0.00000000000 0.00000000000 0.00000000000 0.00000000000 0.22757398962
0.07020854234 0.00460214985 0.22752790145 59.82538403200 0.00000000000 0.00000000000 0.00000000000 0.00000000000 0.00000000000 0.00000000000 0.22757443995
0.07019390360 0.00457969583 0.22752877397 39.51457222694 0.00000000000 0.00000000000 0.00000000000 0.00000000000 0.00000000000 0.00000000000 0.22757485932
0.07017924531 0.00455725283 0.22752962899 31.19334056423 0.00000000000 0.00000000000 0.00000000000 0.00000000000 0.00000000000 0.00000000000 0.22757526364
0.07016456761 0.00453482106 0.22753048040 31.69791162080 0.00000000000 0.00000000000 0.00000000000 0.00000000000 0.00000000000 0.00000000000 0.22757566678
0.07014987025 0.00451240074 0.22753132990 32.20009794106 0.00000000000 0.00000000000 0.00000000000 0.00000000000 0.00000000000 0.00000000000 0.22757607046
0.07013515293 0.00448999208 0.22753217751 32.69171702238 0.00000000000 0.00000000000 0.00000000000 0.00000000000 0.00000000000 0.00000000000 0.22757647469
0.07012041537 0.00446759532 0.22753302324 33.18339119138 0.00000000000 0.00000000000 0.00000000000 0.00000000000 0.00000000000 0.00000000000 0.22757687947
0.07010565729 0.00444521066 0.22753386708 33.67520060815 0.00000000000 0.00000000000 0.00000000000 0.00000000000 0.00000000000 0.00000000000 0.22757728482
0.07009087840 0.00442283833 0.22753470905 34.16935597579 0.00000000000 0.00000000000 0.00000000000 0.00000000000 0.00000000000 0.00000000000 0.22757769074
0.07007607841 0.00440047855 0.22753554916 34.67416523715 0.00000000000 0.00000000000 0.00000000000 0.00000000000 0.00000000000 0.00000000000 0.22757809724
0.07006125704 0.00437813155 0.22753638741 35.17406665956 0.00000000000 0.00000000000 0.00000000000 0.00000000000 0.00000000000 0.00000000000 0.22757850432
0.07004641400 0.00435579755 0.22753722381 35.65087126978 0.00000000000 0.00000000000 0.00000000000 0.00000000000 0.00000000000 0.00000000000 0.22757891200
0.07003154902 0.00433347678 0.22753805836 36.13429958409 0.00000000000 0.00000000000 0.00000000000 0.00000000000 0.00000000000 0.00000000000 0.22757932029
0.07001666183 0.00431116947 0.22753889108 36.64922731470 0.00000000000 0.00000000000 0.00000000000 0.00000000000 0.00000000000 0.00000000000 0.22757972918
0.07000175213 0.00428887585 0.22753972197 37.16644878212 0.00000000000 0.00000000000 0.00000000000 0.00000000000 0.00000000000 0.00000000000 0.22758013869
0.06998681962 0.00426659615 0.22754055103 37.69507733103 0.00000000000 0.00000000000 0.00000000000 0.00000000000 0.00000000000 0.00000000000 0.22758054883
0.06997186398 0.00424433059 0.22754137829 38.21342380938 0.00000000000 0.00000000000 0.00000000000 0.00000000000 0.00000000000 0.00000000000 0.22758095961
0.06995688494 0.00422207942 0.22754220374 38.67980703569 0.00000000000 0.00000000000 0.00000000000 0.00000000000 0.00000000000 0.00000000000 0.22758137102
0.06994188222 0.00419984286 0.22754302739 39.15456193075 0.00000000000 0.00000000000 0.00000000000 0.00000000000 0.00000000000 0.00000000000 0.22758178309
0.06992685558 0.00417762115 0.22754384925 39.67237804080 0.00000000000 0.00000000000 0.00000000000 0.00000000000 0.00000000000 0.00000000000 0.22758219581
0.06991180471 0.00415541454 0.22754466933 40.19130515810 0.00000000000 0.00000000000 0.00000000000 0.00000000000 0.00000000000 0.00000000000 0.22758260920
0.06989672932 0.00413322325 0.22754548764 40.71624646414 0.00000000000 0.00000000000 0.00000000000 0.00000000000 0.00000000000 0.00000000000 0.22758302327
0.06988162912 0.00411104754 0.22754630418 41.23282649084 0.00000000000 0.00000000000 0.00000000000 0.00000000000 0.00000000000 0.00000000000 0.22758343801
0.06986650380 0.00408888763 0.22754711896 41.70292957015 0.00000000000 0.00000000000 0.00000000000 0.00000000000 0.00000000000 0.00000000000 0.22758385345
0.06985135313 0.00406674377 0.22754793199 42.17777136408 0.00000000000 0.00000000000 0.00000000000 0.00000000000 0.00000000000 0.00000000000 0.22758426958
0.06983617684 0.00404461621 0.22754874328 42.67911445821 0.00000000000 0.00000000000 0.00000000000 0.00000000000 0.00000000000 0.00000000000 0.22758468641
0.06982097466 0.00402250520 0.22754955283 43.18566631891 0.00000000000 0.00000000000 0.00000000000 0.00000000000 0.00000000000 0.00000000000 0.22758510396
0.06980574631 0.00400041096 0.22755036066 43.72308745259 0.00000000000 0.00000000000 0.00000000000 0.00000000000 0.00000000000 0.00000000000 0.22758552222
0.06979049148 0.00397833376 0.22755116677 44.25409598888 0.00000000000 0.00000000000 0.00000000000 0.00000000000 0.00000000000 0.00000000000 0.22758594121
0.06977520987 0.00395627382 0.22755197117 44.74554948003 0.00000000000 0.00000000000 0.00000000000 0.00000000000 0.00000000000 0.00000000000 0.22758636094
0.06975990122 0.00393423141 0.22755277387 45.23461870487 0.00000000000 0.00000000000 0.00000000000 0.00000000000 0.00000000000 0.00000000000 0.22758678141
0.06974456527 0.00391220677 0.22755357488 45.70754484361 0.00000000000 0.00000000000 0.00000000000 0.00000000000 0.00000000000 0.00000000000 0.22758720263
0.06972920177 0.00389020016 0.22755437420 46.18586638951 0.00000000000 0.00000000000 0.00000000000 0.00000000000 0.00000000000 0.00000000000 0.22758762461
0.06971381047 0.00386821183 0.22755517184 46.69956829365 0.00000000000 0.00000000000 0.00000000000 0.00000000000 0.00000000000 0.00000000000 0.22758804735
0.06969839109 0.00384624203 0.22755596782 47.21497484618 0.00000000000 0.00000000000 0.00000000000 0.00000000000 0.00000000000 0.00000000000 0.22758847086
0.06968294335 0.00382429102 0.22755676214 47.74225698115 0.00000000000 0.00000000000 0.00000000000 0.00000000000 0.00000000000 0.00000000000 0.22758889515
0.06966746696 0.00380235905 0.22755755480 48.26541460253 0.00000000000 0.00000000000 0.00000000000 0.00000000000 0.00000000000 0.00000000000 0.22758932023
0.06965196163 0.00378044637 0.22755834583 48.75780582829 0.00000000000 0.00000000000 0.00000000000 0.00000000000 0.00000000000 0.00000000000 0.22758974610
0.06963642711 0.00375855325 0.22755913522 49.24711136162 0.00000000000 0.00000000000 0.00000000000 0.00000000000 0.00000000000 0.00000000000 0.22759017277
0.06962086314 0.00373667993 0.22755992298 49.71098232247 0.00000000000 0.00000000000 0.00000000000 0.00000000000 0.00000000000 0.00000000000 0.22759060026
0.06960526949 0.00371482669 0.22756070913 50.18270441423 0.00000000000 0.00000000000 0.00000000000 0.00000000000 0.00000000000 0.00000000000 0.22759102855
0.06958964592 0.00369299379 0.22756149367 50.71799769048 0.00000000000 0.00000000000 0.00000000000 0.00000000000 0.00000000000 0.00000000000 0.22759145767
0.06957399214 0.00367118149 0.22756227662 51.25075694470 0.00000000000 0.00000000000 0.00000000000 0.00000000000 0.00000000000 0.00000000000 0.22759188762
0.06955830786 0.00364939004 0.22756305797 51.76137407278 0.00000000000 0.00000000000 0.00000000000 0.00000000000 0.00000000000 0.00000000000 0.22759231841
0.06954259281 0.00362761970 0.22756383774 52.27018220221 0.00000000000 0.00000000000 0.00000000000 0.00000000000 0.00000000000 0.00000000000 0.22759275004
0.06952684672 0.00360587076 0.22756461594 52.76096649827 0.00000000000 0.00000000000 0.00000000000 0.00000000000 0.00000000000 0.00000000000 0.22759318253
0.06951106936 0.00358414347 0.22756539258 53.24914508874 0.00000000000 0.00000000000 0.00000000000 0.00000000000 0.00000000000 0.00000000000 0.22759361587
0.06949526046 0.00356243811 0.22756616767 53.70866602953 0.00000000000 0.00000000000 0.00000000000 0.00000000000 0.00000000000 0.00000000000 0.22759405008
0.06947941983 0.00354075494 0.22756694121 54.17496259567 0.00000000000 0.00000000000 0.00000000000 0.00000000000 0.00000000000 0.00000000000 0.22759448517
0.06946354723 0.00351909426 0.22756771322 54.71233296336 0.00000000000 0.00000000000 0.00000000000 0.00000000000 0.00000000000 0.00000000000 0.22759492113
0.06944764237 0.00349745631 0.22756848369 55.24845079280 0.00000000000 0.00000000000 0.00000000000 0.00000000000 0.00000000000 0.00000000000 0.22759535797
0.06943170497 0.00347584138 0.22756925265 55.76982354965 0.00000000000 0.00000000000 0.00000000000 0.00000000000 0.00000000000 0.00000000000 0.22759579571
0.06941573476 0.00345424973 0.22757002011 56.28669080633 0.00000000000 0.00000000000 0.00000000000 0.00000000000 0.00000000000 0.00000000000 0.22759623435
0.06939973148 0.00343268163 0.22757078606 56.74393626403 0.00000000000 0.00000000000 0.00000000000 0.00000000000 0.00000000000 0.00000000000 0.22759667390
0.06938369491 0.00341113738 0.22757155053 57.20484020032 0.00000000000 0.00000000000 0.00000000000 0.00000000000 0.00000000000 0.00000000000 0.22759711437
0.06936762484 0.00338961723 0.22757231352 57.71150728246 0.00000000000 0.00000000000 0.00000000000 0.00000000000 0.00000000000 0.00000000000 0.22759755575
0.06935152094 0.00336812139 0.22757307504 58.21782151444 0.00000000000 0.00000000000 0.00000000000 0.00000000000 0.00000000000 0.00000000000 0.22759799807
0.06933538286 0.00334664999 0.22757383510 58.73209280661 0.00000000000 0.00000000000 0.00000000000 0.00000000000 0.00000000000 0.00000000000 0.22759844132
0.06931921016 0.00332520306 0.22757459374 59.24270340526 0.00000000000 0.00000000000 0.00000000000 0.00000000000 0.00000000000 0.00000000000 0.22759888552
0.06930300229 0.00330378051 0.22757535096 59.73370514239 0.00000000000 0.00000000000 0.00000000000 0.00000000000 0.00000000000 0.00000000000 0.22759933069
0.06928675845 0.00328238189 0.22757610681 60.21750681562 0.00000000000 0.00000000000 0.00000000000 0.00000000000 0.00000000000 0.00000000000 0.22759977684
0.06927047762 0.00326100646 0.22757686132 60.72683861720 0.00000000000 0.00000000000 0.00000000000 0.00000000000 0.00000000000 0.00000000000 0.22760022402
0.06925415824 0.00323965282 0.22757761458 61.21757580464 0.00000000000 0.00000000000 0.00000000000 0.00000000000 0.00000000000 0.00000000000 0.22760067225
0.06923779848 0.00321831921 0.22757836665 61.76145359584 0.00000000000 0.00000000000 0.00000000000 0.00000000000 0.00000000000 0.00000000000 0.22760112159
0.06922139599 0.00319700333 0.22757911765 62.26943502698 0.00000000000 0.00000000000 0.00000000000 0.00000000000 0.00000000000 0.00000000000 0.22760157210
0.06920494964 0.00317570437 0.22757986762 62.70664909814 0.00000000000 0.00000000000 0.00000000000 0.00000000000 0.00000000000 0.00000000000 0.22760202382
0.06918846311 0.00315442772 0.22758061640 63.21901731155 0.00000000000 0.00000000000 0.00000000000 0.00000000000 0.00000000000 0.00000000000 0.22760247664
0.06917194261 0.00313318202 0.22758136366 63.79589568624 0.00000000000 0.00000000000 0.00000000000 0.00000000000 0.00000000000 0.00000000000 0.22760293037
0.06915539977 0.00311198281 0.22758210875 64.57534343106 0.00000000000 0.00000000000 0.00000000000 0.00000000000 0.00000000000 0.00000000000 0.22760338455
0.06913884349 0.00309084204 0.22758285121 64.88166863335 0.00000000000 0.00000000000 0.00000000000 0.00000000000 0.00000000000 0.00000000000 0.22760383887
0.06912226705 0.00306975129 0.22758359164 65.02935590739 0.00000000000 0.00000000000 0.00000000000 0.00000000000 0.00000000000 0.00000000000 0.22760429380
0.06910566223 0.00304870023 0.22758433072 65.58786334794 0.00000000000 0.00000000000 0.00000000000 0.00000000000 0.00000000000 0.00000000000 0.22760474987
0.06908903011 0.00302769068 0.22758506847 66.20502905676 0.00000000000 0.00000000000 0.00000000000 0.00000000000 0.00000000000 0.00000000000 0.22760520710
0.06907237408 0.00300672746 0.22758580469 66.88222817142 0.00000000000 0.00000000000 0.00000000000 0.00000000000 0.00000000000 0.00000000000 0.22760566536
0.06905569751 0.00298581540 0.22758653920 67.62101753016 0.00000000000 0.00000000000 0.00000000000 0.00000000000 0.00000000000 0.00000000000 0.22760612452
