VARIABLES=
"CoordinateX"
"CoordinateY"
"CoordinateZ"
"Kappa1"
"Kappa2"
"dy"
"dz"
"d2x"
"d2y"
"d2z"
"R"
ZONE T="Konrollpunkte"
I=101, J=1, K=1
0.01726990054 0.00179234255 0.26286181736 0.00000000000 0.00000000000 0.00000000000 0.00000000000 0.00000000000 0.00000000000 0.00000000000 0.00000000000
0.01726685634 0.00179554906 0.26286239073 0.00000000000 0.00000000000 0.00000000000 0.00000000000 0.00000000000 0.00000000000 0.00000000000 0.00000000000
0.01726236903 0.00180043669 0.26286323475 0.00000000000 0.00000000000 0.00000000000 0.00000000000 0.00000000000 0.00000000000 0.00000000000 0.00000000000
0.01725654894 0.00180710375 0.26286432705 0.00000000000 0.00000000000 0.00000000000 0.00000000000 0.00000000000 0.00000000000 0.00000000000 0.00000000000
0.01725226660 0.00181217777 0.26286512948 0.00000000000 0.00000000000 0.00000000000 0.00000000000 0.00000000000 0.00000000000 0.00000000000 0.00000000000
0.01724806817 0.00181732409 0.26286591491 0.00000000000 0.00000000000 0.00000000000 0.00000000000 0.00000000000 0.00000000000 0.00000000000 0.00000000000
0.01724395483 0.00182254126 0.26286668311 0.00000000000 0.00000000000 0.00000000000 0.00000000000 0.00000000000 0.00000000000 0.00000000000 0.00000000000
0.01723992774 0.00182782782 0.26286743386 0.00000000000 0.00000000000 0.00000000000 0.00000000000 0.00000000000 0.00000000000 0.00000000000 0.00000000000
0.01723598801 0.00183318230 0.26286816694 0.00000000000 0.00000000000 0.00000000000 0.00000000000 0.00000000000 0.00000000000 0.00000000000 0.00000000000
0.01723213676 0.00183860319 0.26286888215 0.00000000000 0.00000000000 0.00000000000 0.00000000000 0.00000000000 0.00000000000 0.00000000000 0.00000000000
0.01722837507 0.00184408899 0.26286957928 0.00000000000 0.00000000000 0.00000000000 0.00000000000 0.00000000000 0.00000000000 0.00000000000 0.00000000000
0.01722470398 0.00184963814 0.26287025814 0.00000000000 0.00000000000 0.00000000000 0.00000000000 0.00000000000 0.00000000000 0.00000000000 0.00000000000
0.01722112452 0.00185524911 0.26287091852 0.00000000000 0.00000000000 0.00000000000 0.00000000000 0.00000000000 0.00000000000 0.00000000000 0.00000000000
0.01721763770 0.00186092031 0.26287156025 0.00000000000 0.00000000000 0.00000000000 0.00000000000 0.00000000000 0.00000000000 0.00000000000 0.00000000000
0.01721424448 0.00186665016 0.26287218313 0.00000000000 0.00000000000 0.00000000000 0.00000000000 0.00000000000 0.00000000000 0.00000000000 0.00000000000
0.01721094584 0.00187243706 0.26287278699 0.00000000000 0.00000000000 0.00000000000 0.00000000000 0.00000000000 0.00000000000 0.00000000000 0.00000000000
0.01720774267 0.00187827938 0.26287337165 0.00000000000 0.00000000000 0.00000000000 0.00000000000 0.00000000000 0.00000000000 0.00000000000 0.00000000000
0.01720463589 0.00188417550 0.26287393696 0.00000000000 0.00000000000 0.00000000000 0.00000000000 0.00000000000 0.00000000000 0.00000000000 0.00000000000
0.01720162636 0.00189012376 0.26287448274 0.00000000000 0.00000000000 0.00000000000 0.00000000000 0.00000000000 0.00000000000 0.00000000000 0.00000000000
0.01719871493 0.00189612249 0.26287500884 0.00000000000 0.00000000000 0.00000000000 0.00000000000 0.00000000000 0.00000000000 0.00000000000 0.00000000000
0.01719590240 0.00190217001 0.26287551510 0.00000000000 0.00000000000 0.00000000000 0.00000000000 0.00000000000 0.00000000000 0.00000000000 0.00000000000
0.01719318957 0.00190826464 0.26287600140 0.00000000000 0.00000000000 0.00000000000 0.00000000000 0.00000000000 0.00000000000 0.00000000000 0.00000000000
0.01719057720 0.00191440467 0.26287646758 0.00000000000 0.00000000000 0.00000000000 0.00000000000 0.00000000000 0.00000000000 0.00000000000 0.00000000000
0.01718806602 0.00192058837 0.26287691351 0.00000000000 0.00000000000 0.00000000000 0.00000000000 0.00000000000 0.00000000000 0.00000000000 0.00000000000
0.01718565673 0.00192681402 0.26287733906 0.00000000000 0.00000000000 0.00000000000 0.00000000000 0.00000000000 0.00000000000 0.00000000000 0.00000000000
0.01718335000 0.00193307988 0.26287774411 0.00000000000 0.00000000000 0.00000000000 0.00000000000 0.00000000000 0.00000000000 0.00000000000 0.00000000000
0.01718114649 0.00193938418 0.26287812855 0.00000000000 0.00000000000 0.00000000000 0.00000000000 0.00000000000 0.00000000000 0.00000000000 0.00000000000
0.01717904681 0.00194572516 0.26287849227 0.00000000000 0.00000000000 0.00000000000 0.00000000000 0.00000000000 0.00000000000 0.00000000000 0.00000000000
0.01717705154 0.00195210106 0.26287883515 0.00000000000 0.00000000000 0.00000000000 0.00000000000 0.00000000000 0.00000000000 0.00000000000 0.00000000000
0.01717516125 0.00195851008 0.26287915711 0.00000000000 0.00000000000 0.00000000000 0.00000000000 0.00000000000 0.00000000000 0.00000000000 0.00000000000
0.01717337646 0.00196495043 0.26287945805 0.00000000000 0.00000000000 0.00000000000 0.00000000000 0.00000000000 0.00000000000 0.00000000000 0.00000000000
0.01717169768 0.00197142031 0.26287973787 0.00000000000 0.00000000000 0.00000000000 0.00000000000 0.00000000000 0.00000000000 0.00000000000 0.00000000000
0.01717012537 0.00197791790 0.26287999651 0.00000000000 0.00000000000 0.00000000000 0.00000000000 0.00000000000 0.00000000000 0.00000000000 0.00000000000
0.01716865998 0.00198444139 0.26288023389 0.00000000000 0.00000000000 0.00000000000 0.00000000000 0.00000000000 0.00000000000 0.00000000000 0.00000000000
0.01716730192 0.00199098895 0.26288044994 0.00000000000 0.00000000000 0.00000000000 0.00000000000 0.00000000000 0.00000000000 0.00000000000 0.00000000000
0.01716605155 0.00199755874 0.26288064460 0.00000000000 0.00000000000 0.00000000000 0.00000000000 0.00000000000 0.00000000000 0.00000000000 0.00000000000
0.01716490925 0.00200414894 0.26288081780 0.00000000000 0.00000000000 0.00000000000 0.00000000000 0.00000000000 0.00000000000 0.00000000000 0.00000000000
0.01716387532 0.00201075769 0.26288096951 0.00000000000 0.00000000000 0.00000000000 0.00000000000 0.00000000000 0.00000000000 0.00000000000 0.00000000000
0.01716295006 0.00201738314 0.26288109968 0.00000000000 0.00000000000 0.00000000000 0.00000000000 0.00000000000 0.00000000000 0.00000000000 0.00000000000
0.01716213372 0.00202402344 0.26288120826 0.00000000000 0.00000000000 0.00000000000 0.00000000000 0.00000000000 0.00000000000 0.00000000000 0.00000000000
0.01716142653 0.00203067672 0.26288129524 0.00000000000 0.00000000000 0.00000000000 0.00000000000 0.00000000000 0.00000000000 0.00000000000 0.00000000000
0.01716082869 0.00203734114 0.26288136057 0.00000000000 0.00000000000 0.00000000000 0.00000000000 0.00000000000 0.00000000000 0.00000000000 0.00000000000
0.01716034038 0.00204401481 0.26288140425 0.00000000000 0.00000000000 0.00000000000 0.00000000000 0.00000000000 0.00000000000 0.00000000000 0.00000000000
0.01715996171 0.00205069588 0.26288142626 0.00000000000 0.00000000000 0.00000000000 0.00000000000 0.00000000000 0.00000000000 0.00000000000 0.00000000000
0.01715969281 0.00205738247 0.26288142660 0.00000000000 0.00000000000 0.00000000000 0.00000000000 0.00000000000 0.00000000000 0.00000000000 0.00000000000
0.01715953375 0.00206407271 0.26288140525 0.00000000000 0.00000000000 0.00000000000 0.00000000000 0.00000000000 0.00000000000 0.00000000000 0.00000000000
0.01715948457 0.00207076473 0.26288136224 0.00000000000 0.00000000000 0.00000000000 0.00000000000 0.00000000000 0.00000000000 0.00000000000 0.00000000000
0.01715954528 0.00207745665 0.26288129757 0.00000000000 0.00000000000 0.00000000000 0.00000000000 0.00000000000 0.00000000000 0.00000000000 0.00000000000
0.01715971588 0.00208414660 0.26288121126 0.00000000000 0.00000000000 0.00000000000 0.00000000000 0.00000000000 0.00000000000 0.00000000000 0.00000000000
0.01715999630 0.00209083271 0.26288110333 0.00000000000 0.00000000000 0.00000000000 0.00000000000 0.00000000000 0.00000000000 0.00000000000 0.00000000000
0.01716038648 0.00209751311 0.26288097382 0.00000000000 0.00000000000 0.00000000000 0.00000000000 0.00000000000 0.00000000000 0.00000000000 0.00000000000
0.01716088630 0.00210418591 0.26288082276 0.00000000000 0.00000000000 0.00000000000 0.00000000000 0.00000000000 0.00000000000 0.00000000000 0.00000000000
0.01716149562 0.00211084927 0.26288065019 0.00000000000 0.00000000000 0.00000000000 0.00000000000 0.00000000000 0.00000000000 0.00000000000 0.00000000000
0.01716221428 0.00211750131 0.26288045617 0.00000000000 0.00000000000 0.00000000000 0.00000000000 0.00000000000 0.00000000000 0.00000000000 0.00000000000
0.01716304206 0.00212414017 0.26288024074 0.00000000000 0.00000000000 0.00000000000 0.00000000000 0.00000000000 0.00000000000 0.00000000000 0.00000000000
0.01716397875 0.00213076399 0.26288000397 0.00000000000 0.00000000000 0.00000000000 0.00000000000 0.00000000000 0.00000000000 0.00000000000 0.00000000000
0.01716502408 0.00213737091 0.26287974593 0.00000000000 0.00000000000 0.00000000000 0.00000000000 0.00000000000 0.00000000000 0.00000000000 0.00000000000
0.01716617775 0.00214395909 0.26287946670 0.00000000000 0.00000000000 0.00000000000 0.00000000000 0.00000000000 0.00000000000 0.00000000000 0.00000000000
0.01716743945 0.00215052669 0.26287916634 0.00000000000 0.00000000000 0.00000000000 0.00000000000 0.00000000000 0.00000000000 0.00000000000 0.00000000000
0.01716880881 0.00215707185 0.26287884495 0.00000000000 0.00000000000 0.00000000000 0.00000000000 0.00000000000 0.00000000000 0.00000000000 0.00000000000
0.01717028546 0.00216359276 0.26287850261 0.00000000000 0.00000000000 0.00000000000 0.00000000000 0.00000000000 0.00000000000 0.00000000000 0.00000000000
0.01717186899 0.00217008759 0.26287813943 0.00000000000 0.00000000000 0.00000000000 0.00000000000 0.00000000000 0.00000000000 0.00000000000 0.00000000000
0.01717355894 0.00217655451 0.26287775551 0.00000000000 0.00000000000 0.00000000000 0.00000000000 0.00000000000 0.00000000000 0.00000000000 0.00000000000
0.01717535486 0.00218299172 0.26287735096 0.00000000000 0.00000000000 0.00000000000 0.00000000000 0.00000000000 0.00000000000 0.00000000000 0.00000000000
0.01717725622 0.00218939742 0.26287692589 0.00000000000 0.00000000000 0.00000000000 0.00000000000 0.00000000000 0.00000000000 0.00000000000 0.00000000000
0.01717926251 0.00219576980 0.26287648043 0.00000000000 0.00000000000 0.00000000000 0.00000000000 0.00000000000 0.00000000000 0.00000000000 0.00000000000
0.01718137316 0.00220210709 0.26287601470 0.00000000000 0.00000000000 0.00000000000 0.00000000000 0.00000000000 0.00000000000 0.00000000000 0.00000000000
0.01718358758 0.00220840752 0.26287552884 0.00000000000 0.00000000000 0.00000000000 0.00000000000 0.00000000000 0.00000000000 0.00000000000 0.00000000000
0.01718590515 0.00221466932 0.26287502298 0.00000000000 0.00000000000 0.00000000000 0.00000000000 0.00000000000 0.00000000000 0.00000000000 0.00000000000
0.01718832522 0.00222089073 0.26287449726 0.00000000000 0.00000000000 0.00000000000 0.00000000000 0.00000000000 0.00000000000 0.00000000000 0.00000000000
0.01719084711 0.00222707002 0.26287395185 0.00000000000 0.00000000000 0.00000000000 0.00000000000 0.00000000000 0.00000000000 0.00000000000 0.00000000000
0.01719347012 0.00223320545 0.26287338689 0.00000000000 0.00000000000 0.00000000000 0.00000000000 0.00000000000 0.00000000000 0.00000000000 0.00000000000
0.01719619352 0.00223929531 0.26287280255 0.00000000000 0.00000000000 0.00000000000 0.00000000000 0.00000000000 0.00000000000 0.00000000000 0.00000000000
0.01719901653 0.00224533789 0.26287219899 0.00000000000 0.00000000000 0.00000000000 0.00000000000 0.00000000000 0.00000000000 0.00000000000 0.00000000000
0.01720193838 0.00225133150 0.26287157638 0.00000000000 0.00000000000 0.00000000000 0.00000000000 0.00000000000 0.00000000000 0.00000000000 0.00000000000
0.01720495824 0.00225727447 0.26287093491 0.00000000000 0.00000000000 0.00000000000 0.00000000000 0.00000000000 0.00000000000 0.00000000000 0.00000000000
0.01720807527 0.00226316512 0.26287027475 0.00000000000 0.00000000000 0.00000000000 0.00000000000 0.00000000000 0.00000000000 0.00000000000 0.00000000000
0.01721128860 0.00226900182 0.26286959610 0.00000000000 0.00000000000 0.00000000000 0.00000000000 0.00000000000 0.00000000000 0.00000000000 0.00000000000
0.01721459732 0.00227478291 0.26286889914 0.00000000000 0.00000000000 0.00000000000 0.00000000000 0.00000000000 0.00000000000 0.00000000000 0.00000000000
0.01721800051 0.00228050680 0.26286818408 0.00000000000 0.00000000000 0.00000000000 0.00000000000 0.00000000000 0.00000000000 0.00000000000 0.00000000000
0.01722149721 0.00228617187 0.26286745112 0.00000000000 0.00000000000 0.00000000000 0.00000000000 0.00000000000 0.00000000000 0.00000000000 0.00000000000
0.01722508646 0.00229177654 0.26286670047 0.00000000000 0.00000000000 0.00000000000 0.00000000000 0.00000000000 0.00000000000 0.00000000000 0.00000000000
0.01722876723 0.00229731924 0.26286593234 0.00000000000 0.00000000000 0.00000000000 0.00000000000 0.00000000000 0.00000000000 0.00000000000 0.00000000000
0.01723253852 0.00230279842 0.26286514696 0.00000000000 0.00000000000 0.00000000000 0.00000000000 0.00000000000 0.00000000000 0.00000000000 0.00000000000
0.01723639924 0.00230821254 0.26286434454 0.00000000000 0.00000000000 0.00000000000 0.00000000000 0.00000000000 0.00000000000 0.00000000000 0.00000000000
0.01724034834 0.00231356008 0.26286352531 0.00000000000 0.00000000000 0.00000000000 0.00000000000 0.00000000000 0.00000000000 0.00000000000 0.00000000000
0.01724438470 0.00231883956 0.26286268951 0.00000000000 0.00000000000 0.00000000000 0.00000000000 0.00000000000 0.00000000000 0.00000000000 0.00000000000
0.01724850718 0.00232404950 0.26286183738 0.00000000000 0.00000000000 0.00000000000 0.00000000000 0.00000000000 0.00000000000 0.00000000000 0.00000000000
0.01725271465 0.00232918842 0.26286096916 0.00000000000 0.00000000000 0.00000000000 0.00000000000 0.00000000000 0.00000000000 0.00000000000 0.00000000000
0.01725700591 0.00233425490 0.26286008510 0.00000000000 0.00000000000 0.00000000000 0.00000000000 0.00000000000 0.00000000000 0.00000000000 0.00000000000
0.01726137978 0.00233924752 0.26285918544 0.00000000000 0.00000000000 0.00000000000 0.00000000000 0.00000000000 0.00000000000 0.00000000000 0.00000000000
0.01726583501 0.00234416488 0.26285827045 0.00000000000 0.00000000000 0.00000000000 0.00000000000 0.00000000000 0.00000000000 0.00000000000 0.00000000000
0.01727037037 0.00234900560 0.26285734038 0.00000000000 0.00000000000 0.00000000000 0.00000000000 0.00000000000 0.00000000000 0.00000000000 0.00000000000
0.01727498459 0.00235376833 0.26285639550 0.00000000000 0.00000000000 0.00000000000 0.00000000000 0.00000000000 0.00000000000 0.00000000000 0.00000000000
0.01727967638 0.00235845174 0.26285543608 0.00000000000 0.00000000000 0.00000000000 0.00000000000 0.00000000000 0.00000000000 0.00000000000 0.00000000000
0.01728444441 0.00236305450 0.26285446239 0.00000000000 0.00000000000 0.00000000000 0.00000000000 0.00000000000 0.00000000000 0.00000000000 0.00000000000
0.01728928737 0.00236757534 0.26285347470 0.00000000000 0.00000000000 0.00000000000 0.00000000000 0.00000000000 0.00000000000 0.00000000000 0.00000000000
0.01729420388 0.00237201299 0.26285247331 0.00000000000 0.00000000000 0.00000000000 0.00000000000 0.00000000000 0.00000000000 0.00000000000 0.00000000000
0.01730085548 0.00237781728 0.26285112019 0.00000000000 0.00000000000 0.00000000000 0.00000000000 0.00000000000 0.00000000000 0.00000000000 0.00000000000
0.01730595036 0.00238204202 0.26285008568 0.00000000000 0.00000000000 0.00000000000 0.00000000000 0.00000000000 0.00000000000 0.00000000000 0.00000000000
0.01730939225 0.00238479982 0.26284938764 0.00000000000 0.00000000000 0.00000000000 0.00000000000 0.00000000000 0.00000000000 0.00000000000 0.00000000000
ZONE T="NURB"
I=201, J=1, K=1
0.01726990054 0.00179234255 0.26286181736 2505.94092651837 0.00000000000 0.00000000000 0.00000000000 0.00000000000 0.00000000000 0.00000000000 0.26286792790
0.01726762732 0.00179475711 0.26286224537 2505.57735932804 0.00000000000 0.00000000000 0.00000000000 0.00000000000 0.00000000000 0.00000000000 0.26286837238
0.01726537400 0.00179719096 0.26286266935 2505.38760576307 0.00000000000 0.00000000000 0.00000000000 0.00000000000 0.00000000000 0.00000000000 0.26286881297
0.01726314074 0.00179964393 0.26286308925 2505.37178575292 0.00000000000 0.00000000000 0.00000000000 0.00000000000 0.00000000000 0.00000000000 0.26286924964
0.01726092770 0.00180211585 0.26286350505 2505.52990769408 0.00000000000 0.00000000000 0.00000000000 0.00000000000 0.00000000000 0.00000000000 0.26286968237
0.01725873503 0.00180460656 0.26286391672 2505.48659313881 0.00000000000 0.00000000000 0.00000000000 0.00000000000 0.00000000000 0.00000000000 0.26287011111
0.01725656289 0.00180711586 0.26286432422 2505.61784395552 0.00000000000 0.00000000000 0.00000000000 0.00000000000 0.00000000000 0.00000000000 0.26287053585
0.01725441142 0.00180964359 0.26286472753 2505.51157472952 0.00000000000 0.00000000000 0.00000000000 0.00000000000 0.00000000000 0.00000000000 0.26287095653
0.01725228079 0.00181218958 0.26286512661 2505.57909821053 0.00000000000 0.00000000000 0.00000000000 0.00000000000 0.00000000000 0.00000000000 0.26287137315
0.01725017113 0.00181475364 0.26286552144 2505.48874265622 0.00000000000 0.00000000000 0.00000000000 0.00000000000 0.00000000000 0.00000000000 0.26287178566
0.01724808259 0.00181733559 0.26286591200 2505.57240821157 0.00000000000 0.00000000000 0.00000000000 0.00000000000 0.00000000000 0.00000000000 0.26287219404
0.01724601533 0.00181993526 0.26286629824 2505.48118055225 0.00000000000 0.00000000000 0.00000000000 0.00000000000 0.00000000000 0.00000000000 0.26287259826
0.01724396949 0.00182255246 0.26286668015 2505.56395500619 0.00000000000 0.00000000000 0.00000000000 0.00000000000 0.00000000000 0.00000000000 0.26287299829
0.01724194520 0.00182518700 0.26286705770 2505.46954134158 0.00000000000 0.00000000000 0.00000000000 0.00000000000 0.00000000000 0.00000000000 0.26287339411
0.01723994262 0.00182783871 0.26286743085 2505.54911832138 0.00000000000 0.00000000000 0.00000000000 0.00000000000 0.00000000000 0.00000000000 0.26287378568
0.01723796188 0.00183050740 0.26286779960 2505.45211624535 0.00000000000 0.00000000000 0.00000000000 0.00000000000 0.00000000000 0.00000000000 0.26287417298
0.01723600311 0.00183319288 0.26286816390 2505.52909285323 0.00000000000 0.00000000000 0.00000000000 0.00000000000 0.00000000000 0.00000000000 0.26287455599
0.01723406647 0.00183589496 0.26286852373 2505.42932553021 0.00000000000 0.00000000000 0.00000000000 0.00000000000 0.00000000000 0.00000000000 0.26287493467
0.01723215207 0.00183861346 0.26286887907 2505.50352642648 0.00000000000 0.00000000000 0.00000000000 0.00000000000 0.00000000000 0.00000000000 0.26287530900
0.01723026007 0.00184134818 0.26286922989 2505.40102408212 0.00000000000 0.00000000000 0.00000000000 0.00000000000 0.00000000000 0.00000000000 0.26287567895
0.01722839058 0.00184409893 0.26286957616 2505.47248051973 0.00000000000 0.00000000000 0.00000000000 0.00000000000 0.00000000000 0.00000000000 0.26287604450
0.01722654374 0.00184686553 0.26286991787 2505.36722502470 0.00000000000 0.00000000000 0.00000000000 0.00000000000 0.00000000000 0.00000000000 0.26287640562
0.01722471969 0.00184964777 0.26287025498 2505.43592025828 0.00000000000 0.00000000000 0.00000000000 0.00000000000 0.00000000000 0.00000000000 0.26287676229
0.01722291854 0.00185244546 0.26287058747 2505.32790709037 0.00000000000 0.00000000000 0.00000000000 0.00000000000 0.00000000000 0.00000000000 0.26287711447
0.01722114042 0.00185525841 0.26287091533 2505.39383770854 0.00000000000 0.00000000000 0.00000000000 0.00000000000 0.00000000000 0.00000000000 0.26287746216
0.01721938546 0.00185808642 0.26287123852 2505.28306550363 0.00000000000 0.00000000000 0.00000000000 0.00000000000 0.00000000000 0.00000000000 0.26287780531
0.01721765378 0.00186092929 0.26287155702 2505.34623119272 0.00000000000 0.00000000000 0.00000000000 0.00000000000 0.00000000000 0.00000000000 0.26287814391
0.01721594550 0.00186378682 0.26287187081 2505.23269756583 0.00000000000 0.00000000000 0.00000000000 0.00000000000 0.00000000000 0.00000000000 0.26287847794
0.01721426074 0.00186665881 0.26287217987 2505.29309758947 0.00000000000 0.00000000000 0.00000000000 0.00000000000 0.00000000000 0.00000000000 0.26287880737
0.01721259962 0.00186954507 0.26287248417 2505.17680741688 0.00000000000 0.00000000000 0.00000000000 0.00000000000 0.00000000000 0.00000000000 0.26287913217
0.01721096226 0.00187244538 0.26287278369 2505.23444791322 0.00000000000 0.00000000000 0.00000000000 0.00000000000 0.00000000000 0.00000000000 0.26287945233
0.01720934877 0.00187535955 0.26287307842 2505.11540635851 0.00000000000 0.00000000000 0.00000000000 0.00000000000 0.00000000000 0.00000000000 0.26287976783
0.01720775926 0.00187828737 0.26287336833 2505.17029349330 0.00000000000 0.00000000000 0.00000000000 0.00000000000 0.00000000000 0.00000000000 0.26288007863
0.01720619384 0.00188122865 0.26287365340 2505.04851006455 0.00000000000 0.00000000000 0.00000000000 0.00000000000 0.00000000000 0.00000000000 0.26288038472
0.01720465263 0.00188418316 0.26287393360 2505.10065573752 0.00000000000 0.00000000000 0.00000000000 0.00000000000 0.00000000000 0.00000000000 0.26288068608
0.01720313573 0.00188715071 0.26287420893 2504.97614190948 0.00000000000 0.00000000000 0.00000000000 0.00000000000 0.00000000000 0.00000000000 0.26288098269
0.01720164325 0.00189013108 0.26287447936 2505.02555829825 0.00000000000 0.00000000000 0.00000000000 0.00000000000 0.00000000000 0.00000000000 0.26288127452
0.01720017529 0.00189312407 0.26287474486 2504.89833192219 0.00000000000 0.00000000000 0.00000000000 0.00000000000 0.00000000000 0.00000000000 0.26288156156
0.01719873195 0.00189612947 0.26287500543 2504.94503767805 0.00000000000 0.00000000000 0.00000000000 0.00000000000 0.00000000000 0.00000000000 0.26288184378
0.01719731335 0.00189914708 0.26287526104 2504.81511479453 0.00000000000 0.00000000000 0.00000000000 0.00000000000 0.00000000000 0.00000000000 0.26288212116
0.01719591956 0.00190217666 0.26287551168 2504.85912764215 0.00000000000 0.00000000000 0.00000000000 0.00000000000 0.00000000000 0.00000000000 0.26288239370
0.01719455070 0.00190521803 0.26287575732 2504.72653388019 0.00000000000 0.00000000000 0.00000000000 0.00000000000 0.00000000000 0.00000000000 0.26288266136
0.01719320686 0.00190827096 0.26287599795 2504.76788103710 0.00000000000 0.00000000000 0.00000000000 0.00000000000 0.00000000000 0.00000000000 0.26288292412
0.01719188813 0.00191133523 0.26287623355 2504.63263784803 0.00000000000 0.00000000000 0.00000000000 0.00000000000 0.00000000000 0.00000000000 0.26288318198
0.01719059461 0.00191441064 0.26287646410 2504.67134186918 0.00000000000 0.00000000000 0.00000000000 0.00000000000 0.00000000000 0.00000000000 0.26288343491
0.01718932638 0.00191749697 0.26287668960 2504.53348211601 0.00000000000 0.00000000000 0.00000000000 0.00000000000 0.00000000000 0.00000000000 0.26288368289
0.01718808354 0.00192059401 0.26287691001 2504.56957776790 0.00000000000 0.00000000000 0.00000000000 0.00000000000 0.00000000000 0.00000000000 0.26288392591
0.01718686617 0.00192370153 0.26287712534 2504.42913082020 0.00000000000 0.00000000000 0.00000000000 0.00000000000 0.00000000000 0.00000000000 0.26288416394
0.01718567436 0.00192681931 0.26287733555 2504.46264856393 0.00000000000 0.00000000000 0.00000000000 0.00000000000 0.00000000000 0.00000000000 0.26288439698
0.01718450818 0.00192994715 0.26287754064 2504.31965089311 0.00000000000 0.00000000000 0.00000000000 0.00000000000 0.00000000000 0.00000000000 0.26288462501
0.01718336773 0.00193308483 0.26287774059 2504.35062890524 0.00000000000 0.00000000000 0.00000000000 0.00000000000 0.00000000000 0.00000000000 0.26288484801
0.01718225308 0.00193623211 0.26287793538 2504.20512142490 0.00000000000 0.00000000000 0.00000000000 0.00000000000 0.00000000000 0.00000000000 0.26288506596
0.01718116431 0.00193938879 0.26287812501 2504.23360160611 0.00000000000 0.00000000000 0.00000000000 0.00000000000 0.00000000000 0.00000000000 0.26288527885
0.01718010149 0.00194255464 0.26287830946 2504.08562460848 0.00000000000 0.00000000000 0.00000000000 0.00000000000 0.00000000000 0.00000000000 0.26288548667
0.01717906471 0.00194572943 0.26287848871 2504.11164908865 0.00000000000 0.00000000000 0.00000000000 0.00000000000 0.00000000000 0.00000000000 0.26288568940
0.01717805403 0.00194891296 0.26287866276 2503.96125013291 0.00000000000 0.00000000000 0.00000000000 0.00000000000 0.00000000000 0.00000000000 0.26288588702
0.01717706952 0.00195210499 0.26287883158 2503.98486793799 0.00000000000 0.00000000000 0.00000000000 0.00000000000 0.00000000000 0.00000000000 0.26288607952
0.01717611126 0.00195530530 0.26287899518 2503.83209536933 0.00000000000 0.00000000000 0.00000000000 0.00000000000 0.00000000000 0.00000000000 0.26288626690
0.01717517930 0.00195851367 0.26287915353 2503.85335660268 0.00000000000 0.00000000000 0.00000000000 0.00000000000 0.00000000000 0.00000000000 0.26288644913
0.01717427372 0.00196172987 0.26287930662 2503.69826420361 0.00000000000 0.00000000000 0.00000000000 0.00000000000 0.00000000000 0.00000000000 0.26288662620
0.01717339458 0.00196495367 0.26287945445 2503.71722340236 0.00000000000 0.00000000000 0.00000000000 0.00000000000 0.00000000000 0.00000000000 0.26288679810
0.01717254194 0.00196818486 0.26287959701 2503.55986819513 0.00000000000 0.00000000000 0.00000000000 0.00000000000 0.00000000000 0.00000000000 0.26288696482
0.01717171586 0.00197142321 0.26287973427 2503.57658354417 0.00000000000 0.00000000000 0.00000000000 0.00000000000 0.00000000000 0.00000000000 0.26288712635
0.01717091639 0.00197466849 0.26287986624 2503.41702464474 0.00000000000 0.00000000000 0.00000000000 0.00000000000 0.00000000000 0.00000000000 0.26288728267
0.01717014360 0.00197792046 0.26287999290 2503.43155724474 0.00000000000 0.00000000000 0.00000000000 0.00000000000 0.00000000000 0.00000000000 0.26288743378
0.01716939754 0.00198117891 0.26288011425 2503.26985799009 0.00000000000 0.00000000000 0.00000000000 0.00000000000 0.00000000000 0.00000000000 0.26288757966
0.01716867826 0.00198444361 0.26288023028 2503.28227277220 0.00000000000 0.00000000000 0.00000000000 0.00000000000 0.00000000000 0.00000000000 0.26288772030
0.01716798580 0.00198771433 0.26288034097 2503.11850016165 0.00000000000 0.00000000000 0.00000000000 0.00000000000 0.00000000000 0.00000000000 0.26288785570
0.01716732023 0.00199099083 0.26288044632 2503.12886524118 0.00000000000 0.00000000000 0.00000000000 0.00000000000 0.00000000000 0.00000000000 0.26288798585
0.01716668158 0.00199427290 0.26288054632 2502.96308894601 0.00000000000 0.00000000000 0.00000000000 0.00000000000 0.00000000000 0.00000000000 0.26288811072
0.01716606990 0.00199756029 0.26288064097 2502.97147454316 0.00000000000 0.00000000000 0.00000000000 0.00000000000 0.00000000000 0.00000000000 0.26288823033
0.01716548523 0.00200085279 0.26288073026 2502.80376787350 0.00000000000 0.00000000000 0.00000000000 0.00000000000 0.00000000000 0.00000000000 0.26288834465
0.01716492762 0.00200415015 0.26288081417 2502.81024941894 0.00000000000 0.00000000000 0.00000000000 0.00000000000 0.00000000000 0.00000000000 0.26288845368
0.01716439710 0.00200745215 0.26288089272 2502.64068954575 0.00000000000 0.00000000000 0.00000000000 0.00000000000 0.00000000000 0.00000000000 0.26288855742
0.01716389371 0.00201075856 0.26288096588 2502.64534611787 0.00000000000 0.00000000000 0.00000000000 0.00000000000 0.00000000000 0.00000000000 0.26288865585
0.01716341749 0.00201406915 0.26288103366 2502.47401149100 0.00000000000 0.00000000000 0.00000000000 0.00000000000 0.00000000000 0.00000000000 0.26288874896
0.01716296846 0.00201738368 0.26288109605 2502.47692259497 0.00000000000 0.00000000000 0.00000000000 0.00000000000 0.00000000000 0.00000000000 0.26288883676
0.01716254667 0.00202070192 0.26288115304 2502.30389735395 0.00000000000 0.00000000000 0.00000000000 0.00000000000 0.00000000000 0.00000000000 0.26288891924
0.01716215213 0.00202402365 0.26288120463 2502.30514740041 0.00000000000 0.00000000000 0.00000000000 0.00000000000 0.00000000000 0.00000000000 0.26288899638
0.01716178488 0.00202734862 0.26288125082 2502.13051635071 0.00000000000 0.00000000000 0.00000000000 0.00000000000 0.00000000000 0.00000000000 0.26288906819
0.01716144495 0.00203067660 0.26288129161 2502.13019155802 0.00000000000 0.00000000000 0.00000000000 0.00000000000 0.00000000000 0.00000000000 0.26288913466
0.01716113235 0.00203400737 0.26288132698 2501.95404561613 0.00000000000 0.00000000000 0.00000000000 0.00000000000 0.00000000000 0.00000000000 0.26288919579
0.01716084711 0.00203734069 0.26288135695 2501.95223873354 0.00000000000 0.00000000000 0.00000000000 0.00000000000 0.00000000000 0.00000000000 0.26288925156
0.01716058925 0.00204067632 0.26288138150 2501.77466688086 0.00000000000 0.00000000000 0.00000000000 0.00000000000 0.00000000000 0.00000000000 0.26288930198
0.01716035878 0.00204401404 0.26288140063 2501.77146843526 0.00000000000 0.00000000000 0.00000000000 0.00000000000 0.00000000000 0.00000000000 0.26288934705
0.01716015573 0.00204735360 0.26288141435 2501.59256722743 0.00000000000 0.00000000000 0.00000000000 0.00000000000 0.00000000000 0.00000000000 0.26288938675
0.01715998011 0.00205069478 0.26288142265 2501.58807443357 0.00000000000 0.00000000000 0.00000000000 0.00000000000 0.00000000000 0.00000000000 0.26288942109
0.01715983192 0.00205403734 0.26288142553 2501.40794016568 0.00000000000 0.00000000000 0.00000000000 0.00000000000 0.00000000000 0.00000000000 0.26288945007
0.01715971119 0.00205738104 0.26288142299 2501.40225055291 0.00000000000 0.00000000000 0.00000000000 0.00000000000 0.00000000000 0.00000000000 0.26288947367
0.01715961791 0.00206072566 0.26288141503 2501.22098401222 0.00000000000 0.00000000000 0.00000000000 0.00000000000 0.00000000000 0.00000000000 0.26288949191
0.01715955210 0.00206407096 0.26288140165 2501.21419974953 0.00000000000 0.00000000000 0.00000000000 0.00000000000 0.00000000000 0.00000000000 0.26288950478
0.01715951375 0.00206741670 0.26288138286 2501.03190252386 0.00000000000 0.00000000000 0.00000000000 0.00000000000 0.00000000000 0.00000000000 0.26288951228
0.01715950288 0.00207076266 0.26288135865 2501.02412531344 0.00000000000 0.00000000000 0.00000000000 0.00000000000 0.00000000000 0.00000000000 0.26288951440
0.01715951949 0.00207410859 0.26288132902 2500.84090364226 0.00000000000 0.00000000000 0.00000000000 0.00000000000 0.00000000000 0.00000000000 0.26288951116
0.01715956356 0.00207745426 0.26288129399 2500.83224130860 0.00000000000 0.00000000000 0.00000000000 0.00000000000 0.00000000000 0.00000000000 0.26288950254
0.01715963510 0.00208079944 0.26288125354 2500.64820017449 0.00000000000 0.00000000000 0.00000000000 0.00000000000 0.00000000000 0.00000000000 0.26288948855
0.01715973411 0.00208414390 0.26288120769 2500.63875861616 0.00000000000 0.00000000000 0.00000000000 0.00000000000 0.00000000000 0.00000000000 0.26288946919
0.01715986058 0.00208748739 0.26288115643 2500.45401007332 0.00000000000 0.00000000000 0.00000000000 0.00000000000 0.00000000000 0.00000000000 0.26288944446
0.01716001449 0.00209082969 0.26288109977 2500.44390204060 0.00000000000 0.00000000000 0.00000000000 0.00000000000 0.00000000000 0.00000000000 0.26288941437
0.01716019584 0.00209417057 0.26288103772 2500.25855515912 0.00000000000 0.00000000000 0.00000000000 0.00000000000 0.00000000000 0.00000000000 0.26288937891
0.01716040461 0.00209750978 0.26288097027 2500.24789065968 0.00000000000 0.00000000000 0.00000000000 0.00000000000 0.00000000000 0.00000000000 0.26288933808
0.01716064080 0.00210084709 0.26288089744 2500.06206027300 0.00000000000 0.00000000000 0.00000000000 0.00000000000 0.00000000000 0.00000000000 0.26288929190
0.01716090437 0.00210418228 0.26288081922 2500.05095487711 0.00000000000 0.00000000000 0.00000000000 0.00000000000 0.00000000000 0.00000000000 0.26288924036
0.01716119533 0.00210751510 0.26288073563 2499.86475471927 0.00000000000 0.00000000000 0.00000000000 0.00000000000 0.00000000000 0.00000000000 0.26288918347
0.01716151364 0.00211084533 0.26288064667 2499.85332213825 0.00000000000 0.00000000000 0.00000000000 0.00000000000 0.00000000000 0.00000000000 0.26288912123
0.01716185928 0.00211417273 0.26288055235 2499.66687121360 0.00000000000 0.00000000000 0.00000000000 0.00000000000 0.00000000000 0.00000000000 0.26288905365
0.01716223223 0.00211749707 0.26288045266 2499.65523200031 0.00000000000 0.00000000000 0.00000000000 0.00000000000 0.00000000000 0.00000000000 0.26288898072
0.01716263246 0.00212081811 0.26288034763 2499.46864528728 0.00000000000 0.00000000000 0.00000000000 0.00000000000 0.00000000000 0.00000000000 0.26288890246
0.01716305994 0.00212413562 0.26288023725 2499.45691606249 0.00000000000 0.00000000000 0.00000000000 0.00000000000 0.00000000000 0.00000000000 0.26288881888
0.01716351465 0.00212744938 0.26288012154 2499.27031407615 0.00000000000 0.00000000000 0.00000000000 0.00000000000 0.00000000000 0.00000000000 0.26288872997
0.01716399656 0.00213075915 0.26288000050 2499.25861513195 0.00000000000 0.00000000000 0.00000000000 0.00000000000 0.00000000000 0.00000000000 0.26288863574
0.01716450562 0.00213406469 0.26287987415 2499.07211874549 0.00000000000 0.00000000000 0.00000000000 0.00000000000 0.00000000000 0.00000000000 0.26288853620
0.01716504180 0.00213736578 0.26287974248 2499.06057110579 0.00000000000 0.00000000000 0.00000000000 0.00000000000 0.00000000000 0.00000000000 0.26288843136
0.01716560507 0.00214066218 0.26287960552 2498.87430271010 0.00000000000 0.00000000000 0.00000000000 0.00000000000 0.00000000000 0.00000000000 0.26288832122
0.01716619539 0.00214395367 0.26287946326 2498.86302936302 0.00000000000 0.00000000000 0.00000000000 0.00000000000 0.00000000000 0.00000000000 0.26288820579
0.01716681271 0.00214724001 0.26287931573 2498.67710986971 0.00000000000 0.00000000000 0.00000000000 0.00000000000 0.00000000000 0.00000000000 0.26288808508
0.01716745700 0.00215052097 0.26287916293 2498.66623118720 0.00000000000 0.00000000000 0.00000000000 0.00000000000 0.00000000000 0.00000000000 0.26288795910
0.01716812820 0.00215379633 0.26287900486 2498.48078546711 0.00000000000 0.00000000000 0.00000000000 0.00000000000 0.00000000000 0.00000000000 0.26288782786
0.01716882627 0.00215706586 0.26287884155 2498.47042781733 0.00000000000 0.00000000000 0.00000000000 0.00000000000 0.00000000000 0.00000000000 0.26288769136
0.01716955116 0.00216032932 0.26287867301 2498.28557804343 0.00000000000 0.00000000000 0.00000000000 0.00000000000 0.00000000000 0.00000000000 0.26288754962
0.01717030282 0.00216358648 0.26287849924 2498.27586358092 0.00000000000 0.00000000000 0.00000000000 0.00000000000 0.00000000000 0.00000000000 0.26288740265
0.01717108120 0.00216683713 0.26287832026 2498.09173356469 0.00000000000 0.00000000000 0.00000000000 0.00000000000 0.00000000000 0.00000000000 0.26288725045
0.01717188625 0.00217008103 0.26287813608 2498.08278684208 0.00000000000 0.00000000000 0.00000000000 0.00000000000 0.00000000000 0.00000000000 0.26288709303
0.01717271790 0.00217331796 0.26287794672 2497.89950149314 0.00000000000 0.00000000000 0.00000000000 0.00000000000 0.00000000000 0.00000000000 0.26288693042
0.01717357610 0.00217654768 0.26287775219 2497.89144686437 0.00000000000 0.00000000000 0.00000000000 0.00000000000 0.00000000000 0.00000000000 0.26288676261
0.01717446078 0.00217976997 0.26287755250 2497.70912926043 0.00000000000 0.00000000000 0.00000000000 0.00000000000 0.00000000000 0.00000000000 0.26288658962
0.01717537190 0.00218298462 0.26287734766 2497.70208935939 0.00000000000 0.00000000000 0.00000000000 0.00000000000 0.00000000000 0.00000000000 0.26288641147
0.01717630938 0.00218619138 0.26287713770 2497.52086458535 0.00000000000 0.00000000000 0.00000000000 0.00000000000 0.00000000000 0.00000000000 0.26288622816
0.01717727315 0.00218939004 0.26287692262 2497.51496512034 0.00000000000 0.00000000000 0.00000000000 0.00000000000 0.00000000000 0.00000000000 0.26288603971
0.01717826316 0.00219258038 0.26287670244 2497.33495483911 0.00000000000 0.00000000000 0.00000000000 0.00000000000 0.00000000000 0.00000000000 0.26288584613
0.01717927933 0.00219576216 0.26287647718 2497.33031749614 0.00000000000 0.00000000000 0.00000000000 0.00000000000 0.00000000000 0.00000000000 0.26288564743
0.01718032158 0.00219893518 0.26287624685 2497.15164641427 0.00000000000 0.00000000000 0.00000000000 0.00000000000 0.00000000000 0.00000000000 0.26288544364
0.01718138985 0.00220209920 0.26287601148 2497.14839580141 0.00000000000 0.00000000000 0.00000000000 0.00000000000 0.00000000000 0.00000000000 0.26288523475
0.01718248407 0.00220525400 0.26287577107 2496.97118300879 0.00000000000 0.00000000000 0.00000000000 0.00000000000 0.00000000000 0.00000000000 0.26288502079
0.01718360415 0.00220839937 0.26287552564 2496.96943825215 0.00000000000 0.00000000000 0.00000000000 0.00000000000 0.00000000000 0.00000000000 0.26288480178
0.01718475002 0.00221153508 0.26287527521 2496.79380811252 0.00000000000 0.00000000000 0.00000000000 0.00000000000 0.00000000000 0.00000000000 0.26288457772
0.01718592159 0.00221466091 0.26287501981 2496.79369279582 0.00000000000 0.00000000000 0.00000000000 0.00000000000 0.00000000000 0.00000000000 0.26288434864
0.01718711879 0.00221777665 0.26287475944 2496.61976215605 0.00000000000 0.00000000000 0.00000000000 0.00000000000 0.00000000000 0.00000000000 0.26288411455
0.01718834153 0.00222088207 0.26287449412 2496.62139257142 0.00000000000 0.00000000000 0.00000000000 0.00000000000 0.00000000000 0.00000000000 0.26288387546
0.01718958973 0.00222397696 0.26287422388 2496.44928262395 0.00000000000 0.00000000000 0.00000000000 0.00000000000 0.00000000000 0.00000000000 0.26288363139
0.01719086330 0.00222706111 0.26287394874 2496.45278030947 0.00000000000 0.00000000000 0.00000000000 0.00000000000 0.00000000000 0.00000000000 0.26288338237
0.01719216214 0.00223013429 0.26287366871 2496.28260568103 0.00000000000 0.00000000000 0.00000000000 0.00000000000 0.00000000000 0.00000000000 0.26288312840
0.01719348617 0.00223319630 0.26287338381 2496.28808435701 0.00000000000 0.00000000000 0.00000000000 0.00000000000 0.00000000000 0.00000000000 0.26288286951
0.01719483530 0.00223624691 0.26287309406 2496.11996147408 0.00000000000 0.00000000000 0.00000000000 0.00000000000 0.00000000000 0.00000000000 0.26288260571
0.01719620943 0.00223928592 0.26287279949 2496.12753683721 0.00000000000 0.00000000000 0.00000000000 0.00000000000 0.00000000000 0.00000000000 0.26288233702
0.01719760846 0.00224231311 0.26287250012 2495.96157916301 0.00000000000 0.00000000000 0.00000000000 0.00000000000 0.00000000000 0.00000000000 0.26288206346
0.01719903231 0.00224532826 0.26287219596 2495.97136422785 0.00000000000 0.00000000000 0.00000000000 0.00000000000 0.00000000000 0.00000000000 0.26288178505
0.01720048086 0.00224833118 0.26287188705 2495.80768219450 0.00000000000 0.00000000000 0.00000000000 0.00000000000 0.00000000000 0.00000000000 0.26288150181
0.01720195401 0.00225132164 0.26287157339 2495.81978679247 0.00000000000 0.00000000000 0.00000000000 0.00000000000 0.00000000000 0.00000000000 0.26288121376
0.01720345167 0.00225429945 0.26287125502 2495.65849043477 0.00000000000 0.00000000000 0.00000000000 0.00000000000 0.00000000000 0.00000000000 0.26288092091
0.01720497373 0.00225726438 0.26287093195 2495.67302341447 0.00000000000 0.00000000000 0.00000000000 0.00000000000 0.00000000000 0.00000000000 0.26288062330
0.01720652007 0.00226021623 0.26287060421 2495.51421833449 0.00000000000 0.00000000000 0.00000000000 0.00000000000 0.00000000000 0.00000000000 0.26288032093
0.01720809061 0.00226315481 0.26287027182 2495.53128493797 0.00000000000 0.00000000000 0.00000000000 0.00000000000 0.00000000000 0.00000000000 0.26288001384
0.01720968521 0.00226607989 0.26286993481 2495.37507565978 0.00000000000 0.00000000000 0.00000000000 0.00000000000 0.00000000000 0.00000000000 0.26287970204
0.01721130378 0.00226899128 0.26286959320 2495.39477915281 0.00000000000 0.00000000000 0.00000000000 0.00000000000 0.00000000000 0.00000000000 0.26287938555
0.01721294620 0.00227188877 0.26286924701 2495.24126697501 0.00000000000 0.00000000000 0.00000000000 0.00000000000 0.00000000000 0.00000000000 0.26287906441
0.01721461235 0.00227477216 0.26286889627 2495.26370805730 0.00000000000 0.00000000000 0.00000000000 0.00000000000 0.00000000000 0.00000000000 0.26287873862
0.01721630212 0.00227764125 0.26286854101 2495.11298902957 0.00000000000 0.00000000000 0.00000000000 0.00000000000 0.00000000000 0.00000000000 0.26287840821
0.01721801538 0.00228049583 0.26286818125 2495.13826287267 0.00000000000 0.00000000000 0.00000000000 0.00000000000 0.00000000000 0.00000000000 0.26287807321
0.01721975203 0.00228333571 0.26286781701 2494.99043428347 0.00000000000 0.00000000000 0.00000000000 0.00000000000 0.00000000000 0.00000000000 0.26287773363
0.01722151193 0.00228616069 0.26286744832 2495.01863683934 0.00000000000 0.00000000000 0.00000000000 0.00000000000 0.00000000000 0.00000000000 0.26287738951
0.01722329497 0.00228897057 0.26286707521 2494.87378933029 0.00000000000 0.00000000000 0.00000000000 0.00000000000 0.00000000000 0.00000000000 0.26287704087
0.01722510102 0.00229176515 0.26286669770 2494.90501033947 0.00000000000 0.00000000000 0.00000000000 0.00000000000 0.00000000000 0.00000000000 0.26287668772
0.01722692995 0.00229454424 0.26286631582 2494.76323133714 0.00000000000 0.00000000000 0.00000000000 0.00000000000 0.00000000000 0.00000000000 0.26287633010
0.01722878164 0.00229730765 0.26286592961 2494.79755664272 0.00000000000 0.00000000000 0.00000000000 0.00000000000 0.00000000000 0.00000000000 0.26287596804
0.01723065595 0.00230005517 0.26286553907 2494.65893214526 0.00000000000 0.00000000000 0.00000000000 0.00000000000 0.00000000000 0.00000000000 0.26287560154
0.01723255276 0.00230278662 0.26286514425 2494.69644649966 0.00000000000 0.00000000000 0.00000000000 0.00000000000 0.00000000000 0.00000000000 0.26287523065
0.01723447193 0.00230550181 0.26286474518 2494.56105616906 0.00000000000 0.00000000000 0.00000000000 0.00000000000 0.00000000000 0.00000000000 0.26287485539
0.01723641332 0.00230820055 0.26286434187 2494.60183823164 0.00000000000 0.00000000000 0.00000000000 0.00000000000 0.00000000000 0.00000000000 0.26287447578
0.01723837681 0.00231088264 0.26286393436 2494.46975838239 0.00000000000 0.00000000000 0.00000000000 0.00000000000 0.00000000000 0.00000000000 0.26287409185
0.01724036225 0.00231354790 0.26286352268 2494.51388313479 0.00000000000 0.00000000000 0.00000000000 0.00000000000 0.00000000000 0.00000000000 0.26287370363
0.01724236951 0.00231619615 0.26286310685 2494.38518777645 0.00000000000 0.00000000000 0.00000000000 0.00000000000 0.00000000000 0.00000000000 0.26287331114
0.01724439844 0.00231882719 0.26286268692 2494.43272733854 0.00000000000 0.00000000000 0.00000000000 0.00000000000 0.00000000000 0.00000000000 0.26287291441
0.01724644891 0.00232144085 0.26286226290 2494.30748328849 0.00000000000 0.00000000000 0.00000000000 0.00000000000 0.00000000000 0.00000000000 0.26287251348
0.01724852077 0.00232403694 0.26286183482 2494.35850361133 0.00000000000 0.00000000000 0.00000000000 0.00000000000 0.00000000000 0.00000000000 0.26287210836
0.01725061386 0.00232661528 0.26286140272 2494.23677615424 0.00000000000 0.00000000000 0.00000000000 0.00000000000 0.00000000000 0.00000000000 0.26287169909
0.01725272806 0.00232917568 0.26286096664 2494.29134050292 0.00000000000 0.00000000000 0.00000000000 0.00000000000 0.00000000000 0.00000000000 0.26287128569
0.01725486321 0.00233171798 0.26286052659 2494.17318824680 0.00000000000 0.00000000000 0.00000000000 0.00000000000 0.00000000000 0.00000000000 0.26287086819
0.01725701916 0.00233424199 0.26286008261 2494.23135405819 0.00000000000 0.00000000000 0.00000000000 0.00000000000 0.00000000000 0.00000000000 0.26287044663
0.01725919575 0.00233674753 0.26285963473 2494.11683283744 0.00000000000 0.00000000000 0.00000000000 0.00000000000 0.00000000000 0.00000000000 0.26287002103
0.01726139285 0.00233923443 0.26285918298 2494.17865437955 0.00000000000 0.00000000000 0.00000000000 0.00000000000 0.00000000000 0.00000000000 0.26286959143
0.01726361029 0.00234170252 0.26285872741 2494.06781183609 0.00000000000 0.00000000000 0.00000000000 0.00000000000 0.00000000000 0.00000000000 0.26286915784
0.01726584791 0.00234415162 0.26285826803 2494.13333542780 0.00000000000 0.00000000000 0.00000000000 0.00000000000 0.00000000000 0.00000000000 0.26286872031
0.01726810557 0.00234658156 0.26285780488 2494.02622710567 0.00000000000 0.00000000000 0.00000000000 0.00000000000 0.00000000000 0.00000000000 0.26286827886
0.01727038310 0.00234899217 0.26285733799 2494.09550633171 0.00000000000 0.00000000000 0.00000000000 0.00000000000 0.00000000000 0.00000000000 0.26286783352
0.01727268035 0.00235138328 0.26285686741 2493.99213092487 0.00000000000 0.00000000000 0.00000000000 0.00000000000 0.00000000000 0.00000000000 0.26286738433
0.01727499715 0.00235375473 0.26285639315 2494.06516258267 0.00000000000 0.00000000000 0.00000000000 0.00000000000 0.00000000000 0.00000000000 0.26286693132
0.01727733334 0.00235610635 0.26285591526 2493.96571714313 0.00000000000 0.00000000000 0.00000000000 0.00000000000 0.00000000000 0.00000000000 0.26286647451
0.01727968876 0.00235843797 0.26285543377 2494.04269706217 0.00000000000 0.00000000000 0.00000000000 0.00000000000 0.00000000000 0.00000000000 0.26286601395
0.01728206324 0.00236074944 0.26285494870 2493.94660379549 0.00000000000 0.00000000000 0.00000000000 0.00000000000 0.00000000000 0.00000000000 0.26286554966
0.01728445662 0.00236304058 0.26285446011 2494.02695054097 0.00000000000 0.00000000000 0.00000000000 0.00000000000 0.00000000000 0.00000000000 0.26286508167
0.01728686873 0.00236531124 0.26285396802 2493.93650929721 0.00000000000 0.00000000000 0.00000000000 0.00000000000 0.00000000000 0.00000000000 0.26286461002
0.01728929940 0.00236756127 0.26285347246 2494.02252631532 0.00000000000 0.00000000000 0.00000000000 0.00000000000 0.00000000000 0.00000000000 0.26286413474
0.01729174846 0.00236979049 0.26285297348 2493.94644364278 0.00000000000 0.00000000000 0.00000000000 0.00000000000 0.00000000000 0.00000000000 0.26286365586
0.01729421574 0.00237199876 0.26285247110 2494.04566073609 0.00000000000 0.00000000000 0.00000000000 0.00000000000 0.00000000000 0.00000000000 0.26286317343
0.01729670106 0.00237418593 0.26285196537 2493.94040108760 0.00000000000 0.00000000000 0.00000000000 0.00000000000 0.00000000000 0.00000000000 0.26286268746
0.01729920426 0.00237635183 0.26285145631 2494.01459577871 0.00000000000 0.00000000000 0.00000000000 0.00000000000 0.00000000000 0.00000000000 0.26286219799
0.01730172515 0.00237849632 0.26285094397 2493.86725957592 0.00000000000 0.00000000000 0.00000000000 0.00000000000 0.00000000000 0.00000000000 0.26286170507
0.01730426357 0.00238061925 0.26285042839 2493.89611506581 0.00000000000 0.00000000000 0.00000000000 0.00000000000 0.00000000000 0.00000000000 0.26286120873
0.01730681933 0.00238272046 0.26284990960 2494.10117321235 0.00000000000 0.00000000000 0.00000000000 0.00000000000 0.00000000000 0.00000000000 0.26286070899
0.01730939225 0.00238479982 0.26284938764 2494.48231595480 0.00000000000 0.00000000000 0.00000000000 0.00000000000 0.00000000000 0.00000000000 0.26286020591
