VARIABLES=
"CoordinateX"
"CoordinateY"
"CoordinateZ"
"Kappa1"
"Kappa2"
"dy"
"dz"
"d2x"
"d2y"
"d2z"
"R"
ZONE T="Konrollpunkte"
I=101, J=1, K=1
0.06602952008 -0.00593205665 0.23500074641 0.00000000000 0.00000000000 0.00000000000 0.00000000000 0.00000000000 0.00000000000 0.00000000000 0.00000000000
0.06600997919 -0.00590950257 0.23500123872 0.00000000000 0.00000000000 0.00000000000 0.00000000000 0.00000000000 0.00000000000 0.00000000000 0.00000000000
0.06598074384 -0.00587575902 0.23500197123 0.00000000000 0.00000000000 0.00000000000 0.00000000000 0.00000000000 0.00000000000 0.00000000000 0.00000000000
0.06594188021 -0.00583090231 0.23500293749 0.00000000000 0.00000000000 0.00000000000 0.00000000000 0.00000000000 0.00000000000 0.00000000000 0.00000000000
0.06591297704 -0.00579754189 0.23500365055 0.00000000000 0.00000000000 0.00000000000 0.00000000000 0.00000000000 0.00000000000 0.00000000000 0.00000000000
0.06588421820 -0.00576434795 0.23500435535 0.00000000000 0.00000000000 0.00000000000 0.00000000000 0.00000000000 0.00000000000 0.00000000000 0.00000000000
0.06585553689 -0.00573124339 0.23500505358 0.00000000000 0.00000000000 0.00000000000 0.00000000000 0.00000000000 0.00000000000 0.00000000000 0.00000000000
0.06582688897 -0.00569817725 0.23500574634 0.00000000000 0.00000000000 0.00000000000 0.00000000000 0.00000000000 0.00000000000 0.00000000000 0.00000000000
0.06579825111 -0.00566512260 0.23500643421 0.00000000000 0.00000000000 0.00000000000 0.00000000000 0.00000000000 0.00000000000 0.00000000000 0.00000000000
0.06576961603 -0.00563207105 0.23500711737 0.00000000000 0.00000000000 0.00000000000 0.00000000000 0.00000000000 0.00000000000 0.00000000000 0.00000000000
0.06574098203 -0.00559902064 0.23500779585 0.00000000000 0.00000000000 0.00000000000 0.00000000000 0.00000000000 0.00000000000 0.00000000000 0.00000000000
0.06571234921 -0.00556597149 0.23500846966 0.00000000000 0.00000000000 0.00000000000 0.00000000000 0.00000000000 0.00000000000 0.00000000000 0.00000000000
0.06568371843 -0.00553292457 0.23500913878 0.00000000000 0.00000000000 0.00000000000 0.00000000000 0.00000000000 0.00000000000 0.00000000000 0.00000000000
0.06565509137 -0.00549988183 0.23500980316 0.00000000000 0.00000000000 0.00000000000 0.00000000000 0.00000000000 0.00000000000 0.00000000000 0.00000000000
0.06562647020 -0.00546684580 0.23501046276 0.00000000000 0.00000000000 0.00000000000 0.00000000000 0.00000000000 0.00000000000 0.00000000000 0.00000000000
0.06559785727 -0.00543381916 0.23501111753 0.00000000000 0.00000000000 0.00000000000 0.00000000000 0.00000000000 0.00000000000 0.00000000000 0.00000000000
0.06556925426 -0.00540080386 0.23501176743 0.00000000000 0.00000000000 0.00000000000 0.00000000000 0.00000000000 0.00000000000 0.00000000000 0.00000000000
0.06554066019 -0.00536779878 0.23501241250 0.00000000000 0.00000000000 0.00000000000 0.00000000000 0.00000000000 0.00000000000 0.00000000000 0.00000000000
0.06551207177 -0.00533480011 0.23501305281 0.00000000000 0.00000000000 0.00000000000 0.00000000000 0.00000000000 0.00000000000 0.00000000000 0.00000000000
0.06548348504 -0.00530180329 0.23501368844 0.00000000000 0.00000000000 0.00000000000 0.00000000000 0.00000000000 0.00000000000 0.00000000000 0.00000000000
0.06545489612 -0.00526880384 0.23501431949 0.00000000000 0.00000000000 0.00000000000 0.00000000000 0.00000000000 0.00000000000 0.00000000000 0.00000000000
0.06542630190 -0.00523579816 0.23501494603 0.00000000000 0.00000000000 0.00000000000 0.00000000000 0.00000000000 0.00000000000 0.00000000000 0.00000000000
0.06539769980 -0.00520278330 0.23501556810 0.00000000000 0.00000000000 0.00000000000 0.00000000000 0.00000000000 0.00000000000 0.00000000000 0.00000000000
0.06536908638 -0.00516975525 0.23501618578 0.00000000000 0.00000000000 0.00000000000 0.00000000000 0.00000000000 0.00000000000 0.00000000000 0.00000000000
0.06534045717 -0.00513670888 0.23501679915 0.00000000000 0.00000000000 0.00000000000 0.00000000000 0.00000000000 0.00000000000 0.00000000000 0.00000000000
0.06531180765 -0.00510363896 0.23501740831 0.00000000000 0.00000000000 0.00000000000 0.00000000000 0.00000000000 0.00000000000 0.00000000000 0.00000000000
0.06528313454 -0.00507054171 0.23501801331 0.00000000000 0.00000000000 0.00000000000 0.00000000000 0.00000000000 0.00000000000 0.00000000000 0.00000000000
0.06525443932 -0.00503741884 0.23501861411 0.00000000000 0.00000000000 0.00000000000 0.00000000000 0.00000000000 0.00000000000 0.00000000000 0.00000000000
0.06522572934 -0.00500427883 0.23501921055 0.00000000000 0.00000000000 0.00000000000 0.00000000000 0.00000000000 0.00000000000 0.00000000000 0.00000000000
0.06519701372 -0.00497113222 0.23501980243 0.00000000000 0.00000000000 0.00000000000 0.00000000000 0.00000000000 0.00000000000 0.00000000000 0.00000000000
0.06516830011 -0.00493798781 0.23502038960 0.00000000000 0.00000000000 0.00000000000 0.00000000000 0.00000000000 0.00000000000 0.00000000000 0.00000000000
0.06513959383 -0.00490485179 0.23502097194 0.00000000000 0.00000000000 0.00000000000 0.00000000000 0.00000000000 0.00000000000 0.00000000000 0.00000000000
0.06511089695 -0.00487172651 0.23502154943 0.00000000000 0.00000000000 0.00000000000 0.00000000000 0.00000000000 0.00000000000 0.00000000000 0.00000000000
0.06508220870 -0.00483861109 0.23502212207 0.00000000000 0.00000000000 0.00000000000 0.00000000000 0.00000000000 0.00000000000 0.00000000000 0.00000000000
0.06505352771 -0.00480550396 0.23502268991 0.00000000000 0.00000000000 0.00000000000 0.00000000000 0.00000000000 0.00000000000 0.00000000000 0.00000000000
0.06502485288 -0.00477240385 0.23502325296 0.00000000000 0.00000000000 0.00000000000 0.00000000000 0.00000000000 0.00000000000 0.00000000000 0.00000000000
0.06499618386 -0.00473931034 0.23502381124 0.00000000000 0.00000000000 0.00000000000 0.00000000000 0.00000000000 0.00000000000 0.00000000000 0.00000000000
0.06496752094 -0.00470622379 0.23502436475 0.00000000000 0.00000000000 0.00000000000 0.00000000000 0.00000000000 0.00000000000 0.00000000000 0.00000000000
0.06493886476 -0.00467314492 0.23502491346 0.00000000000 0.00000000000 0.00000000000 0.00000000000 0.00000000000 0.00000000000 0.00000000000 0.00000000000
0.06491021508 -0.00464007346 0.23502545740 0.00000000000 0.00000000000 0.00000000000 0.00000000000 0.00000000000 0.00000000000 0.00000000000 0.00000000000
0.06488157027 -0.00460700754 0.23502599660 0.00000000000 0.00000000000 0.00000000000 0.00000000000 0.00000000000 0.00000000000 0.00000000000 0.00000000000
0.06485292806 -0.00457394452 0.23502653109 0.00000000000 0.00000000000 0.00000000000 0.00000000000 0.00000000000 0.00000000000 0.00000000000 0.00000000000
0.06482428625 -0.00454088187 0.23502706093 0.00000000000 0.00000000000 0.00000000000 0.00000000000 0.00000000000 0.00000000000 0.00000000000 0.00000000000
0.06479564310 -0.00450781759 0.23502758614 0.00000000000 0.00000000000 0.00000000000 0.00000000000 0.00000000000 0.00000000000 0.00000000000 0.00000000000
0.06476699765 -0.00447475056 0.23502810674 0.00000000000 0.00000000000 0.00000000000 0.00000000000 0.00000000000 0.00000000000 0.00000000000 0.00000000000
0.06473834982 -0.00444168069 0.23502862274 0.00000000000 0.00000000000 0.00000000000 0.00000000000 0.00000000000 0.00000000000 0.00000000000 0.00000000000
0.06470970003 -0.00440860848 0.23502913411 0.00000000000 0.00000000000 0.00000000000 0.00000000000 0.00000000000 0.00000000000 0.00000000000 0.00000000000
0.06468104886 -0.00437553458 0.23502964086 0.00000000000 0.00000000000 0.00000000000 0.00000000000 0.00000000000 0.00000000000 0.00000000000 0.00000000000
0.06465239685 -0.00434245963 0.23503014297 0.00000000000 0.00000000000 0.00000000000 0.00000000000 0.00000000000 0.00000000000 0.00000000000 0.00000000000
0.06462374439 -0.00430938408 0.23503064043 0.00000000000 0.00000000000 0.00000000000 0.00000000000 0.00000000000 0.00000000000 0.00000000000 0.00000000000
0.06459509179 -0.00427630822 0.23503112585 0.00000000000 0.00000000000 0.00000000000 0.00000000000 0.00000000000 0.00000000000 0.00000000000 0.00000000000
0.06456643975 -0.00424323218 0.23503149698 0.00000000000 0.00000000000 0.00000000000 0.00000000000 0.00000000000 0.00000000000 0.00000000000 0.00000000000
0.06453778769 -0.00421015603 0.23503186345 0.00000000000 0.00000000000 0.00000000000 0.00000000000 0.00000000000 0.00000000000 0.00000000000 0.00000000000
0.06450913560 -0.00417707976 0.23503222528 0.00000000000 0.00000000000 0.00000000000 0.00000000000 0.00000000000 0.00000000000 0.00000000000 0.00000000000
0.06448048348 -0.00414400338 0.23503258244 0.00000000000 0.00000000000 0.00000000000 0.00000000000 0.00000000000 0.00000000000 0.00000000000 0.00000000000
0.06445183133 -0.00411092687 0.23503293496 0.00000000000 0.00000000000 0.00000000000 0.00000000000 0.00000000000 0.00000000000 0.00000000000 0.00000000000
0.06442317912 -0.00407785023 0.23503328282 0.00000000000 0.00000000000 0.00000000000 0.00000000000 0.00000000000 0.00000000000 0.00000000000 0.00000000000
0.06439452673 -0.00404477329 0.23503362603 0.00000000000 0.00000000000 0.00000000000 0.00000000000 0.00000000000 0.00000000000 0.00000000000 0.00000000000
0.06436587389 -0.00401169574 0.23503396459 0.00000000000 0.00000000000 0.00000000000 0.00000000000 0.00000000000 0.00000000000 0.00000000000 0.00000000000
0.06433722004 -0.00397861695 0.23503429851 0.00000000000 0.00000000000 0.00000000000 0.00000000000 0.00000000000 0.00000000000 0.00000000000 0.00000000000
0.06430856418 -0.00394553577 0.23503462780 0.00000000000 0.00000000000 0.00000000000 0.00000000000 0.00000000000 0.00000000000 0.00000000000 0.00000000000
0.06427990495 -0.00391245062 0.23503495247 0.00000000000 0.00000000000 0.00000000000 0.00000000000 0.00000000000 0.00000000000 0.00000000000 0.00000000000
0.06425124093 -0.00387935986 0.23503527253 0.00000000000 0.00000000000 0.00000000000 0.00000000000 0.00000000000 0.00000000000 0.00000000000 0.00000000000
0.06422257079 -0.00384626196 0.23503558801 0.00000000000 0.00000000000 0.00000000000 0.00000000000 0.00000000000 0.00000000000 0.00000000000 0.00000000000
0.06419389387 -0.00381315616 0.23503589890 0.00000000000 0.00000000000 0.00000000000 0.00000000000 0.00000000000 0.00000000000 0.00000000000 0.00000000000
0.06416521125 -0.00378004369 0.23503620518 0.00000000000 0.00000000000 0.00000000000 0.00000000000 0.00000000000 0.00000000000 0.00000000000 0.00000000000
0.06413652503 -0.00374692700 0.23503650685 0.00000000000 0.00000000000 0.00000000000 0.00000000000 0.00000000000 0.00000000000 0.00000000000 0.00000000000
0.06410783745 -0.00371380866 0.23503680385 0.00000000000 0.00000000000 0.00000000000 0.00000000000 0.00000000000 0.00000000000 0.00000000000 0.00000000000
0.06407915043 -0.00368069089 0.23503709619 0.00000000000 0.00000000000 0.00000000000 0.00000000000 0.00000000000 0.00000000000 0.00000000000 0.00000000000
0.06405046542 -0.00364757537 0.23503738385 0.00000000000 0.00000000000 0.00000000000 0.00000000000 0.00000000000 0.00000000000 0.00000000000 0.00000000000
0.06402178334 -0.00361446316 0.23503766681 0.00000000000 0.00000000000 0.00000000000 0.00000000000 0.00000000000 0.00000000000 0.00000000000 0.00000000000
0.06399310502 -0.00358135523 0.23503794507 0.00000000000 0.00000000000 0.00000000000 0.00000000000 0.00000000000 0.00000000000 0.00000000000 0.00000000000
0.06396443253 -0.00354825396 0.23503821861 0.00000000000 0.00000000000 0.00000000000 0.00000000000 0.00000000000 0.00000000000 0.00000000000 0.00000000000
0.06393576946 -0.00351516348 0.23503848740 0.00000000000 0.00000000000 0.00000000000 0.00000000000 0.00000000000 0.00000000000 0.00000000000 0.00000000000
0.06390712053 -0.00348208926 0.23503875141 0.00000000000 0.00000000000 0.00000000000 0.00000000000 0.00000000000 0.00000000000 0.00000000000 0.00000000000
0.06387849118 -0.00344903757 0.23503901058 0.00000000000 0.00000000000 0.00000000000 0.00000000000 0.00000000000 0.00000000000 0.00000000000 0.00000000000
0.06384988523 -0.00341601284 0.23503926491 0.00000000000 0.00000000000 0.00000000000 0.00000000000 0.00000000000 0.00000000000 0.00000000000 0.00000000000
0.06382130073 -0.00338301280 0.23503951441 0.00000000000 0.00000000000 0.00000000000 0.00000000000 0.00000000000 0.00000000000 0.00000000000 0.00000000000
0.06379273041 -0.00335002905 0.23503975916 0.00000000000 0.00000000000 0.00000000000 0.00000000000 0.00000000000 0.00000000000 0.00000000000 0.00000000000
0.06376416575 -0.00331705179 0.23503999923 0.00000000000 0.00000000000 0.00000000000 0.00000000000 0.00000000000 0.00000000000 0.00000000000 0.00000000000
0.06373559866 -0.00328407165 0.23504023469 0.00000000000 0.00000000000 0.00000000000 0.00000000000 0.00000000000 0.00000000000 0.00000000000 0.00000000000
0.06370702359 -0.00325108224 0.23504046560 0.00000000000 0.00000000000 0.00000000000 0.00000000000 0.00000000000 0.00000000000 0.00000000000 0.00000000000
0.06367843840 -0.00321808107 0.23504069195 0.00000000000 0.00000000000 0.00000000000 0.00000000000 0.00000000000 0.00000000000 0.00000000000 0.00000000000
0.06364984240 -0.00318506736 0.23504091375 0.00000000000 0.00000000000 0.00000000000 0.00000000000 0.00000000000 0.00000000000 0.00000000000 0.00000000000
0.06362123534 -0.00315204082 0.23504113100 0.00000000000 0.00000000000 0.00000000000 0.00000000000 0.00000000000 0.00000000000 0.00000000000 0.00000000000
0.06359261687 -0.00311900104 0.23504134370 0.00000000000 0.00000000000 0.00000000000 0.00000000000 0.00000000000 0.00000000000 0.00000000000 0.00000000000
0.06356398660 -0.00308594759 0.23504155183 0.00000000000 0.00000000000 0.00000000000 0.00000000000 0.00000000000 0.00000000000 0.00000000000 0.00000000000
0.06353534577 -0.00305288188 0.23504175539 0.00000000000 0.00000000000 0.00000000000 0.00000000000 0.00000000000 0.00000000000 0.00000000000 0.00000000000
0.06350669780 -0.00301980786 0.23504195435 0.00000000000 0.00000000000 0.00000000000 0.00000000000 0.00000000000 0.00000000000 0.00000000000 0.00000000000
0.06347804670 -0.00298673016 0.23504214868 0.00000000000 0.00000000000 0.00000000000 0.00000000000 0.00000000000 0.00000000000 0.00000000000 0.00000000000
0.06344939585 -0.00295365271 0.23504233835 0.00000000000 0.00000000000 0.00000000000 0.00000000000 0.00000000000 0.00000000000 0.00000000000 0.00000000000
0.06342074752 -0.00292057810 0.23504252336 0.00000000000 0.00000000000 0.00000000000 0.00000000000 0.00000000000 0.00000000000 0.00000000000 0.00000000000
0.06339210245 -0.00288750720 0.23504270368 0.00000000000 0.00000000000 0.00000000000 0.00000000000 0.00000000000 0.00000000000 0.00000000000 0.00000000000
0.06336346020 -0.00285443950 0.23504287934 0.00000000000 0.00000000000 0.00000000000 0.00000000000 0.00000000000 0.00000000000 0.00000000000 0.00000000000
0.06333481990 -0.00282137399 0.23504305034 0.00000000000 0.00000000000 0.00000000000 0.00000000000 0.00000000000 0.00000000000 0.00000000000 0.00000000000
0.06330618065 -0.00278830964 0.23504321668 0.00000000000 0.00000000000 0.00000000000 0.00000000000 0.00000000000 0.00000000000 0.00000000000 0.00000000000
0.06327754179 -0.00275524568 0.23504337836 0.00000000000 0.00000000000 0.00000000000 0.00000000000 0.00000000000 0.00000000000 0.00000000000 0.00000000000
0.06324890312 -0.00272218188 0.23504353540 0.00000000000 0.00000000000 0.00000000000 0.00000000000 0.00000000000 0.00000000000 0.00000000000 0.00000000000
0.06321072048 -0.00267809934 0.23504373753 0.00000000000 0.00000000000 0.00000000000 0.00000000000 0.00000000000 0.00000000000 0.00000000000 0.00000000000
0.06318208426 -0.00264503826 0.23504388371 0.00000000000 0.00000000000 0.00000000000 0.00000000000 0.00000000000 0.00000000000 0.00000000000 0.00000000000
0.06316300196 -0.00262300733 0.23504397853 0.00000000000 0.00000000000 0.00000000000 0.00000000000 0.00000000000 0.00000000000 0.00000000000 0.00000000000
ZONE T="NURB"
I=201, J=1, K=1
0.06602952008 -0.00593205665 0.23500074641 2.01684439843 0.00000000000 0.00000000000 0.00000000000 0.00000000000 0.00000000000 0.00000000000 0.23507560509
0.06601486535 -0.00591514215 0.23500111511 1.98701472406 0.00000000000 0.00000000000 0.00000000000 0.00000000000 0.00000000000 0.00000000000 0.23507554746
0.06600022878 -0.00589824859 0.23500148237 1.95637010140 0.00000000000 0.00000000000 0.00000000000 0.00000000000 0.00000000000 0.00000000000 0.23507549012
0.06598560923 -0.00588137464 0.23500184823 1.92492780718 0.00000000000 0.00000000000 0.00000000000 0.00000000000 0.00000000000 0.00000000000 0.23507543308
0.06597100554 -0.00586451899 0.23500221273 1.89383652593 0.00000000000 0.00000000000 0.00000000000 0.00000000000 0.00000000000 0.00000000000 0.23507537636
0.06595642072 -0.00584768508 0.23500257578 2.35555260040 0.00000000000 0.00000000000 0.00000000000 0.00000000000 0.00000000000 0.00000000000 0.23507531993
0.06594187416 -0.00583089530 0.23500293671 2.83640627510 0.00000000000 0.00000000000 0.00000000000 0.00000000000 0.00000000000 0.00000000000 0.23507526369
0.06592738324 -0.00581416971 0.23500329492 2.63935628526 0.00000000000 0.00000000000 0.00000000000 0.00000000000 0.00000000000 0.00000000000 0.23507520753
0.06591294119 -0.00579750049 0.23500365064 2.43040195161 0.00000000000 0.00000000000 0.00000000000 0.00000000000 0.00000000000 0.00000000000 0.23507515145
0.06589853599 -0.00578087378 0.23500400426 2.43322285810 0.00000000000 0.00000000000 0.00000000000 0.00000000000 0.00000000000 0.00000000000 0.23507509549
0.06588415856 -0.00576427910 0.23500435602 2.43041805791 0.00000000000 0.00000000000 0.00000000000 0.00000000000 0.00000000000 0.00000000000 0.23507503964
0.06586980104 -0.00574770736 0.23500470613 2.43226410898 0.00000000000 0.00000000000 0.00000000000 0.00000000000 0.00000000000 0.00000000000 0.23507498387
0.06585545748 -0.00573115171 0.23500505473 2.43042011366 0.00000000000 0.00000000000 0.00000000000 0.00000000000 0.00000000000 0.00000000000 0.23507492816
0.06584112282 -0.00571460631 0.23500540194 2.43138466051 0.00000000000 0.00000000000 0.00000000000 0.00000000000 0.00000000000 0.00000000000 0.23507487247
0.06582679378 -0.00569806736 0.23500574786 2.43041695121 0.00000000000 0.00000000000 0.00000000000 0.00000000000 0.00000000000 0.00000000000 0.23507481681
0.06581246782 -0.00568153194 0.23500609254 2.43070631518 0.00000000000 0.00000000000 0.00000000000 0.00000000000 0.00000000000 0.00000000000 0.23507476116
0.06579814375 -0.00566499866 0.23500643601 2.43041205291 0.00000000000 0.00000000000 0.00000000000 0.00000000000 0.00000000000 0.00000000000 0.23507470552
0.06578382081 -0.00564846667 0.23500677829 2.43047564308 0.00000000000 0.00000000000 0.00000000000 0.00000000000 0.00000000000 0.00000000000 0.23507464988
0.06576949869 -0.00563193559 0.23500711939 2.43040189065 0.00000000000 0.00000000000 0.00000000000 0.00000000000 0.00000000000 0.00000000000 0.23507459425
0.06575517721 -0.00561540523 0.23500745930 2.43040889743 0.00000000000 0.00000000000 0.00000000000 0.00000000000 0.00000000000 0.00000000000 0.23507453861
0.06574085630 -0.00559887550 0.23500779805 2.43038627492 0.00000000000 0.00000000000 0.00000000000 0.00000000000 0.00000000000 0.00000000000 0.23507448298
0.06572653592 -0.00558234636 0.23500813562 2.43038687247 0.00000000000 0.00000000000 0.00000000000 0.00000000000 0.00000000000 0.00000000000 0.23507442736
0.06571221605 -0.00556581776 0.23500847201 2.43036975418 0.00000000000 0.00000000000 0.00000000000 0.00000000000 0.00000000000 0.00000000000 0.23507437173
0.06569789665 -0.00554928970 0.23500880723 2.43036017288 0.00000000000 0.00000000000 0.00000000000 0.00000000000 0.00000000000 0.00000000000 0.23507431611
0.06568357775 -0.00553276217 0.23500914128 2.43035977046 0.00000000000 0.00000000000 0.00000000000 0.00000000000 0.00000000000 0.00000000000 0.23507426048
0.06566925936 -0.00551623521 0.23500947415 2.43034288801 0.00000000000 0.00000000000 0.00000000000 0.00000000000 0.00000000000 0.00000000000 0.23507420486
0.06565494153 -0.00549970886 0.23500980585 2.43036416340 0.00000000000 0.00000000000 0.00000000000 0.00000000000 0.00000000000 0.00000000000 0.23507414924
0.06564062433 -0.00548318322 0.23501013637 2.43033424377 0.00000000000 0.00000000000 0.00000000000 0.00000000000 0.00000000000 0.00000000000 0.23507409363
0.06562630787 -0.00546665841 0.23501046571 2.43038366104 0.00000000000 0.00000000000 0.00000000000 0.00000000000 0.00000000000 0.00000000000 0.23507403802
0.06561199227 -0.00545013456 0.23501079387 2.43035618878 0.00000000000 0.00000000000 0.00000000000 0.00000000000 0.00000000000 0.00000000000 0.23507398241
0.06559767765 -0.00543361181 0.23501112085 2.43040937725 0.00000000000 0.00000000000 0.00000000000 0.00000000000 0.00000000000 0.00000000000 0.23507392680
0.06558336408 -0.00541709025 0.23501144664 2.43046365420 0.00000000000 0.00000000000 0.00000000000 0.00000000000 0.00000000000 0.00000000000 0.23507387120
0.06556905146 -0.00540056976 0.23501177125 2.43042680422 0.00000000000 0.00000000000 0.00000000000 0.00000000000 0.00000000000 0.00000000000 0.23507381560
0.06555473961 -0.00538405013 0.23501209468 2.43056071641 0.00000000000 0.00000000000 0.00000000000 0.00000000000 0.00000000000 0.00000000000 0.23507376001
0.06554042816 -0.00536753094 0.23501241694 2.43043225645 0.00000000000 0.00000000000 0.00000000000 0.00000000000 0.00000000000 0.00000000000 0.23507370441
0.06552611671 -0.00535101172 0.23501273804 2.43058643373 0.00000000000 0.00000000000 0.00000000000 0.00000000000 0.00000000000 0.00000000000 0.23507364882
0.06551180480 -0.00533449194 0.23501305799 2.43043721835 0.00000000000 0.00000000000 0.00000000000 0.00000000000 0.00000000000 0.00000000000 0.23507359322
0.06549749198 -0.00531797108 0.23501337680 2.43058068574 0.00000000000 0.00000000000 0.00000000000 0.00000000000 0.00000000000 0.00000000000 0.23507353762
0.06548317783 -0.00530144867 0.23501369448 2.43045373743 0.00000000000 0.00000000000 0.00000000000 0.00000000000 0.00000000000 0.00000000000 0.23507348202
0.06546886196 -0.00528492425 0.23501401103 2.43053884039 0.00000000000 0.00000000000 0.00000000000 0.00000000000 0.00000000000 0.00000000000 0.23507342641
0.06545454416 -0.00526839756 0.23501432646 2.43048513119 0.00000000000 0.00000000000 0.00000000000 0.00000000000 0.00000000000 0.00000000000 0.23507337079
0.06544022423 -0.00525186840 0.23501464078 2.43050175166 0.00000000000 0.00000000000 0.00000000000 0.00000000000 0.00000000000 0.00000000000 0.23507331516
0.06542590216 -0.00523533674 0.23501495398 2.43052381357 0.00000000000 0.00000000000 0.00000000000 0.00000000000 0.00000000000 0.00000000000 0.23507325953
0.06541157796 -0.00521880259 0.23501526607 2.43053012018 0.00000000000 0.00000000000 0.00000000000 0.00000000000 0.00000000000 0.00000000000 0.23507320389
0.06539725165 -0.00520226598 0.23501557704 2.43055049699 0.00000000000 0.00000000000 0.00000000000 0.00000000000 0.00000000000 0.00000000000 0.23507314824
0.06538292323 -0.00518572691 0.23501588689 2.43057307180 0.00000000000 0.00000000000 0.00000000000 0.00000000000 0.00000000000 0.00000000000 0.23507309258
0.06536859263 -0.00516918530 0.23501619562 2.43054522741 0.00000000000 0.00000000000 0.00000000000 0.00000000000 0.00000000000 0.00000000000 0.23507303691
0.06535425974 -0.00515264102 0.23501650324 2.43058995172 0.00000000000 0.00000000000 0.00000000000 0.00000000000 0.00000000000 0.00000000000 0.23507298123
0.06533992436 -0.00513609385 0.23501680975 2.43050159585 0.00000000000 0.00000000000 0.00000000000 0.00000000000 0.00000000000 0.00000000000 0.23507292554
0.06532558628 -0.00511954352 0.23501711515 2.43056350570 0.00000000000 0.00000000000 0.00000000000 0.00000000000 0.00000000000 0.00000000000 0.23507286984
0.06531124520 -0.00510298971 0.23501741944 2.43042961432 0.00000000000 0.00000000000 0.00000000000 0.00000000000 0.00000000000 0.00000000000 0.23507281414
0.06529690088 -0.00508643214 0.23501772264 2.43038845107 0.00000000000 0.00000000000 0.00000000000 0.00000000000 0.00000000000 0.00000000000 0.23507275841
0.06528255335 -0.00506987082 0.23501802474 2.43036689549 0.00000000000 0.00000000000 0.00000000000 0.00000000000 0.00000000000 0.00000000000 0.23507270268
0.06526820275 -0.00505330595 0.23501832574 2.43015885132 0.00000000000 0.00000000000 0.00000000000 0.00000000000 0.00000000000 0.00000000000 0.23507264693
0.06525384965 -0.00503673817 0.23501862563 2.43034911556 0.00000000000 0.00000000000 0.00000000000 0.00000000000 0.00000000000 0.00000000000 0.23507259118
0.06523949475 -0.00502016828 0.23501892438 2.43008964615 0.00000000000 0.00000000000 0.00000000000 0.00000000000 0.00000000000 0.00000000000 0.23507253541
0.06522513887 -0.00500359723 0.23501922199 2.43036660848 0.00000000000 0.00000000000 0.00000000000 0.00000000000 0.00000000000 0.00000000000 0.23507247965
0.06521078284 -0.00498702599 0.23501951843 2.43014928004 0.00000000000 0.00000000000 0.00000000000 0.00000000000 0.00000000000 0.00000000000 0.23507242388
0.06519642742 -0.00497045543 0.23501981369 2.43039454337 0.00000000000 0.00000000000 0.00000000000 0.00000000000 0.00000000000 0.00000000000 0.23507236812
0.06518207330 -0.00495388634 0.23502010775 2.43023968845 0.00000000000 0.00000000000 0.00000000000 0.00000000000 0.00000000000 0.00000000000 0.23507231236
0.06516772105 -0.00493731939 0.23502040061 2.43042314770 0.00000000000 0.00000000000 0.00000000000 0.00000000000 0.00000000000 0.00000000000 0.23507225661
0.06515337112 -0.00492075508 0.23502069225 2.43037547976 0.00000000000 0.00000000000 0.00000000000 0.00000000000 0.00000000000 0.00000000000 0.23507220086
0.06513902373 -0.00490419370 0.23502098268 2.43044187119 0.00000000000 0.00000000000 0.00000000000 0.00000000000 0.00000000000 0.00000000000 0.23507214513
0.06512467900 -0.00488763535 0.23502127189 2.43049391274 0.00000000000 0.00000000000 0.00000000000 0.00000000000 0.00000000000 0.00000000000 0.23507208941
0.06511033680 -0.00487107990 0.23502155987 2.43044437055 0.00000000000 0.00000000000 0.00000000000 0.00000000000 0.00000000000 0.00000000000 0.23507203369
0.06509599696 -0.00485452715 0.23502184665 2.43052359177 0.00000000000 0.00000000000 0.00000000000 0.00000000000 0.00000000000 0.00000000000 0.23507197799
0.06508165922 -0.00483797680 0.23502213222 2.43043927636 0.00000000000 0.00000000000 0.00000000000 0.00000000000 0.00000000000 0.00000000000 0.23507192230
0.06506732333 -0.00482142856 0.23502241658 2.43051649831 0.00000000000 0.00000000000 0.00000000000 0.00000000000 0.00000000000 0.00000000000 0.23507186661
0.06505298903 -0.00480488213 0.23502269975 2.43043355139 0.00000000000 0.00000000000 0.00000000000 0.00000000000 0.00000000000 0.00000000000 0.23507181092
0.06503865609 -0.00478833725 0.23502298173 2.43048821369 0.00000000000 0.00000000000 0.00000000000 0.00000000000 0.00000000000 0.00000000000 0.23507175525
0.06502432431 -0.00477179369 0.23502326252 2.43043319452 0.00000000000 0.00000000000 0.00000000000 0.00000000000 0.00000000000 0.00000000000 0.23507169958
0.06500999357 -0.00475525129 0.23502354213 2.43046055116 0.00000000000 0.00000000000 0.00000000000 0.00000000000 0.00000000000 0.00000000000 0.23507164391
0.06499566375 -0.00473870995 0.23502382055 2.43044242898 0.00000000000 0.00000000000 0.00000000000 0.00000000000 0.00000000000 0.00000000000 0.23507158824
0.06498133483 -0.00472216961 0.23502409779 2.43044271636 0.00000000000 0.00000000000 0.00000000000 0.00000000000 0.00000000000 0.00000000000 0.23507153258
0.06496700680 -0.00470563028 0.23502437386 2.43046193962 0.00000000000 0.00000000000 0.00000000000 0.00000000000 0.00000000000 0.00000000000 0.23507147692
0.06495267970 -0.00468909200 0.23502464874 2.43047498794 0.00000000000 0.00000000000 0.00000000000 0.00000000000 0.00000000000 0.00000000000 0.23507142127
0.06493835351 -0.00467255475 0.23502492244 2.43048213099 0.00000000000 0.00000000000 0.00000000000 0.00000000000 0.00000000000 0.00000000000 0.23507136562
0.06492402820 -0.00465601848 0.23502519495 2.43053067144 0.00000000000 0.00000000000 0.00000000000 0.00000000000 0.00000000000 0.00000000000 0.23507130997
0.06490970364 -0.00463948307 0.23502546630 2.43049337871 0.00000000000 0.00000000000 0.00000000000 0.00000000000 0.00000000000 0.00000000000 0.23507125433
0.06489537969 -0.00462294833 0.23502573646 2.43055811089 0.00000000000 0.00000000000 0.00000000000 0.00000000000 0.00000000000 0.00000000000 0.23507119868
0.06488105616 -0.00460641405 0.23502600546 2.43049572064 0.00000000000 0.00000000000 0.00000000000 0.00000000000 0.00000000000 0.00000000000 0.23507114304
0.06486673284 -0.00458988000 0.23502627329 2.43055654372 0.00000000000 0.00000000000 0.00000000000 0.00000000000 0.00000000000 0.00000000000 0.23507108740
0.06485240954 -0.00457334595 0.23502653995 2.43049349088 0.00000000000 0.00000000000 0.00000000000 0.00000000000 0.00000000000 0.00000000000 0.23507103177
0.06483808607 -0.00455681167 0.23502680546 2.43054164562 0.00000000000 0.00000000000 0.00000000000 0.00000000000 0.00000000000 0.00000000000 0.23507097612
0.06482376227 -0.00454027699 0.23502706981 2.43048868552 0.00000000000 0.00000000000 0.00000000000 0.00000000000 0.00000000000 0.00000000000 0.23507092048
0.06480943799 -0.00452374174 0.23502733300 2.43051288683 0.00000000000 0.00000000000 0.00000000000 0.00000000000 0.00000000000 0.00000000000 0.23507086484
0.06479511314 -0.00450720581 0.23502759504 2.43048373526 0.00000000000 0.00000000000 0.00000000000 0.00000000000 0.00000000000 0.00000000000 0.23507080919
0.06478078766 -0.00449066912 0.23502785593 2.43047978480 0.00000000000 0.00000000000 0.00000000000 0.00000000000 0.00000000000 0.00000000000 0.23507075355
0.06476646154 -0.00447413168 0.23502811567 2.43048117481 0.00000000000 0.00000000000 0.00000000000 0.00000000000 0.00000000000 0.00000000000 0.23507069790
0.06475213480 -0.00445759350 0.23502837425 2.43046169300 0.00000000000 0.00000000000 0.00000000000 0.00000000000 0.00000000000 0.00000000000 0.23507064224
0.06473780751 -0.00444105465 0.23502863169 2.43048121028 0.00000000000 0.00000000000 0.00000000000 0.00000000000 0.00000000000 0.00000000000 0.23507058659
0.06472347972 -0.00442451521 0.23502888796 2.43045837337 0.00000000000 0.00000000000 0.00000000000 0.00000000000 0.00000000000 0.00000000000 0.23507053093
0.06470915150 -0.00440797526 0.23502914308 2.43048280709 0.00000000000 0.00000000000 0.00000000000 0.00000000000 0.00000000000 0.00000000000 0.23507047527
0.06469482294 -0.00439143488 0.23502939705 2.43046227662 0.00000000000 0.00000000000 0.00000000000 0.00000000000 0.00000000000 0.00000000000 0.23507041961
0.06468049409 -0.00437489416 0.23502964985 2.43048513871 0.00000000000 0.00000000000 0.00000000000 0.00000000000 0.00000000000 0.00000000000 0.23507036395
0.06466616503 -0.00435835317 0.23502990149 2.43047051750 0.00000000000 0.00000000000 0.00000000000 0.00000000000 0.00000000000 0.00000000000 0.23507030829
0.06465183582 -0.00434181198 0.23503015198 2.50597884878 0.00000000000 0.00000000000 0.00000000000 0.00000000000 0.00000000000 0.00000000000 0.23507025263
0.06463750648 -0.00432527062 0.23503040112 4.43435539366 0.00000000000 0.00000000000 0.00000000000 0.00000000000 0.00000000000 0.00000000000 0.23507019679
0.06462317707 -0.00430872915 0.23503064815 7.34341976098 0.00000000000 0.00000000000 0.00000000000 0.00000000000 0.00000000000 0.00000000000 0.23507013999
0.06460884762 -0.00429218759 0.23503088991 34.04349418138 0.00000000000 0.00000000000 0.00000000000 0.00000000000 0.00000000000 0.00000000000 0.23507007909
0.06459451822 -0.00427564596 0.23503111535 58.53067321057 0.00000000000 0.00000000000 0.00000000000 0.00000000000 0.00000000000 0.00000000000 0.23507000305
0.06458018892 -0.00425910427 0.23503131667 29.90189306769 0.00000000000 0.00000000000 0.00000000000 0.00000000000 0.00000000000 0.00000000000 0.23506990404
0.06456585967 -0.00424256252 0.23503150367 2.43033564973 0.00000000000 0.00000000000 0.00000000000 0.00000000000 0.00000000000 0.00000000000 0.23506979188
0.06455153038 -0.00422602069 0.23503168748 2.43034171274 0.00000000000 0.00000000000 0.00000000000 0.00000000000 0.00000000000 0.00000000000 0.23506967770
0.06453720104 -0.00420947879 0.23503187013 2.43033839844 0.00000000000 0.00000000000 0.00000000000 0.00000000000 0.00000000000 0.00000000000 0.23506956351
0.06452287163 -0.00419293677 0.23503205162 2.43034746394 0.00000000000 0.00000000000 0.00000000000 0.00000000000 0.00000000000 0.00000000000 0.23506944933
0.06450854212 -0.00417639463 0.23503223195 2.43034096536 0.00000000000 0.00000000000 0.00000000000 0.00000000000 0.00000000000 0.00000000000 0.23506933514
0.06449421249 -0.00415985233 0.23503241111 2.43035240015 0.00000000000 0.00000000000 0.00000000000 0.00000000000 0.00000000000 0.00000000000 0.23506922096
0.06447988271 -0.00414330982 0.23503258911 2.43034424066 0.00000000000 0.00000000000 0.00000000000 0.00000000000 0.00000000000 0.00000000000 0.23506910677
0.06446555274 -0.00412676708 0.23503276595 2.43035753059 0.00000000000 0.00000000000 0.00000000000 0.00000000000 0.00000000000 0.00000000000 0.23506899258
0.06445122255 -0.00411022407 0.23503294162 2.43034984178 0.00000000000 0.00000000000 0.00000000000 0.00000000000 0.00000000000 0.00000000000 0.23506887839
0.06443689210 -0.00409368075 0.23503311614 2.43036457757 0.00000000000 0.00000000000 0.00000000000 0.00000000000 0.00000000000 0.00000000000 0.23506876420
0.06442256138 -0.00407713707 0.23503328949 2.43035907631 0.00000000000 0.00000000000 0.00000000000 0.00000000000 0.00000000000 0.00000000000 0.23506865001
0.06440823033 -0.00406059302 0.23503346169 2.43037198362 0.00000000000 0.00000000000 0.00000000000 0.00000000000 0.00000000000 0.00000000000 0.23506853581
0.06439389895 -0.00404404855 0.23503363272 2.43037248164 0.00000000000 0.00000000000 0.00000000000 0.00000000000 0.00000000000 0.00000000000 0.23506842161
0.06437956722 -0.00402750366 0.23503380260 2.43038336136 0.00000000000 0.00000000000 0.00000000000 0.00000000000 0.00000000000 0.00000000000 0.23506830741
0.06436523512 -0.00401095832 0.23503397131 2.43038822432 0.00000000000 0.00000000000 0.00000000000 0.00000000000 0.00000000000 0.00000000000 0.23506819320
0.06435090264 -0.00399441252 0.23503413886 2.43040259850 0.00000000000 0.00000000000 0.00000000000 0.00000000000 0.00000000000 0.00000000000 0.23506807900
0.06433656976 -0.00397786624 0.23503430526 2.43040198922 0.00000000000 0.00000000000 0.00000000000 0.00000000000 0.00000000000 0.00000000000 0.23506796478
0.06432223645 -0.00396131945 0.23503447049 2.43041929998 0.00000000000 0.00000000000 0.00000000000 0.00000000000 0.00000000000 0.00000000000 0.23506785057
0.06430790267 -0.00394477209 0.23503463457 2.43040994653 0.00000000000 0.00000000000 0.00000000000 0.00000000000 0.00000000000 0.00000000000 0.23506773635
0.06429356837 -0.00392822411 0.23503479748 2.43042699940 0.00000000000 0.00000000000 0.00000000000 0.00000000000 0.00000000000 0.00000000000 0.23506762213
0.06427923349 -0.00391167545 0.23503495924 2.43040967856 0.00000000000 0.00000000000 0.00000000000 0.00000000000 0.00000000000 0.00000000000 0.23506750790
0.06426489799 -0.00389512604 0.23503511984 2.43043090046 0.00000000000 0.00000000000 0.00000000000 0.00000000000 0.00000000000 0.00000000000 0.23506739367
0.06425056176 -0.00387857579 0.23503527928 2.43040019560 0.00000000000 0.00000000000 0.00000000000 0.00000000000 0.00000000000 0.00000000000 0.23506727943
0.06423622475 -0.00386202460 0.23503543757 2.43041208192 0.00000000000 0.00000000000 0.00000000000 0.00000000000 0.00000000000 0.00000000000 0.23506716518
0.06422188689 -0.00384547242 0.23503559470 2.43038617210 0.00000000000 0.00000000000 0.00000000000 0.00000000000 0.00000000000 0.00000000000 0.23506705093
0.06420754816 -0.00382891921 0.23503575067 2.43034755867 0.00000000000 0.00000000000 0.00000000000 0.00000000000 0.00000000000 0.00000000000 0.23506693667
0.06419320866 -0.00381236510 0.23503590549 2.43038192118 0.00000000000 0.00000000000 0.00000000000 0.00000000000 0.00000000000 0.00000000000 0.23506682241
0.06417886855 -0.00379581026 0.23503605915 2.43030770312 0.00000000000 0.00000000000 0.00000000000 0.00000000000 0.00000000000 0.00000000000 0.23506670814
0.06416452806 -0.00377925497 0.23503621165 2.43039041965 0.00000000000 0.00000000000 0.00000000000 0.00000000000 0.00000000000 0.00000000000 0.23506659387
0.06415018745 -0.00376269952 0.23503636298 2.43030514428 0.00000000000 0.00000000000 0.00000000000 0.00000000000 0.00000000000 0.00000000000 0.23506647960
0.06413584704 -0.00374614427 0.23503651314 2.43040475036 0.00000000000 0.00000000000 0.00000000000 0.00000000000 0.00000000000 0.00000000000 0.23506636532
0.06412150710 -0.00372958957 0.23503666213 2.43031887679 0.00000000000 0.00000000000 0.00000000000 0.00000000000 0.00000000000 0.00000000000 0.23506625106
0.06410716795 -0.00371303575 0.23503680995 2.43041776326 0.00000000000 0.00000000000 0.00000000000 0.00000000000 0.00000000000 0.00000000000 0.23506613679
0.06409282987 -0.00369648314 0.23503695660 2.43034383292 0.00000000000 0.00000000000 0.00000000000 0.00000000000 0.00000000000 0.00000000000 0.23506602254
0.06407849311 -0.00367993204 0.23503710206 2.43042029622 0.00000000000 0.00000000000 0.00000000000 0.00000000000 0.00000000000 0.00000000000 0.23506590830
0.06406415788 -0.00366338269 0.23503724634 2.43037800041 0.00000000000 0.00000000000 0.00000000000 0.00000000000 0.00000000000 0.00000000000 0.23506579407
0.06404982430 -0.00364683522 0.23503738944 2.43040481309 0.00000000000 0.00000000000 0.00000000000 0.00000000000 0.00000000000 0.00000000000 0.23506567985
0.06403549246 -0.00363028975 0.23503753136 2.43039984944 0.00000000000 0.00000000000 0.00000000000 0.00000000000 0.00000000000 0.00000000000 0.23506556565
0.06402116233 -0.00361374623 0.23503767210 2.43037112839 0.00000000000 0.00000000000 0.00000000000 0.00000000000 0.00000000000 0.00000000000 0.23506545146
0.06400683388 -0.00359720463 0.23503781166 2.43037023718 0.00000000000 0.00000000000 0.00000000000 0.00000000000 0.00000000000 0.00000000000 0.23506533728
0.06399250704 -0.00358066488 0.23503795004 2.43033388352 0.00000000000 0.00000000000 0.00000000000 0.00000000000 0.00000000000 0.00000000000 0.23506522312
0.06397818179 -0.00356412693 0.23503808724 2.43032397710 0.00000000000 0.00000000000 0.00000000000 0.00000000000 0.00000000000 0.00000000000 0.23506510897
0.06396385809 -0.00354759077 0.23503822326 2.43031100354 0.00000000000 0.00000000000 0.00000000000 0.00000000000 0.00000000000 0.00000000000 0.23506499483
0.06394953599 -0.00353105643 0.23503835811 2.43028240395 0.00000000000 0.00000000000 0.00000000000 0.00000000000 0.00000000000 0.00000000000 0.23506488071
0.06393521557 -0.00351452402 0.23503849177 2.43032051675 0.00000000000 0.00000000000 0.00000000000 0.00000000000 0.00000000000 0.00000000000 0.23506476659
0.06392089699 -0.00349799371 0.23503862426 2.43024438790 0.00000000000 0.00000000000 0.00000000000 0.00000000000 0.00000000000 0.00000000000 0.23506465250
0.06390658054 -0.00348146584 0.23503875556 2.43037276924 0.00000000000 0.00000000000 0.00000000000 0.00000000000 0.00000000000 0.00000000000 0.23506453842
0.06389226655 -0.00346494081 0.23503888568 2.43029316288 0.00000000000 0.00000000000 0.00000000000 0.00000000000 0.00000000000 0.00000000000 0.23506442436
0.06387795539 -0.00344841901 0.23503901462 2.43045259070 0.00000000000 0.00000000000 0.00000000000 0.00000000000 0.00000000000 0.00000000000 0.23506431032
0.06386364733 -0.00343190077 0.23503914236 2.43051988130 0.00000000000 0.00000000000 0.00000000000 0.00000000000 0.00000000000 0.00000000000 0.23506419631
0.06384934229 -0.00341538602 0.23503926892 2.43051497013 0.00000000000 0.00000000000 0.00000000000 0.00000000000 0.00000000000 0.00000000000 0.23506408232
0.06383504005 -0.00339887447 0.23503939429 2.43073470112 0.00000000000 0.00000000000 0.00000000000 0.00000000000 0.00000000000 0.00000000000 0.23506396835
0.06382074001 -0.00338236545 0.23503951848 2.43053593229 0.00000000000 0.00000000000 0.00000000000 0.00000000000 0.00000000000 0.00000000000 0.23506385440
0.06380644148 -0.00336585815 0.23503964151 2.43078663442 0.00000000000 0.00000000000 0.00000000000 0.00000000000 0.00000000000 0.00000000000 0.23506374046
0.06379214366 -0.00334935166 0.23503976336 2.43053298091 0.00000000000 0.00000000000 0.00000000000 0.00000000000 0.00000000000 0.00000000000 0.23506362653
0.06377784576 -0.00333284506 0.23503988406 2.43077749388 0.00000000000 0.00000000000 0.00000000000 0.00000000000 0.00000000000 0.00000000000 0.23506351260
0.06376354698 -0.00331633742 0.23504000361 2.43051983417 0.00000000000 0.00000000000 0.00000000000 0.00000000000 0.00000000000 0.00000000000 0.23506339866
0.06374924657 -0.00329982789 0.23504012201 2.43067436470 0.00000000000 0.00000000000 0.00000000000 0.00000000000 0.00000000000 0.00000000000 0.23506328471
0.06373494401 -0.00328331586 0.23504023926 2.43050984059 0.00000000000 0.00000000000 0.00000000000 0.00000000000 0.00000000000 0.00000000000 0.23506317074
0.06372063887 -0.00326680083 0.23504035538 2.43053591839 0.00000000000 0.00000000000 0.00000000000 0.00000000000 0.00000000000 0.00000000000 0.23506305674
0.06370633103 -0.00325028267 0.23504047036 2.43051365955 0.00000000000 0.00000000000 0.00000000000 0.00000000000 0.00000000000 0.00000000000 0.23506294273
0.06369202045 -0.00323376134 0.23504058420 2.43047555691 0.00000000000 0.00000000000 0.00000000000 0.00000000000 0.00000000000 0.00000000000 0.23506282870
0.06367770726 -0.00321723697 0.23504069691 2.43052183331 0.00000000000 0.00000000000 0.00000000000 0.00000000000 0.00000000000 0.00000000000 0.23506271464
0.06366339160 -0.00320070973 0.23504080846 2.43046351687 0.00000000000 0.00000000000 0.00000000000 0.00000000000 0.00000000000 0.00000000000 0.23506260057
0.06364907366 -0.00318417985 0.23504091888 2.43052231625 0.00000000000 0.00000000000 0.00000000000 0.00000000000 0.00000000000 0.00000000000 0.23506248648
0.06363475361 -0.00316764751 0.23504102815 2.43047748735 0.00000000000 0.00000000000 0.00000000000 0.00000000000 0.00000000000 0.00000000000 0.23506237237
0.06362043158 -0.00315111287 0.23504113627 2.43050862744 0.00000000000 0.00000000000 0.00000000000 0.00000000000 0.00000000000 0.00000000000 0.23506225824
0.06360610766 -0.00313457605 0.23504124324 2.43049424921 0.00000000000 0.00000000000 0.00000000000 0.00000000000 0.00000000000 0.00000000000 0.23506214410
0.06359178189 -0.00311803706 0.23504134906 2.43048029898 0.00000000000 0.00000000000 0.00000000000 0.00000000000 0.00000000000 0.00000000000 0.23506202995
0.06357745429 -0.00310149594 0.23504145373 2.43044151948 0.00000000000 0.00000000000 0.00000000000 0.00000000000 0.00000000000 0.00000000000 0.23506191578
0.06356312493 -0.00308495278 0.23504155725 2.43045416609 0.00000000000 0.00000000000 0.00000000000 0.00000000000 0.00000000000 0.00000000000 0.23506180159
0.06354879397 -0.00306840776 0.23504165962 2.43036025805 0.00000000000 0.00000000000 0.00000000000 0.00000000000 0.00000000000 0.00000000000 0.23506168740
0.06353446168 -0.00305186119 0.23504176083 2.43044894210 0.00000000000 0.00000000000 0.00000000000 0.00000000000 0.00000000000 0.00000000000 0.23506157319
0.06352012840 -0.00303531345 0.23504186088 2.43034309056 0.00000000000 0.00000000000 0.00000000000 0.00000000000 0.00000000000 0.00000000000 0.23506145897
0.06350579447 -0.00301876496 0.23504195978 2.43045991706 0.00000000000 0.00000000000 0.00000000000 0.00000000000 0.00000000000 0.00000000000 0.23506134475
0.06349146027 -0.00300221613 0.23504205751 2.43037017377 0.00000000000 0.00000000000 0.00000000000 0.00000000000 0.00000000000 0.00000000000 0.23506123053
0.06347712612 -0.00298566735 0.23504215407 2.43047705503 0.00000000000 0.00000000000 0.00000000000 0.00000000000 0.00000000000 0.00000000000 0.23506111631
0.06346279234 -0.00296911898 0.23504224947 2.43041789787 0.00000000000 0.00000000000 0.00000000000 0.00000000000 0.00000000000 0.00000000000 0.23506100209
0.06344845915 -0.00295257128 0.23504234370 2.43049654199 0.00000000000 0.00000000000 0.00000000000 0.00000000000 0.00000000000 0.00000000000 0.23506088788
0.06343412676 -0.00293602449 0.23504243676 2.43047803843 0.00000000000 0.00000000000 0.00000000000 0.00000000000 0.00000000000 0.00000000000 0.23506077367
0.06341979530 -0.00291947875 0.23504252865 2.43051952923 0.00000000000 0.00000000000 0.00000000000 0.00000000000 0.00000000000 0.00000000000 0.23506065947
0.06340546486 -0.00290293418 0.23504261937 2.43050667993 0.00000000000 0.00000000000 0.00000000000 0.00000000000 0.00000000000 0.00000000000 0.23506054528
0.06339113561 -0.00288639097 0.23504270891 2.43056995715 0.00000000000 0.00000000000 0.00000000000 0.00000000000 0.00000000000 0.00000000000 0.23506043110
0.06337680779 -0.00286984939 0.23504279729 2.43047401580 0.00000000000 0.00000000000 0.00000000000 0.00000000000 0.00000000000 0.00000000000 0.23506031692
0.06336248194 -0.00285331008 0.23504288449 2.43068663202 0.00000000000 0.00000000000 0.00000000000 0.00000000000 0.00000000000 0.00000000000 0.23506020277
0.06334815886 -0.00283677395 0.23504297050 2.43036386068 0.00000000000 0.00000000000 0.00000000000 0.00000000000 0.00000000000 0.00000000000 0.23506008864
0.06333384004 -0.00282024272 0.23504305533 2.43093483007 0.00000000000 0.00000000000 0.00000000000 0.00000000000 0.00000000000 0.00000000000 0.23505997454
0.06331952734 -0.00280371854 0.23504313896 2.43025640621 0.00000000000 0.00000000000 0.00000000000 0.00000000000 0.00000000000 0.00000000000 0.23505986049
0.06330522344 -0.00278720451 0.23504322138 2.43122600969 0.00000000000 0.00000000000 0.00000000000 0.00000000000 0.00000000000 0.00000000000 0.23505974651
0.06329093111 -0.00277070382 0.23504330258 2.43031988972 0.00000000000 0.00000000000 0.00000000000 0.00000000000 0.00000000000 0.00000000000 0.23505963262
0.06327665298 -0.00275421953 0.23504338253 2.44387512779 0.00000000000 0.00000000000 0.00000000000 0.00000000000 0.00000000000 0.00000000000 0.23505951884
0.06326239202 -0.00273775503 0.23504346122 2.64372731107 0.00000000000 0.00000000000 0.00000000000 0.00000000000 0.00000000000 0.00000000000 0.23505940518
0.06324815235 -0.00272131510 0.23504353854 2.81098670955 0.00000000000 0.00000000000 0.00000000000 0.00000000000 0.00000000000 0.00000000000 0.23505929160
0.06323393558 -0.00270490159 0.23504361445 2.34416669159 0.00000000000 0.00000000000 0.00000000000 0.00000000000 0.00000000000 0.00000000000 0.23505917805
0.06321973392 -0.00268850551 0.23504368918 1.88951388099 0.00000000000 0.00000000000 0.00000000000 0.00000000000 0.00000000000 0.00000000000 0.23505906467
0.06320553963 -0.00267211794 0.23504376295 1.92335751124 0.00000000000 0.00000000000 0.00000000000 0.00000000000 0.00000000000 0.00000000000 0.23505895157
0.06319135218 -0.00265573824 0.23504383577 1.95785017362 0.00000000000 0.00000000000 0.00000000000 0.00000000000 0.00000000000 0.00000000000 0.23505883876
0.06317717261 -0.00263936764 0.23504390764 1.99301644454 0.00000000000 0.00000000000 0.00000000000 0.00000000000 0.00000000000 0.00000000000 0.23505872624
0.06316300196 -0.00262300733 0.23504397853 2.02888151507 0.00000000000 0.00000000000 0.00000000000 0.00000000000 0.00000000000 0.00000000000 0.23505861399
