VARIABLES=
"CoordinateX"
"CoordinateY"
"CoordinateZ"
"Kappa1"
"Kappa2"
"dy"
"dz"
"d2x"
"d2y"
"d2z"
"R"
ZONE T="Konrollpunkte"
I=101, J=1, K=1
0.06403796990 -0.00241740173 0.23872954086 0.00000000000 0.00000000000 0.00000000000 0.00000000000 0.00000000000 0.00000000000 0.00000000000 0.00000000000
0.06405529428 -0.00243834016 0.23872962673 0.00000000000 0.00000000000 0.00000000000 0.00000000000 0.00000000000 0.00000000000 0.00000000000 0.00000000000
0.06408416554 -0.00247323086 0.23872976579 0.00000000000 0.00000000000 0.00000000000 0.00000000000 0.00000000000 0.00000000000 0.00000000000 0.00000000000
0.06410726206 -0.00250114309 0.23872987336 0.00000000000 0.00000000000 0.00000000000 0.00000000000 0.00000000000 0.00000000000 0.00000000000 0.00000000000
0.06413035853 -0.00252905518 0.23872997767 0.00000000000 0.00000000000 0.00000000000 0.00000000000 0.00000000000 0.00000000000 0.00000000000 0.00000000000
0.06415345501 -0.00255696726 0.23873007872 0.00000000000 0.00000000000 0.00000000000 0.00000000000 0.00000000000 0.00000000000 0.00000000000 0.00000000000
0.06417655149 -0.00258487930 0.23873017650 0.00000000000 0.00000000000 0.00000000000 0.00000000000 0.00000000000 0.00000000000 0.00000000000 0.00000000000
0.06419964799 -0.00261279132 0.23873027102 0.00000000000 0.00000000000 0.00000000000 0.00000000000 0.00000000000 0.00000000000 0.00000000000 0.00000000000
0.06422274448 -0.00264070332 0.23873036228 0.00000000000 0.00000000000 0.00000000000 0.00000000000 0.00000000000 0.00000000000 0.00000000000 0.00000000000
0.06424584099 -0.00266861528 0.23873045028 0.00000000000 0.00000000000 0.00000000000 0.00000000000 0.00000000000 0.00000000000 0.00000000000 0.00000000000
0.06426893749 -0.00269652720 0.23873053502 0.00000000000 0.00000000000 0.00000000000 0.00000000000 0.00000000000 0.00000000000 0.00000000000 0.00000000000
0.06429203397 -0.00272443907 0.23873061649 0.00000000000 0.00000000000 0.00000000000 0.00000000000 0.00000000000 0.00000000000 0.00000000000 0.00000000000
0.06431513045 -0.00275235089 0.23873069470 0.00000000000 0.00000000000 0.00000000000 0.00000000000 0.00000000000 0.00000000000 0.00000000000 0.00000000000
0.06433822694 -0.00278026268 0.23873076965 0.00000000000 0.00000000000 0.00000000000 0.00000000000 0.00000000000 0.00000000000 0.00000000000 0.00000000000
0.06436132342 -0.00280817443 0.23873084134 0.00000000000 0.00000000000 0.00000000000 0.00000000000 0.00000000000 0.00000000000 0.00000000000 0.00000000000
0.06438441990 -0.00283608614 0.23873090976 0.00000000000 0.00000000000 0.00000000000 0.00000000000 0.00000000000 0.00000000000 0.00000000000 0.00000000000
0.06440751639 -0.00286399782 0.23873097492 0.00000000000 0.00000000000 0.00000000000 0.00000000000 0.00000000000 0.00000000000 0.00000000000 0.00000000000
0.06443061288 -0.00289190946 0.23873103682 0.00000000000 0.00000000000 0.00000000000 0.00000000000 0.00000000000 0.00000000000 0.00000000000 0.00000000000
0.06445370935 -0.00291982104 0.23873109546 0.00000000000 0.00000000000 0.00000000000 0.00000000000 0.00000000000 0.00000000000 0.00000000000 0.00000000000
0.06447680581 -0.00294773257 0.23873115083 0.00000000000 0.00000000000 0.00000000000 0.00000000000 0.00000000000 0.00000000000 0.00000000000 0.00000000000
0.06449990226 -0.00297564405 0.23873120295 0.00000000000 0.00000000000 0.00000000000 0.00000000000 0.00000000000 0.00000000000 0.00000000000 0.00000000000
0.06452299871 -0.00300355548 0.23873125180 0.00000000000 0.00000000000 0.00000000000 0.00000000000 0.00000000000 0.00000000000 0.00000000000 0.00000000000
0.06454609517 -0.00303146688 0.23873129739 0.00000000000 0.00000000000 0.00000000000 0.00000000000 0.00000000000 0.00000000000 0.00000000000 0.00000000000
0.06456919166 -0.00305937829 0.23873133971 0.00000000000 0.00000000000 0.00000000000 0.00000000000 0.00000000000 0.00000000000 0.00000000000 0.00000000000
0.06459228819 -0.00308728969 0.23873137878 0.00000000000 0.00000000000 0.00000000000 0.00000000000 0.00000000000 0.00000000000 0.00000000000 0.00000000000
0.06461538517 -0.00311520106 0.23873138721 0.00000000000 0.00000000000 0.00000000000 0.00000000000 0.00000000000 0.00000000000 0.00000000000 0.00000000000
0.06463848227 -0.00314311238 0.23873138554 0.00000000000 0.00000000000 0.00000000000 0.00000000000 0.00000000000 0.00000000000 0.00000000000 0.00000000000
0.06466157936 -0.00317102366 0.23873138062 0.00000000000 0.00000000000 0.00000000000 0.00000000000 0.00000000000 0.00000000000 0.00000000000 0.00000000000
0.06468467645 -0.00319893489 0.23873137243 0.00000000000 0.00000000000 0.00000000000 0.00000000000 0.00000000000 0.00000000000 0.00000000000 0.00000000000
0.06470777352 -0.00322684605 0.23873136098 0.00000000000 0.00000000000 0.00000000000 0.00000000000 0.00000000000 0.00000000000 0.00000000000 0.00000000000
0.06473087058 -0.00325475716 0.23873134627 0.00000000000 0.00000000000 0.00000000000 0.00000000000 0.00000000000 0.00000000000 0.00000000000 0.00000000000
0.06475396763 -0.00328266820 0.23873132829 0.00000000000 0.00000000000 0.00000000000 0.00000000000 0.00000000000 0.00000000000 0.00000000000 0.00000000000
0.06477706467 -0.00331057920 0.23873130706 0.00000000000 0.00000000000 0.00000000000 0.00000000000 0.00000000000 0.00000000000 0.00000000000 0.00000000000
0.06480016171 -0.00333849015 0.23873128256 0.00000000000 0.00000000000 0.00000000000 0.00000000000 0.00000000000 0.00000000000 0.00000000000 0.00000000000
0.06482325875 -0.00336640105 0.23873125480 0.00000000000 0.00000000000 0.00000000000 0.00000000000 0.00000000000 0.00000000000 0.00000000000 0.00000000000
0.06484635580 -0.00339431192 0.23873122377 0.00000000000 0.00000000000 0.00000000000 0.00000000000 0.00000000000 0.00000000000 0.00000000000 0.00000000000
0.06486945286 -0.00342222275 0.23873118949 0.00000000000 0.00000000000 0.00000000000 0.00000000000 0.00000000000 0.00000000000 0.00000000000 0.00000000000
0.06489254991 -0.00345013352 0.23873115194 0.00000000000 0.00000000000 0.00000000000 0.00000000000 0.00000000000 0.00000000000 0.00000000000 0.00000000000
0.06491564695 -0.00347804424 0.23873111114 0.00000000000 0.00000000000 0.00000000000 0.00000000000 0.00000000000 0.00000000000 0.00000000000 0.00000000000
0.06493874400 -0.00350595491 0.23873106707 0.00000000000 0.00000000000 0.00000000000 0.00000000000 0.00000000000 0.00000000000 0.00000000000 0.00000000000
0.06496184104 -0.00353386554 0.23873101974 0.00000000000 0.00000000000 0.00000000000 0.00000000000 0.00000000000 0.00000000000 0.00000000000 0.00000000000
0.06498493808 -0.00356177611 0.23873096914 0.00000000000 0.00000000000 0.00000000000 0.00000000000 0.00000000000 0.00000000000 0.00000000000 0.00000000000
0.06500803512 -0.00358968663 0.23873091529 0.00000000000 0.00000000000 0.00000000000 0.00000000000 0.00000000000 0.00000000000 0.00000000000 0.00000000000
0.06503113216 -0.00361759711 0.23873085817 0.00000000000 0.00000000000 0.00000000000 0.00000000000 0.00000000000 0.00000000000 0.00000000000 0.00000000000
0.06505422921 -0.00364550754 0.23873079779 0.00000000000 0.00000000000 0.00000000000 0.00000000000 0.00000000000 0.00000000000 0.00000000000 0.00000000000
0.06507732626 -0.00367341793 0.23873073415 0.00000000000 0.00000000000 0.00000000000 0.00000000000 0.00000000000 0.00000000000 0.00000000000 0.00000000000
0.06510042331 -0.00370132827 0.23873066725 0.00000000000 0.00000000000 0.00000000000 0.00000000000 0.00000000000 0.00000000000 0.00000000000 0.00000000000
0.06512352037 -0.00372923857 0.23873059708 0.00000000000 0.00000000000 0.00000000000 0.00000000000 0.00000000000 0.00000000000 0.00000000000 0.00000000000
0.06514661742 -0.00375714881 0.23873052366 0.00000000000 0.00000000000 0.00000000000 0.00000000000 0.00000000000 0.00000000000 0.00000000000 0.00000000000
0.06516971448 -0.00378505900 0.23873044697 0.00000000000 0.00000000000 0.00000000000 0.00000000000 0.00000000000 0.00000000000 0.00000000000 0.00000000000
0.06519281153 -0.00381296914 0.23873036702 0.00000000000 0.00000000000 0.00000000000 0.00000000000 0.00000000000 0.00000000000 0.00000000000 0.00000000000
0.06521590859 -0.00384087922 0.23873028381 0.00000000000 0.00000000000 0.00000000000 0.00000000000 0.00000000000 0.00000000000 0.00000000000 0.00000000000
0.06523900564 -0.00386878925 0.23873019734 0.00000000000 0.00000000000 0.00000000000 0.00000000000 0.00000000000 0.00000000000 0.00000000000 0.00000000000
0.06526210269 -0.00389669923 0.23873010760 0.00000000000 0.00000000000 0.00000000000 0.00000000000 0.00000000000 0.00000000000 0.00000000000 0.00000000000
0.06528519974 -0.00392460915 0.23873001461 0.00000000000 0.00000000000 0.00000000000 0.00000000000 0.00000000000 0.00000000000 0.00000000000 0.00000000000
0.06530829679 -0.00395251902 0.23872991835 0.00000000000 0.00000000000 0.00000000000 0.00000000000 0.00000000000 0.00000000000 0.00000000000 0.00000000000
0.06533139385 -0.00398042884 0.23872981883 0.00000000000 0.00000000000 0.00000000000 0.00000000000 0.00000000000 0.00000000000 0.00000000000 0.00000000000
0.06535449090 -0.00400833861 0.23872971605 0.00000000000 0.00000000000 0.00000000000 0.00000000000 0.00000000000 0.00000000000 0.00000000000 0.00000000000
0.06537758796 -0.00403624832 0.23872961001 0.00000000000 0.00000000000 0.00000000000 0.00000000000 0.00000000000 0.00000000000 0.00000000000 0.00000000000
0.06540068502 -0.00406415798 0.23872950071 0.00000000000 0.00000000000 0.00000000000 0.00000000000 0.00000000000 0.00000000000 0.00000000000 0.00000000000
0.06542378207 -0.00409206758 0.23872938814 0.00000000000 0.00000000000 0.00000000000 0.00000000000 0.00000000000 0.00000000000 0.00000000000 0.00000000000
0.06544687913 -0.00411997712 0.23872927232 0.00000000000 0.00000000000 0.00000000000 0.00000000000 0.00000000000 0.00000000000 0.00000000000 0.00000000000
0.06546997618 -0.00414788660 0.23872915323 0.00000000000 0.00000000000 0.00000000000 0.00000000000 0.00000000000 0.00000000000 0.00000000000 0.00000000000
0.06549307322 -0.00417579603 0.23872903088 0.00000000000 0.00000000000 0.00000000000 0.00000000000 0.00000000000 0.00000000000 0.00000000000 0.00000000000
0.06551617027 -0.00420370539 0.23872890527 0.00000000000 0.00000000000 0.00000000000 0.00000000000 0.00000000000 0.00000000000 0.00000000000 0.00000000000
0.06553926732 -0.00423161470 0.23872877640 0.00000000000 0.00000000000 0.00000000000 0.00000000000 0.00000000000 0.00000000000 0.00000000000 0.00000000000
0.06556236436 -0.00425952395 0.23872864427 0.00000000000 0.00000000000 0.00000000000 0.00000000000 0.00000000000 0.00000000000 0.00000000000 0.00000000000
0.06558546142 -0.00428743315 0.23872850887 0.00000000000 0.00000000000 0.00000000000 0.00000000000 0.00000000000 0.00000000000 0.00000000000 0.00000000000
0.06560855849 -0.00431534230 0.23872837022 0.00000000000 0.00000000000 0.00000000000 0.00000000000 0.00000000000 0.00000000000 0.00000000000 0.00000000000
0.06563165555 -0.00434325140 0.23872822830 0.00000000000 0.00000000000 0.00000000000 0.00000000000 0.00000000000 0.00000000000 0.00000000000 0.00000000000
0.06565475262 -0.00437116044 0.23872808312 0.00000000000 0.00000000000 0.00000000000 0.00000000000 0.00000000000 0.00000000000 0.00000000000 0.00000000000
0.06567784968 -0.00439906941 0.23872793469 0.00000000000 0.00000000000 0.00000000000 0.00000000000 0.00000000000 0.00000000000 0.00000000000 0.00000000000
0.06570094673 -0.00442697831 0.23872778299 0.00000000000 0.00000000000 0.00000000000 0.00000000000 0.00000000000 0.00000000000 0.00000000000 0.00000000000
0.06572404377 -0.00445488714 0.23872762803 0.00000000000 0.00000000000 0.00000000000 0.00000000000 0.00000000000 0.00000000000 0.00000000000 0.00000000000
0.06574714081 -0.00448279590 0.23872746980 0.00000000000 0.00000000000 0.00000000000 0.00000000000 0.00000000000 0.00000000000 0.00000000000 0.00000000000
0.06577023785 -0.00451070461 0.23872730832 0.00000000000 0.00000000000 0.00000000000 0.00000000000 0.00000000000 0.00000000000 0.00000000000 0.00000000000
0.06579333490 -0.00453861325 0.23872714358 0.00000000000 0.00000000000 0.00000000000 0.00000000000 0.00000000000 0.00000000000 0.00000000000 0.00000000000
0.06581643196 -0.00456652186 0.23872697557 0.00000000000 0.00000000000 0.00000000000 0.00000000000 0.00000000000 0.00000000000 0.00000000000 0.00000000000
0.06583952903 -0.00459443042 0.23872680430 0.00000000000 0.00000000000 0.00000000000 0.00000000000 0.00000000000 0.00000000000 0.00000000000 0.00000000000
0.06586262612 -0.00462233894 0.23872662977 0.00000000000 0.00000000000 0.00000000000 0.00000000000 0.00000000000 0.00000000000 0.00000000000 0.00000000000
0.06588572322 -0.00465024740 0.23872645199 0.00000000000 0.00000000000 0.00000000000 0.00000000000 0.00000000000 0.00000000000 0.00000000000 0.00000000000
0.06590882030 -0.00467815577 0.23872627094 0.00000000000 0.00000000000 0.00000000000 0.00000000000 0.00000000000 0.00000000000 0.00000000000 0.00000000000
0.06593191734 -0.00470606404 0.23872608663 0.00000000000 0.00000000000 0.00000000000 0.00000000000 0.00000000000 0.00000000000 0.00000000000 0.00000000000
0.06595501437 -0.00473397222 0.23872589905 0.00000000000 0.00000000000 0.00000000000 0.00000000000 0.00000000000 0.00000000000 0.00000000000 0.00000000000
0.06597811138 -0.00476188033 0.23872570822 0.00000000000 0.00000000000 0.00000000000 0.00000000000 0.00000000000 0.00000000000 0.00000000000 0.00000000000
0.06600120839 -0.00478978836 0.23872551413 0.00000000000 0.00000000000 0.00000000000 0.00000000000 0.00000000000 0.00000000000 0.00000000000 0.00000000000
0.06602430541 -0.00481769634 0.23872531678 0.00000000000 0.00000000000 0.00000000000 0.00000000000 0.00000000000 0.00000000000 0.00000000000 0.00000000000
0.06604740243 -0.00484560426 0.23872511616 0.00000000000 0.00000000000 0.00000000000 0.00000000000 0.00000000000 0.00000000000 0.00000000000 0.00000000000
0.06607049947 -0.00487351212 0.23872491229 0.00000000000 0.00000000000 0.00000000000 0.00000000000 0.00000000000 0.00000000000 0.00000000000 0.00000000000
0.06609359651 -0.00490141993 0.23872470515 0.00000000000 0.00000000000 0.00000000000 0.00000000000 0.00000000000 0.00000000000 0.00000000000 0.00000000000
0.06611669355 -0.00492932767 0.23872449475 0.00000000000 0.00000000000 0.00000000000 0.00000000000 0.00000000000 0.00000000000 0.00000000000 0.00000000000
0.06613979059 -0.00495723535 0.23872428109 0.00000000000 0.00000000000 0.00000000000 0.00000000000 0.00000000000 0.00000000000 0.00000000000 0.00000000000
0.06616288764 -0.00498514296 0.23872406417 0.00000000000 0.00000000000 0.00000000000 0.00000000000 0.00000000000 0.00000000000 0.00000000000 0.00000000000
0.06618598470 -0.00501305052 0.23872384399 0.00000000000 0.00000000000 0.00000000000 0.00000000000 0.00000000000 0.00000000000 0.00000000000 0.00000000000
0.06620908177 -0.00504095802 0.23872362055 0.00000000000 0.00000000000 0.00000000000 0.00000000000 0.00000000000 0.00000000000 0.00000000000 0.00000000000
0.06623217884 -0.00506886546 0.23872339385 0.00000000000 0.00000000000 0.00000000000 0.00000000000 0.00000000000 0.00000000000 0.00000000000 0.00000000000
0.06625527593 -0.00509677284 0.23872316389 0.00000000000 0.00000000000 0.00000000000 0.00000000000 0.00000000000 0.00000000000 0.00000000000 0.00000000000
0.06627837298 -0.00512468016 0.23872293067 0.00000000000 0.00000000000 0.00000000000 0.00000000000 0.00000000000 0.00000000000 0.00000000000 0.00000000000
0.06630147019 -0.00515258729 0.23872269419 0.00000000000 0.00000000000 0.00000000000 0.00000000000 0.00000000000 0.00000000000 0.00000000000 0.00000000000
0.06633034072 -0.00518747223 0.23872239397 0.00000000000 0.00000000000 0.00000000000 0.00000000000 0.00000000000 0.00000000000 0.00000000000 0.00000000000
0.06634767000 -0.00520839930 0.23872221158 0.00000000000 0.00000000000 0.00000000000 0.00000000000 0.00000000000 0.00000000000 0.00000000000 0.00000000000
ZONE T="NURB"
I=201, J=1, K=1
0.06403796990 -0.00241740173 0.23872954086 1.86169727522 0.00000000000 0.00000000000 0.00000000000 0.00000000000 0.00000000000 0.00000000000 0.23874177998
0.06404951878 -0.00243135960 0.23872959783 1.86194346371 0.00000000000 0.00000000000 0.00000000000 0.00000000000 0.00000000000 0.00000000000 0.23874197869
0.06406106738 -0.00244531668 0.23872965426 1.86218968925 0.00000000000 0.00000000000 0.00000000000 0.00000000000 0.00000000000 0.00000000000 0.23874217767
0.06407261569 -0.00245927295 0.23872971016 1.86243595185 0.00000000000 0.00000000000 0.00000000000 0.00000000000 0.00000000000 0.00000000000 0.23874237691
0.06408416389 -0.00247322889 0.23872976532 2.80234872576 0.00000000000 0.00000000000 0.00000000000 0.00000000000 0.00000000000 0.00000000000 0.23874257624
0.06409571214 -0.00248718496 0.23872981956 2.80228965442 0.00000000000 0.00000000000 0.00000000000 0.00000000000 0.00000000000 0.00000000000 0.23874277547
0.06410726040 -0.00250114108 0.23872987294 2.48539980173 0.00000000000 0.00000000000 0.00000000000 0.00000000000 0.00000000000 0.00000000000 0.23874297464
0.06411880866 -0.00251509716 0.23872992551 2.48541475948 0.00000000000 0.00000000000 0.00000000000 0.00000000000 0.00000000000 0.00000000000 0.23874317382
0.06413035691 -0.00252905322 0.23872997725 2.48566088674 0.00000000000 0.00000000000 0.00000000000 0.00000000000 0.00000000000 0.00000000000 0.23874337300
0.06414190516 -0.00254300927 0.23873002819 2.48566230275 0.00000000000 0.00000000000 0.00000000000 0.00000000000 0.00000000000 0.00000000000 0.23874357217
0.06415345341 -0.00255696533 0.23873007830 2.48558266941 0.00000000000 0.00000000000 0.00000000000 0.00000000000 0.00000000000 0.00000000000 0.23874377135
0.06416500167 -0.00257092137 0.23873012760 2.48558609335 0.00000000000 0.00000000000 0.00000000000 0.00000000000 0.00000000000 0.00000000000 0.23874397052
0.06417654992 -0.00258487740 0.23873017609 2.48558580495 0.00000000000 0.00000000000 0.00000000000 0.00000000000 0.00000000000 0.00000000000 0.23874416970
0.06418809818 -0.00259883343 0.23873022376 2.48558899181 0.00000000000 0.00000000000 0.00000000000 0.00000000000 0.00000000000 0.00000000000 0.23874436888
0.06419964644 -0.00261278945 0.23873027061 2.48557672441 0.00000000000 0.00000000000 0.00000000000 0.00000000000 0.00000000000 0.00000000000 0.23874456805
0.06421119470 -0.00262674546 0.23873031665 2.48557983902 0.00000000000 0.00000000000 0.00000000000 0.00000000000 0.00000000000 0.00000000000 0.23874476723
0.06422274295 -0.00264070146 0.23873036187 2.48556935184 0.00000000000 0.00000000000 0.00000000000 0.00000000000 0.00000000000 0.00000000000 0.23874496640
0.06423429121 -0.00265465746 0.23873040628 2.48557261655 0.00000000000 0.00000000000 0.00000000000 0.00000000000 0.00000000000 0.00000000000 0.23874516558
0.06424583947 -0.00266861344 0.23873044987 2.48556184016 0.00000000000 0.00000000000 0.00000000000 0.00000000000 0.00000000000 0.00000000000 0.23874536476
0.06425738773 -0.00268256942 0.23873049264 2.48556573226 0.00000000000 0.00000000000 0.00000000000 0.00000000000 0.00000000000 0.00000000000 0.23874556393
0.06426893599 -0.00269652538 0.23873053460 2.48555421930 0.00000000000 0.00000000000 0.00000000000 0.00000000000 0.00000000000 0.00000000000 0.23874576311
0.06428048425 -0.00271048134 0.23873057575 2.48555894490 0.00000000000 0.00000000000 0.00000000000 0.00000000000 0.00000000000 0.00000000000 0.23874596228
0.06429203250 -0.00272443728 0.23873061608 2.48554686721 0.00000000000 0.00000000000 0.00000000000 0.00000000000 0.00000000000 0.00000000000 0.23874616146
0.06430358076 -0.00273839322 0.23873065559 2.48555133271 0.00000000000 0.00000000000 0.00000000000 0.00000000000 0.00000000000 0.00000000000 0.23874636064
0.06431512901 -0.00275234914 0.23873069429 2.48553934105 0.00000000000 0.00000000000 0.00000000000 0.00000000000 0.00000000000 0.00000000000 0.23874655981
0.06432667726 -0.00276630505 0.23873073217 2.48554285292 0.00000000000 0.00000000000 0.00000000000 0.00000000000 0.00000000000 0.00000000000 0.23874675899
0.06433822552 -0.00278026096 0.23873076924 2.48553179264 0.00000000000 0.00000000000 0.00000000000 0.00000000000 0.00000000000 0.00000000000 0.23874695816
0.06434977377 -0.00279421685 0.23873080549 2.48553535812 0.00000000000 0.00000000000 0.00000000000 0.00000000000 0.00000000000 0.00000000000 0.23874715734
0.06436132203 -0.00280817274 0.23873084092 2.48552424120 0.00000000000 0.00000000000 0.00000000000 0.00000000000 0.00000000000 0.00000000000 0.23874735651
0.06437287028 -0.00282212862 0.23873087554 2.48552766270 0.00000000000 0.00000000000 0.00000000000 0.00000000000 0.00000000000 0.00000000000 0.23874755569
0.06438441854 -0.00283608448 0.23873090935 2.48551665792 0.00000000000 0.00000000000 0.00000000000 0.00000000000 0.00000000000 0.00000000000 0.23874775487
0.06439596679 -0.00285004034 0.23873094234 2.48552001766 0.00000000000 0.00000000000 0.00000000000 0.00000000000 0.00000000000 0.00000000000 0.23874795404
0.06440751505 -0.00286399619 0.23873097451 2.48550913450 0.00000000000 0.00000000000 0.00000000000 0.00000000000 0.00000000000 0.00000000000 0.23874815322
0.06441906330 -0.00287795203 0.23873100587 2.48551305571 0.00000000000 0.00000000000 0.00000000000 0.00000000000 0.00000000000 0.00000000000 0.23874835239
0.06443061156 -0.00289190786 0.23873103641 2.48550162401 0.00000000000 0.00000000000 0.00000000000 0.00000000000 0.00000000000 0.00000000000 0.23874855157
0.06444215981 -0.00290586368 0.23873106614 2.48550630838 0.00000000000 0.00000000000 0.00000000000 0.00000000000 0.00000000000 0.00000000000 0.23874875075
0.06445370806 -0.00291981948 0.23873109505 2.48549418160 0.00000000000 0.00000000000 0.00000000000 0.00000000000 0.00000000000 0.00000000000 0.23874894992
0.06446525631 -0.00293377527 0.23873112314 2.48549904469 0.00000000000 0.00000000000 0.00000000000 0.00000000000 0.00000000000 0.00000000000 0.23874914910
0.06447680456 -0.00294773105 0.23873115042 2.48548665683 0.00000000000 0.00000000000 0.00000000000 0.00000000000 0.00000000000 0.00000000000 0.23874934827
0.06448835281 -0.00296168682 0.23873117689 2.48549118878 0.00000000000 0.00000000000 0.00000000000 0.00000000000 0.00000000000 0.00000000000 0.23874954745
0.06449990105 -0.00297564258 0.23873120254 2.48547929353 0.00000000000 0.00000000000 0.00000000000 0.00000000000 0.00000000000 0.00000000000 0.23874974662
0.06451144930 -0.00298959833 0.23873122737 2.48548332106 0.00000000000 0.00000000000 0.00000000000 0.00000000000 0.00000000000 0.00000000000 0.23874994580
0.06452299754 -0.00300355406 0.23873125139 2.48547182474 0.00000000000 0.00000000000 0.00000000000 0.00000000000 0.00000000000 0.00000000000 0.23875014498
0.06453454579 -0.00301750979 0.23873127459 2.48547450793 0.00000000000 0.00000000000 0.00000000000 0.00000000000 0.00000000000 0.00000000000 0.23875034415
0.06454609404 -0.00303146551 0.23873129698 2.48546431620 0.00000000000 0.00000000000 0.00000000000 0.00000000000 0.00000000000 0.00000000000 0.23875054333
0.06455764229 -0.00304542123 0.23873131855 2.48546514950 0.00000000000 0.00000000000 0.00000000000 0.00000000000 0.00000000000 0.00000000000 0.23875074250
0.06456919055 -0.00305937694 0.23873133930 2.48545641677 0.00000000000 0.00000000000 0.00000000000 0.00000000000 0.00000000000 0.00000000000 0.23875094168
0.06458073882 -0.00307333265 0.23873135924 2.48545716596 0.00000000000 0.00000000000 0.00000000000 0.00000000000 0.00000000000 0.00000000000 0.23875114086
0.06459228714 -0.00308728835 0.23873137495 23.34391622746 0.00000000000 0.00000000000 0.00000000000 0.00000000000 0.00000000000 0.00000000000 0.23875133661
0.06460383558 -0.00310124404 0.23873138299 23.34367753195 0.00000000000 0.00000000000 0.00000000000 0.00000000000 0.00000000000 0.00000000000 0.23875152552
0.06461538408 -0.00311519972 0.23873138594 7.68946286707 0.00000000000 0.00000000000 0.00000000000 0.00000000000 0.00000000000 0.00000000000 0.23875171016
0.06462693262 -0.00312915539 0.23873138637 7.68945091014 0.00000000000 0.00000000000 0.00000000000 0.00000000000 0.00000000000 0.00000000000 0.23875189309
0.06463848117 -0.00314311105 0.23873138513 2.48549183080 0.00000000000 0.00000000000 0.00000000000 0.00000000000 0.00000000000 0.00000000000 0.23875207516
0.06465002972 -0.00315706669 0.23873138308 2.48549529423 0.00000000000 0.00000000000 0.00000000000 0.00000000000 0.00000000000 0.00000000000 0.23875225724
0.06466157827 -0.00317102233 0.23873138021 2.48548498507 0.00000000000 0.00000000000 0.00000000000 0.00000000000 0.00000000000 0.00000000000 0.23875243932
0.06467312681 -0.00318497795 0.23873137652 2.48548914084 0.00000000000 0.00000000000 0.00000000000 0.00000000000 0.00000000000 0.00000000000 0.23875262139
0.06468467536 -0.00319893356 0.23873137202 2.48547820968 0.00000000000 0.00000000000 0.00000000000 0.00000000000 0.00000000000 0.00000000000 0.23875280347
0.06469622390 -0.00321288916 0.23873136670 2.48548273093 0.00000000000 0.00000000000 0.00000000000 0.00000000000 0.00000000000 0.00000000000 0.23875298554
0.06470777245 -0.00322684475 0.23873136057 2.48547135266 0.00000000000 0.00000000000 0.00000000000 0.00000000000 0.00000000000 0.00000000000 0.23875316762
0.06471932099 -0.00324080032 0.23873135362 2.48547593392 0.00000000000 0.00000000000 0.00000000000 0.00000000000 0.00000000000 0.00000000000 0.23875334969
0.06473086952 -0.00325475587 0.23873134586 2.48546451375 0.00000000000 0.00000000000 0.00000000000 0.00000000000 0.00000000000 0.00000000000 0.23875353177
0.06474241806 -0.00326871142 0.23873133728 2.48546878255 0.00000000000 0.00000000000 0.00000000000 0.00000000000 0.00000000000 0.00000000000 0.23875371384
0.06475396660 -0.00328266695 0.23873132788 2.48545766131 0.00000000000 0.00000000000 0.00000000000 0.00000000000 0.00000000000 0.00000000000 0.23875389592
0.06476551513 -0.00329662247 0.23873131767 2.48546162255 0.00000000000 0.00000000000 0.00000000000 0.00000000000 0.00000000000 0.00000000000 0.23875407799
0.06477706367 -0.00331057798 0.23873130665 2.48545081529 0.00000000000 0.00000000000 0.00000000000 0.00000000000 0.00000000000 0.00000000000 0.23875426007
0.06478861220 -0.00332453348 0.23873129481 2.48545424096 0.00000000000 0.00000000000 0.00000000000 0.00000000000 0.00000000000 0.00000000000 0.23875444214
0.06480016074 -0.00333848896 0.23873128215 2.48544381000 0.00000000000 0.00000000000 0.00000000000 0.00000000000 0.00000000000 0.00000000000 0.23875462422
0.06481170927 -0.00335244444 0.23873126868 2.48544676150 0.00000000000 0.00000000000 0.00000000000 0.00000000000 0.00000000000 0.00000000000 0.23875480629
0.06482325781 -0.00336639990 0.23873125439 2.48543700347 0.00000000000 0.00000000000 0.00000000000 0.00000000000 0.00000000000 0.00000000000 0.23875498837
0.06483480635 -0.00338035536 0.23873123929 2.48543976255 0.00000000000 0.00000000000 0.00000000000 0.00000000000 0.00000000000 0.00000000000 0.23875517044
0.06484635488 -0.00339431080 0.23873122337 2.48543006445 0.00000000000 0.00000000000 0.00000000000 0.00000000000 0.00000000000 0.00000000000 0.23875535252
0.06485790342 -0.00340826624 0.23873120663 2.48543306540 0.00000000000 0.00000000000 0.00000000000 0.00000000000 0.00000000000 0.00000000000 0.23875553459
0.06486945196 -0.00342222166 0.23873118908 2.48542315320 0.00000000000 0.00000000000 0.00000000000 0.00000000000 0.00000000000 0.00000000000 0.23875571667
0.06488100050 -0.00343617707 0.23873117072 2.48542685150 0.00000000000 0.00000000000 0.00000000000 0.00000000000 0.00000000000 0.00000000000 0.23875589875
0.06489254904 -0.00345013246 0.23873115154 2.48541642471 0.00000000000 0.00000000000 0.00000000000 0.00000000000 0.00000000000 0.00000000000 0.23875608082
0.06490409757 -0.00346408785 0.23873113154 2.48542042710 0.00000000000 0.00000000000 0.00000000000 0.00000000000 0.00000000000 0.00000000000 0.23875626290
0.06491564611 -0.00347804322 0.23873111073 2.48540948218 0.00000000000 0.00000000000 0.00000000000 0.00000000000 0.00000000000 0.00000000000 0.23875644497
0.06492719464 -0.00349199857 0.23873108910 2.48541305225 0.00000000000 0.00000000000 0.00000000000 0.00000000000 0.00000000000 0.00000000000 0.23875662705
0.06493874318 -0.00350595392 0.23873106666 2.48540262324 0.00000000000 0.00000000000 0.00000000000 0.00000000000 0.00000000000 0.00000000000 0.23875680912
0.06495029171 -0.00351990925 0.23873104340 2.48540609922 0.00000000000 0.00000000000 0.00000000000 0.00000000000 0.00000000000 0.00000000000 0.23875699120
0.06496184025 -0.00353386458 0.23873101933 2.48539577359 0.00000000000 0.00000000000 0.00000000000 0.00000000000 0.00000000000 0.00000000000 0.23875717327
0.06497338878 -0.00354781989 0.23873099444 2.48539917667 0.00000000000 0.00000000000 0.00000000000 0.00000000000 0.00000000000 0.00000000000 0.23875735535
0.06498493732 -0.00356177518 0.23873096874 2.48538894043 0.00000000000 0.00000000000 0.00000000000 0.00000000000 0.00000000000 0.00000000000 0.23875753742
0.06499648585 -0.00357573047 0.23873094222 2.48539227710 0.00000000000 0.00000000000 0.00000000000 0.00000000000 0.00000000000 0.00000000000 0.23875771950
0.06500803439 -0.00358968574 0.23873091488 2.48538200628 0.00000000000 0.00000000000 0.00000000000 0.00000000000 0.00000000000 0.00000000000 0.23875790157
0.06501958292 -0.00360364101 0.23873088673 2.48538512993 0.00000000000 0.00000000000 0.00000000000 0.00000000000 0.00000000000 0.00000000000 0.23875808365
0.06503113146 -0.00361759626 0.23873085776 2.48537510172 0.00000000000 0.00000000000 0.00000000000 0.00000000000 0.00000000000 0.00000000000 0.23875826572
0.06504267999 -0.00363155149 0.23873082798 2.48537811713 0.00000000000 0.00000000000 0.00000000000 0.00000000000 0.00000000000 0.00000000000 0.23875844780
0.06505422853 -0.00364550672 0.23873079738 2.48536821538 0.00000000000 0.00000000000 0.00000000000 0.00000000000 0.00000000000 0.00000000000 0.23875862987
0.06506577707 -0.00365946194 0.23873076597 2.48537125700 0.00000000000 0.00000000000 0.00000000000 0.00000000000 0.00000000000 0.00000000000 0.23875881195
0.06507732561 -0.00367341714 0.23873073374 2.48536140242 0.00000000000 0.00000000000 0.00000000000 0.00000000000 0.00000000000 0.00000000000 0.23875899402
0.06508887414 -0.00368737233 0.23873070070 2.48536450542 0.00000000000 0.00000000000 0.00000000000 0.00000000000 0.00000000000 0.00000000000 0.23875917610
0.06510042268 -0.00370132751 0.23873066684 2.48535439579 0.00000000000 0.00000000000 0.00000000000 0.00000000000 0.00000000000 0.00000000000 0.23875935817
0.06511197122 -0.00371528267 0.23873063217 2.48535759009 0.00000000000 0.00000000000 0.00000000000 0.00000000000 0.00000000000 0.00000000000 0.23875954025
0.06512351976 -0.00372923783 0.23873059668 2.48534761905 0.00000000000 0.00000000000 0.00000000000 0.00000000000 0.00000000000 0.00000000000 0.23875972232
0.06513506830 -0.00374319297 0.23873056037 2.48535094669 0.00000000000 0.00000000000 0.00000000000 0.00000000000 0.00000000000 0.00000000000 0.23875990440
0.06514661684 -0.00375714810 0.23873052325 2.48534072684 0.00000000000 0.00000000000 0.00000000000 0.00000000000 0.00000000000 0.00000000000 0.23876008648
0.06515816538 -0.00377110321 0.23873048532 2.48534416947 0.00000000000 0.00000000000 0.00000000000 0.00000000000 0.00000000000 0.00000000000 0.23876026855
0.06516971392 -0.00378505831 0.23873044656 2.48533382261 0.00000000000 0.00000000000 0.00000000000 0.00000000000 0.00000000000 0.00000000000 0.23876045063
0.06518126246 -0.00379901340 0.23873040700 2.48533729858 0.00000000000 0.00000000000 0.00000000000 0.00000000000 0.00000000000 0.00000000000 0.23876063270
0.06519281099 -0.00381296848 0.23873036662 2.48532696026 0.00000000000 0.00000000000 0.00000000000 0.00000000000 0.00000000000 0.00000000000 0.23876081478
0.06520435953 -0.00382692354 0.23873032542 2.48533045921 0.00000000000 0.00000000000 0.00000000000 0.00000000000 0.00000000000 0.00000000000 0.23876099685
0.06521590807 -0.00384087859 0.23873028340 2.48532012999 0.00000000000 0.00000000000 0.00000000000 0.00000000000 0.00000000000 0.00000000000 0.23876117893
0.06522745661 -0.00385483363 0.23873024058 2.48532361755 0.00000000000 0.00000000000 0.00000000000 0.00000000000 0.00000000000 0.00000000000 0.23876136100
0.06523900515 -0.00386878865 0.23873019693 2.48531330590 0.00000000000 0.00000000000 0.00000000000 0.00000000000 0.00000000000 0.00000000000 0.23876154308
0.06525055368 -0.00388274366 0.23873015247 2.48531675047 0.00000000000 0.00000000000 0.00000000000 0.00000000000 0.00000000000 0.00000000000 0.23876172515
0.06526210222 -0.00389669865 0.23873010720 2.48530626274 0.00000000000 0.00000000000 0.00000000000 0.00000000000 0.00000000000 0.00000000000 0.23876190723
0.06527365076 -0.00391065364 0.23873006111 2.48530962835 0.00000000000 0.00000000000 0.00000000000 0.00000000000 0.00000000000 0.00000000000 0.23876208930
0.06528519930 -0.00392460861 0.23873001420 2.48529958303 0.00000000000 0.00000000000 0.00000000000 0.00000000000 0.00000000000 0.00000000000 0.23876227138
0.06529674783 -0.00393856356 0.23872996648 2.48530287405 0.00000000000 0.00000000000 0.00000000000 0.00000000000 0.00000000000 0.00000000000 0.23876245345
0.06530829637 -0.00395251851 0.23872991795 2.48529261417 0.00000000000 0.00000000000 0.00000000000 0.00000000000 0.00000000000 0.00000000000 0.23876263553
0.06531984491 -0.00396647344 0.23872986859 2.48529583335 0.00000000000 0.00000000000 0.00000000000 0.00000000000 0.00000000000 0.00000000000 0.23876281760
0.06533139345 -0.00398042835 0.23872981843 2.48528573903 0.00000000000 0.00000000000 0.00000000000 0.00000000000 0.00000000000 0.00000000000 0.23876299968
0.06534294199 -0.00399438325 0.23872976744 2.48528896485 0.00000000000 0.00000000000 0.00000000000 0.00000000000 0.00000000000 0.00000000000 0.23876318175
0.06535449053 -0.00400833814 0.23872971565 2.48527887616 0.00000000000 0.00000000000 0.00000000000 0.00000000000 0.00000000000 0.00000000000 0.23876336383
0.06536603906 -0.00402229302 0.23872966303 2.48528214475 0.00000000000 0.00000000000 0.00000000000 0.00000000000 0.00000000000 0.00000000000 0.23876354591
0.06537758760 -0.00403624788 0.23872960961 2.48527198734 0.00000000000 0.00000000000 0.00000000000 0.00000000000 0.00000000000 0.00000000000 0.23876372798
0.06538913614 -0.00405020273 0.23872955536 2.48527529234 0.00000000000 0.00000000000 0.00000000000 0.00000000000 0.00000000000 0.00000000000 0.23876391006
0.06540068468 -0.00406415757 0.23872950030 2.48526512662 0.00000000000 0.00000000000 0.00000000000 0.00000000000 0.00000000000 0.00000000000 0.23876409213
0.06541223322 -0.00407811239 0.23872944443 2.48526853768 0.00000000000 0.00000000000 0.00000000000 0.00000000000 0.00000000000 0.00000000000 0.23876427421
0.06542378176 -0.00409206719 0.23872938774 2.48525828527 0.00000000000 0.00000000000 0.00000000000 0.00000000000 0.00000000000 0.00000000000 0.23876445628
0.06543533030 -0.00410602199 0.23872933023 2.48526184051 0.00000000000 0.00000000000 0.00000000000 0.00000000000 0.00000000000 0.00000000000 0.23876463836
0.06544687884 -0.00411997676 0.23872927191 2.48525129430 0.00000000000 0.00000000000 0.00000000000 0.00000000000 0.00000000000 0.00000000000 0.23876482043
0.06545842737 -0.00413393153 0.23872921278 2.48525492306 0.00000000000 0.00000000000 0.00000000000 0.00000000000 0.00000000000 0.00000000000 0.23876500251
0.06546997591 -0.00414788628 0.23872915282 2.48524450786 0.00000000000 0.00000000000 0.00000000000 0.00000000000 0.00000000000 0.00000000000 0.23876518458
0.06548152445 -0.00416184101 0.23872909206 2.48524812029 0.00000000000 0.00000000000 0.00000000000 0.00000000000 0.00000000000 0.00000000000 0.23876536666
0.06549307299 -0.00417579573 0.23872903048 2.48523769803 0.00000000000 0.00000000000 0.00000000000 0.00000000000 0.00000000000 0.00000000000 0.23876554873
0.06550462152 -0.00418975044 0.23872896808 2.48524128957 0.00000000000 0.00000000000 0.00000000000 0.00000000000 0.00000000000 0.00000000000 0.23876573081
0.06551617006 -0.00420370513 0.23872890487 2.48523074980 0.00000000000 0.00000000000 0.00000000000 0.00000000000 0.00000000000 0.00000000000 0.23876591288
0.06552771859 -0.00421765980 0.23872884084 2.48523420560 0.00000000000 0.00000000000 0.00000000000 0.00000000000 0.00000000000 0.00000000000 0.23876609496
0.06553926713 -0.00423161446 0.23872877599 2.48522402889 0.00000000000 0.00000000000 0.00000000000 0.00000000000 0.00000000000 0.00000000000 0.23876627703
0.06555081567 -0.00424556911 0.23872871034 2.48522718433 0.00000000000 0.00000000000 0.00000000000 0.00000000000 0.00000000000 0.00000000000 0.23876645911
0.06556236420 -0.00425952375 0.23872864386 2.48521704713 0.00000000000 0.00000000000 0.00000000000 0.00000000000 0.00000000000 0.00000000000 0.23876664118
0.06557391274 -0.00427347837 0.23872857657 2.48521956145 0.00000000000 0.00000000000 0.00000000000 0.00000000000 0.00000000000 0.00000000000 0.23876682326
0.06558546128 -0.00428743297 0.23872850847 2.48521005832 0.00000000000 0.00000000000 0.00000000000 0.00000000000 0.00000000000 0.00000000000 0.23876700533
0.06559700982 -0.00430138757 0.23872843955 2.48521262050 0.00000000000 0.00000000000 0.00000000000 0.00000000000 0.00000000000 0.00000000000 0.23876718741
0.06560855836 -0.00431534215 0.23872836981 2.48520316124 0.00000000000 0.00000000000 0.00000000000 0.00000000000 0.00000000000 0.00000000000 0.23876736949
0.06562010691 -0.00432929672 0.23872829926 2.48520650943 0.00000000000 0.00000000000 0.00000000000 0.00000000000 0.00000000000 0.00000000000 0.23876755156
0.06563165545 -0.00434325127 0.23872822790 2.48519630448 0.00000000000 0.00000000000 0.00000000000 0.00000000000 0.00000000000 0.00000000000 0.23876773364
0.06564320399 -0.00435720580 0.23872815571 2.48519984124 0.00000000000 0.00000000000 0.00000000000 0.00000000000 0.00000000000 0.00000000000 0.23876791571
0.06565475253 -0.00437116032 0.23872808272 2.48518951945 0.00000000000 0.00000000000 0.00000000000 0.00000000000 0.00000000000 0.00000000000 0.23876809779
0.06566630107 -0.00438511483 0.23872800891 2.48519335740 0.00000000000 0.00000000000 0.00000000000 0.00000000000 0.00000000000 0.00000000000 0.23876827986
0.06567784961 -0.00439906932 0.23872793428 2.48518259333 0.00000000000 0.00000000000 0.00000000000 0.00000000000 0.00000000000 0.00000000000 0.23876846194
0.06568939815 -0.00441302379 0.23872785884 2.48518650429 0.00000000000 0.00000000000 0.00000000000 0.00000000000 0.00000000000 0.00000000000 0.23876864401
0.06570094669 -0.00442697825 0.23872778258 2.48517584226 0.00000000000 0.00000000000 0.00000000000 0.00000000000 0.00000000000 0.00000000000 0.23876882609
0.06571249522 -0.00444093269 0.23872770551 2.48517985175 0.00000000000 0.00000000000 0.00000000000 0.00000000000 0.00000000000 0.00000000000 0.23876900816
0.06572404376 -0.00445488711 0.23872762762 2.48516895349 0.00000000000 0.00000000000 0.00000000000 0.00000000000 0.00000000000 0.00000000000 0.23876919024
0.06573559229 -0.00446884152 0.23872754891 2.48517286154 0.00000000000 0.00000000000 0.00000000000 0.00000000000 0.00000000000 0.00000000000 0.23876937231
0.06574714083 -0.00448279591 0.23872746940 2.48516210497 0.00000000000 0.00000000000 0.00000000000 0.00000000000 0.00000000000 0.00000000000 0.23876955439
0.06575868936 -0.00449675029 0.23872738906 2.48515242013 0.00000000000 0.00000000000 0.00000000000 0.00000000000 0.00000000000 0.00000000000 0.23876973646
0.06577023790 -0.00451070465 0.23872730791 2.48515519368 0.00000000000 0.00000000000 0.00000000000 0.00000000000 0.00000000000 0.00000000000 0.23876991854
0.06578178643 -0.00452465900 0.23872722595 2.48514610659 0.00000000000 0.00000000000 0.00000000000 0.00000000000 0.00000000000 0.00000000000 0.23877010061
0.06579333497 -0.00453861333 0.23872714317 2.48514839469 0.00000000000 0.00000000000 0.00000000000 0.00000000000 0.00000000000 0.00000000000 0.23877028269
0.06580488351 -0.00455256765 0.23872705957 2.48513951037 0.00000000000 0.00000000000 0.00000000000 0.00000000000 0.00000000000 0.00000000000 0.23877046476
0.06581643205 -0.00456652196 0.23872697516 2.48514149793 0.00000000000 0.00000000000 0.00000000000 0.00000000000 0.00000000000 0.00000000000 0.23877064684
0.06582798059 -0.00458047625 0.23872688994 2.48513267527 0.00000000000 0.00000000000 0.00000000000 0.00000000000 0.00000000000 0.00000000000 0.23877082892
0.06583952913 -0.00459443053 0.23872680389 2.48513452874 0.00000000000 0.00000000000 0.00000000000 0.00000000000 0.00000000000 0.00000000000 0.23877101099
0.06585107768 -0.00460838480 0.23872671704 2.48512485752 0.00000000000 0.00000000000 0.00000000000 0.00000000000 0.00000000000 0.00000000000 0.23877119307
0.06586262623 -0.00462233906 0.23872662937 2.48512746762 0.00000000000 0.00000000000 0.00000000000 0.00000000000 0.00000000000 0.00000000000 0.23877137514
0.06587417478 -0.00463629330 0.23872654088 2.48511516050 0.00000000000 0.00000000000 0.00000000000 0.00000000000 0.00000000000 0.00000000000 0.23877155722
0.06588572333 -0.00465024752 0.23872645158 2.48512056137 0.00000000000 0.00000000000 0.00000000000 0.00000000000 0.00000000000 0.00000000000 0.23877173929
0.06589727188 -0.00466420172 0.23872636146 2.48510764797 0.00000000000 0.00000000000 0.00000000000 0.00000000000 0.00000000000 0.00000000000 0.23877192137
0.06590882042 -0.00467815591 0.23872627053 2.48511393562 0.00000000000 0.00000000000 0.00000000000 0.00000000000 0.00000000000 0.00000000000 0.23877210344
0.06592036896 -0.00469211007 0.23872617878 2.48510209506 0.00000000000 0.00000000000 0.00000000000 0.00000000000 0.00000000000 0.00000000000 0.23877228552
0.06593191749 -0.00470606421 0.23872608622 2.48510721424 0.00000000000 0.00000000000 0.00000000000 0.00000000000 0.00000000000 0.00000000000 0.23877246759
0.06594346602 -0.00472001833 0.23872599284 2.48509641358 0.00000000000 0.00000000000 0.00000000000 0.00000000000 0.00000000000 0.00000000000 0.23877264967
0.06595501455 -0.00473397243 0.23872589865 2.48510037803 0.00000000000 0.00000000000 0.00000000000 0.00000000000 0.00000000000 0.00000000000 0.23877283174
0.06596656308 -0.00474792652 0.23872580364 2.48508958141 0.00000000000 0.00000000000 0.00000000000 0.00000000000 0.00000000000 0.00000000000 0.23877301382
0.06597811161 -0.00476188059 0.23872570781 2.48509337776 0.00000000000 0.00000000000 0.00000000000 0.00000000000 0.00000000000 0.00000000000 0.23877319589
0.06598966014 -0.00477583464 0.23872561117 2.48508364108 0.00000000000 0.00000000000 0.00000000000 0.00000000000 0.00000000000 0.00000000000 0.23877337797
0.06600120866 -0.00478978868 0.23872551372 2.48508654674 0.00000000000 0.00000000000 0.00000000000 0.00000000000 0.00000000000 0.00000000000 0.23877356004
0.06601275719 -0.00480374270 0.23872541545 2.48507708097 0.00000000000 0.00000000000 0.00000000000 0.00000000000 0.00000000000 0.00000000000 0.23877374212
0.06602430572 -0.00481769670 0.23872531637 2.48507954749 0.00000000000 0.00000000000 0.00000000000 0.00000000000 0.00000000000 0.00000000000 0.23877392419
0.06603585425 -0.00483165070 0.23872521647 2.48506995464 0.00000000000 0.00000000000 0.00000000000 0.00000000000 0.00000000000 0.00000000000 0.23877410627
0.06604740278 -0.00484560467 0.23872511575 2.48507274860 0.00000000000 0.00000000000 0.00000000000 0.00000000000 0.00000000000 0.00000000000 0.23877428834
0.06605895132 -0.00485955863 0.23872501422 2.48506276215 0.00000000000 0.00000000000 0.00000000000 0.00000000000 0.00000000000 0.00000000000 0.23877447042
0.06607049985 -0.00487351258 0.23872491187 2.48506579462 0.00000000000 0.00000000000 0.00000000000 0.00000000000 0.00000000000 0.00000000000 0.23877465250
0.06608204838 -0.00488746650 0.23872480871 2.48505604846 0.00000000000 0.00000000000 0.00000000000 0.00000000000 0.00000000000 0.00000000000 0.23877483457
0.06609359692 -0.00490142042 0.23872470474 2.48505903267 0.00000000000 0.00000000000 0.00000000000 0.00000000000 0.00000000000 0.00000000000 0.23877501665
0.06610514545 -0.00491537431 0.23872459995 2.48504886983 0.00000000000 0.00000000000 0.00000000000 0.00000000000 0.00000000000 0.00000000000 0.23877519872
0.06611669399 -0.00492932819 0.23872449434 2.48505201430 0.00000000000 0.00000000000 0.00000000000 0.00000000000 0.00000000000 0.00000000000 0.23877538080
0.06612824252 -0.00494328206 0.23872438792 2.48504198101 0.00000000000 0.00000000000 0.00000000000 0.00000000000 0.00000000000 0.00000000000 0.23877556287
0.06613979106 -0.00495723590 0.23872428068 2.48504523401 0.00000000000 0.00000000000 0.00000000000 0.00000000000 0.00000000000 0.00000000000 0.23877574495
0.06615133960 -0.00497118973 0.23872417263 2.48503603099 0.00000000000 0.00000000000 0.00000000000 0.00000000000 0.00000000000 0.00000000000 0.23877592702
0.06616288813 -0.00498514355 0.23872406376 2.48503865162 0.00000000000 0.00000000000 0.00000000000 0.00000000000 0.00000000000 0.00000000000 0.23877610910
0.06617443667 -0.00499909735 0.23872395408 2.48502751867 0.00000000000 0.00000000000 0.00000000000 0.00000000000 0.00000000000 0.00000000000 0.23877629117
0.06618598521 -0.00501305113 0.23872384358 2.48502977568 0.00000000000 0.00000000000 0.00000000000 0.00000000000 0.00000000000 0.00000000000 0.23877647325
0.06619753375 -0.00502700490 0.23872373227 2.48503142265 0.00000000000 0.00000000000 0.00000000000 0.00000000000 0.00000000000 0.00000000000 0.23877665532
0.06620908230 -0.00504095865 0.23872362014 2.48503420469 0.00000000000 0.00000000000 0.00000000000 0.00000000000 0.00000000000 0.00000000000 0.23877683740
0.06622063084 -0.00505491239 0.23872350720 2.48496248537 0.00000000000 0.00000000000 0.00000000000 0.00000000000 0.00000000000 0.00000000000 0.23877701947
0.06623217939 -0.00506886611 0.23872339344 2.48496592715 0.00000000000 0.00000000000 0.00000000000 0.00000000000 0.00000000000 0.00000000000 0.23877720155
0.06624372793 -0.00508281981 0.23872327887 2.48547760611 0.00000000000 0.00000000000 0.00000000000 0.00000000000 0.00000000000 0.00000000000 0.23877738362
0.06625527647 -0.00509677350 0.23872316348 2.48548131878 0.00000000000 0.00000000000 0.00000000000 0.00000000000 0.00000000000 0.00000000000 0.23877756570
0.06626682501 -0.00511072717 0.23872304727 2.48799499115 0.00000000000 0.00000000000 0.00000000000 0.00000000000 0.00000000000 0.00000000000 0.23877774777
0.06627837356 -0.00512468082 0.23872293026 2.48799621707 0.00000000000 0.00000000000 0.00000000000 0.00000000000 0.00000000000 0.00000000000 0.23877792985
0.06628992216 -0.00513863441 0.23872281242 2.95029683640 0.00000000000 0.00000000000 0.00000000000 0.00000000000 0.00000000000 0.00000000000 0.23877811193
0.06630147064 -0.00515258806 0.23872269372 2.95032547459 0.00000000000 0.00000000000 0.00000000000 0.00000000000 0.00000000000 0.00000000000 0.23877829395
0.06631301887 -0.00516654183 0.23872257410 5.53328884179 0.00000000000 0.00000000000 0.00000000000 0.00000000000 0.00000000000 0.00000000000 0.23877847587
0.06632456772 -0.00518049522 0.23872245376 5.53303319787 0.00000000000 0.00000000000 0.00000000000 0.00000000000 0.00000000000 0.00000000000 0.23877865788
0.06633611810 -0.00519444771 0.23872233292 5.53277740298 0.00000000000 0.00000000000 0.00000000000 0.00000000000 0.00000000000 0.00000000000 0.23877884019
0.06634767000 -0.00520839930 0.23872221158 5.53252145715 0.00000000000 0.00000000000 0.00000000000 0.00000000000 0.00000000000 0.00000000000 0.23877902279
