VARIABLES=
"CoordinateX"
"CoordinateY"
"CoordinateZ"
"Kappa1"
"Kappa2"
"dy"
"dz"
"d2x"
"d2y"
"d2z"
"R"
ZONE T="Konrollpunkte"
I=101, J=1, K=1
0.00851570445 0.01008246035 0.24381246278 0.00000000000 0.00000000000 0.00000000000 0.00000000000 0.00000000000 0.00000000000 0.00000000000 0.00000000000
0.00850751703 0.01008986936 0.24381223634 0.00000000000 0.00000000000 0.00000000000 0.00000000000 0.00000000000 0.00000000000 0.00000000000 0.00000000000
0.00849857477 0.01009796356 0.24381198868 0.00000000000 0.00000000000 0.00000000000 0.00000000000 0.00000000000 0.00000000000 0.00000000000 0.00000000000
0.00849315545 0.01010287010 0.24381183841 0.00000000000 0.00000000000 0.00000000000 0.00000000000 0.00000000000 0.00000000000 0.00000000000 0.00000000000
0.00848612721 0.01010923514 0.24381164330 0.00000000000 0.00000000000 0.00000000000 0.00000000000 0.00000000000 0.00000000000 0.00000000000 0.00000000000
0.00847858618 0.01011606633 0.24381143370 0.00000000000 0.00000000000 0.00000000000 0.00000000000 0.00000000000 0.00000000000 0.00000000000 0.00000000000
0.00847111393 0.01012283709 0.24381122575 0.00000000000 0.00000000000 0.00000000000 0.00000000000 0.00000000000 0.00000000000 0.00000000000 0.00000000000
0.00846367692 0.01012957772 0.24381101851 0.00000000000 0.00000000000 0.00000000000 0.00000000000 0.00000000000 0.00000000000 0.00000000000 0.00000000000
0.00845624693 0.01013631374 0.24381081121 0.00000000000 0.00000000000 0.00000000000 0.00000000000 0.00000000000 0.00000000000 0.00000000000 0.00000000000
0.00844881806 0.01014305047 0.24381060369 0.00000000000 0.00000000000 0.00000000000 0.00000000000 0.00000000000 0.00000000000 0.00000000000 0.00000000000
0.00844139000 0.01014978816 0.24381039593 0.00000000000 0.00000000000 0.00000000000 0.00000000000 0.00000000000 0.00000000000 0.00000000000 0.00000000000
0.00843396274 0.01015652681 0.24381018794 0.00000000000 0.00000000000 0.00000000000 0.00000000000 0.00000000000 0.00000000000 0.00000000000 0.00000000000
0.00842653629 0.01016326641 0.24380997971 0.00000000000 0.00000000000 0.00000000000 0.00000000000 0.00000000000 0.00000000000 0.00000000000 0.00000000000
0.00841911062 0.01017000696 0.24380976551 0.00000000000 0.00000000000 0.00000000000 0.00000000000 0.00000000000 0.00000000000 0.00000000000 0.00000000000
0.00841168578 0.01017674847 0.24380955033 0.00000000000 0.00000000000 0.00000000000 0.00000000000 0.00000000000 0.00000000000 0.00000000000 0.00000000000
0.00840426179 0.01018349094 0.24380933492 0.00000000000 0.00000000000 0.00000000000 0.00000000000 0.00000000000 0.00000000000 0.00000000000 0.00000000000
0.00839683866 0.01019023437 0.24380911927 0.00000000000 0.00000000000 0.00000000000 0.00000000000 0.00000000000 0.00000000000 0.00000000000 0.00000000000
0.00838941637 0.01019697877 0.24380890339 0.00000000000 0.00000000000 0.00000000000 0.00000000000 0.00000000000 0.00000000000 0.00000000000 0.00000000000
0.00838199489 0.01020372419 0.24380868727 0.00000000000 0.00000000000 0.00000000000 0.00000000000 0.00000000000 0.00000000000 0.00000000000 0.00000000000
0.00837457408 0.01021047073 0.24380847091 0.00000000000 0.00000000000 0.00000000000 0.00000000000 0.00000000000 0.00000000000 0.00000000000 0.00000000000
0.00836715375 0.01021721858 0.24380825431 0.00000000000 0.00000000000 0.00000000000 0.00000000000 0.00000000000 0.00000000000 0.00000000000 0.00000000000
0.00835973384 0.01022396779 0.24380803745 0.00000000000 0.00000000000 0.00000000000 0.00000000000 0.00000000000 0.00000000000 0.00000000000 0.00000000000
0.00835231451 0.01023071815 0.24380782036 0.00000000000 0.00000000000 0.00000000000 0.00000000000 0.00000000000 0.00000000000 0.00000000000 0.00000000000
0.00834489596 0.01023746948 0.24380760303 0.00000000000 0.00000000000 0.00000000000 0.00000000000 0.00000000000 0.00000000000 0.00000000000 0.00000000000
0.00833747822 0.01024422170 0.24380738547 0.00000000000 0.00000000000 0.00000000000 0.00000000000 0.00000000000 0.00000000000 0.00000000000 0.00000000000
0.00833006130 0.01025097477 0.24380716768 0.00000000000 0.00000000000 0.00000000000 0.00000000000 0.00000000000 0.00000000000 0.00000000000 0.00000000000
0.00832264519 0.01025772870 0.24380694966 0.00000000000 0.00000000000 0.00000000000 0.00000000000 0.00000000000 0.00000000000 0.00000000000 0.00000000000
0.00831522986 0.01026448346 0.24380673141 0.00000000000 0.00000000000 0.00000000000 0.00000000000 0.00000000000 0.00000000000 0.00000000000 0.00000000000
0.00830781531 0.01027123905 0.24380651294 0.00000000000 0.00000000000 0.00000000000 0.00000000000 0.00000000000 0.00000000000 0.00000000000 0.00000000000
0.00830040156 0.01027799543 0.24380629423 0.00000000000 0.00000000000 0.00000000000 0.00000000000 0.00000000000 0.00000000000 0.00000000000 0.00000000000
0.00829298867 0.01028475251 0.24380607530 0.00000000000 0.00000000000 0.00000000000 0.00000000000 0.00000000000 0.00000000000 0.00000000000 0.00000000000
0.00828557673 0.01029151020 0.24380585615 0.00000000000 0.00000000000 0.00000000000 0.00000000000 0.00000000000 0.00000000000 0.00000000000 0.00000000000
0.00827816574 0.01029826850 0.24380563677 0.00000000000 0.00000000000 0.00000000000 0.00000000000 0.00000000000 0.00000000000 0.00000000000 0.00000000000
0.00827075557 0.01030502747 0.24380541718 0.00000000000 0.00000000000 0.00000000000 0.00000000000 0.00000000000 0.00000000000 0.00000000000 0.00000000000
0.00826334615 0.01031178716 0.24380519735 0.00000000000 0.00000000000 0.00000000000 0.00000000000 0.00000000000 0.00000000000 0.00000000000 0.00000000000
0.00825593742 0.01031854760 0.24380497731 0.00000000000 0.00000000000 0.00000000000 0.00000000000 0.00000000000 0.00000000000 0.00000000000 0.00000000000
0.00824852936 0.01032530878 0.24380475703 0.00000000000 0.00000000000 0.00000000000 0.00000000000 0.00000000000 0.00000000000 0.00000000000 0.00000000000
0.00824112197 0.01033207067 0.24380453654 0.00000000000 0.00000000000 0.00000000000 0.00000000000 0.00000000000 0.00000000000 0.00000000000 0.00000000000
0.00823371523 0.01033883326 0.24380431582 0.00000000000 0.00000000000 0.00000000000 0.00000000000 0.00000000000 0.00000000000 0.00000000000 0.00000000000
0.00822630911 0.01034559656 0.24380409487 0.00000000000 0.00000000000 0.00000000000 0.00000000000 0.00000000000 0.00000000000 0.00000000000 0.00000000000
0.00821890342 0.01035236071 0.24380387370 0.00000000000 0.00000000000 0.00000000000 0.00000000000 0.00000000000 0.00000000000 0.00000000000 0.00000000000
0.00821149695 0.01035912680 0.24380365227 0.00000000000 0.00000000000 0.00000000000 0.00000000000 0.00000000000 0.00000000000 0.00000000000 0.00000000000
0.00820408576 0.01036589841 0.24380343045 0.00000000000 0.00000000000 0.00000000000 0.00000000000 0.00000000000 0.00000000000 0.00000000000 0.00000000000
0.00819666590 0.01037267912 0.24380320814 0.00000000000 0.00000000000 0.00000000000 0.00000000000 0.00000000000 0.00000000000 0.00000000000 0.00000000000
0.00818924151 0.01037946513 0.24380298546 0.00000000000 0.00000000000 0.00000000000 0.00000000000 0.00000000000 0.00000000000 0.00000000000 0.00000000000
0.00818182556 0.01038624456 0.24380276278 0.00000000000 0.00000000000 0.00000000000 0.00000000000 0.00000000000 0.00000000000 0.00000000000 0.00000000000
0.00817442881 0.01039300754 0.24380254046 0.00000000000 0.00000000000 0.00000000000 0.00000000000 0.00000000000 0.00000000000 0.00000000000 0.00000000000
0.00816704866 0.01039975643 0.24380231839 0.00000000000 0.00000000000 0.00000000000 0.00000000000 0.00000000000 0.00000000000 0.00000000000 0.00000000000
0.00815967077 0.01040650431 0.24380209616 0.00000000000 0.00000000000 0.00000000000 0.00000000000 0.00000000000 0.00000000000 0.00000000000 0.00000000000
0.00815228506 0.01041326038 0.24380187347 0.00000000000 0.00000000000 0.00000000000 0.00000000000 0.00000000000 0.00000000000 0.00000000000 0.00000000000
0.00814489015 0.01042002590 0.24380165026 0.00000000000 0.00000000000 0.00000000000 0.00000000000 0.00000000000 0.00000000000 0.00000000000 0.00000000000
0.00813748754 0.01042679945 0.24380142660 0.00000000000 0.00000000000 0.00000000000 0.00000000000 0.00000000000 0.00000000000 0.00000000000 0.00000000000
0.00813006663 0.01043359082 0.24380120214 0.00000000000 0.00000000000 0.00000000000 0.00000000000 0.00000000000 0.00000000000 0.00000000000 0.00000000000
0.00812261610 0.01044041041 0.24380097655 0.00000000000 0.00000000000 0.00000000000 0.00000000000 0.00000000000 0.00000000000 0.00000000000 0.00000000000
0.00811520238 0.01044720748 0.24380075141 0.00000000000 0.00000000000 0.00000000000 0.00000000000 0.00000000000 0.00000000000 0.00000000000 0.00000000000
0.00810785535 0.01045395992 0.24380052740 0.00000000000 0.00000000000 0.00000000000 0.00000000000 0.00000000000 0.00000000000 0.00000000000 0.00000000000
0.00810051384 0.01046071622 0.24380030298 0.00000000000 0.00000000000 0.00000000000 0.00000000000 0.00000000000 0.00000000000 0.00000000000 0.00000000000
0.00809314719 0.01046749947 0.24380007745 0.00000000000 0.00000000000 0.00000000000 0.00000000000 0.00000000000 0.00000000000 0.00000000000 0.00000000000
0.00808577298 0.01047429394 0.24379985131 0.00000000000 0.00000000000 0.00000000000 0.00000000000 0.00000000000 0.00000000000 0.00000000000 0.00000000000
0.00807839949 0.01048109202 0.24379962482 0.00000000000 0.00000000000 0.00000000000 0.00000000000 0.00000000000 0.00000000000 0.00000000000 0.00000000000
0.00807102804 0.01048789255 0.24379939801 0.00000000000 0.00000000000 0.00000000000 0.00000000000 0.00000000000 0.00000000000 0.00000000000 0.00000000000
0.00806365878 0.01049469545 0.24379917090 0.00000000000 0.00000000000 0.00000000000 0.00000000000 0.00000000000 0.00000000000 0.00000000000 0.00000000000
0.00805629175 0.01050150074 0.24379894347 0.00000000000 0.00000000000 0.00000000000 0.00000000000 0.00000000000 0.00000000000 0.00000000000 0.00000000000
0.00804892698 0.01050830845 0.24379871573 0.00000000000 0.00000000000 0.00000000000 0.00000000000 0.00000000000 0.00000000000 0.00000000000 0.00000000000
0.00804156448 0.01051511862 0.24379848767 0.00000000000 0.00000000000 0.00000000000 0.00000000000 0.00000000000 0.00000000000 0.00000000000 0.00000000000
0.00803420431 0.01052193127 0.24379825929 0.00000000000 0.00000000000 0.00000000000 0.00000000000 0.00000000000 0.00000000000 0.00000000000 0.00000000000
0.00802684649 0.01052874641 0.24379803060 0.00000000000 0.00000000000 0.00000000000 0.00000000000 0.00000000000 0.00000000000 0.00000000000 0.00000000000
0.00801949111 0.01053556404 0.24379780158 0.00000000000 0.00000000000 0.00000000000 0.00000000000 0.00000000000 0.00000000000 0.00000000000 0.00000000000
0.00801213825 0.01054238413 0.24379757224 0.00000000000 0.00000000000 0.00000000000 0.00000000000 0.00000000000 0.00000000000 0.00000000000 0.00000000000
0.00800478798 0.01054920667 0.24379734259 0.00000000000 0.00000000000 0.00000000000 0.00000000000 0.00000000000 0.00000000000 0.00000000000 0.00000000000
0.00799744033 0.01055603168 0.24379711261 0.00000000000 0.00000000000 0.00000000000 0.00000000000 0.00000000000 0.00000000000 0.00000000000 0.00000000000
0.00799009529 0.01056285924 0.24379688231 0.00000000000 0.00000000000 0.00000000000 0.00000000000 0.00000000000 0.00000000000 0.00000000000 0.00000000000
0.00798275285 0.01056968941 0.24379665168 0.00000000000 0.00000000000 0.00000000000 0.00000000000 0.00000000000 0.00000000000 0.00000000000 0.00000000000
0.00797541298 0.01057652227 0.24379642072 0.00000000000 0.00000000000 0.00000000000 0.00000000000 0.00000000000 0.00000000000 0.00000000000 0.00000000000
0.00796807572 0.01058335784 0.24379618942 0.00000000000 0.00000000000 0.00000000000 0.00000000000 0.00000000000 0.00000000000 0.00000000000 0.00000000000
0.00796074108 0.01059019616 0.24379595780 0.00000000000 0.00000000000 0.00000000000 0.00000000000 0.00000000000 0.00000000000 0.00000000000 0.00000000000
0.00795340909 0.01059703727 0.24379572583 0.00000000000 0.00000000000 0.00000000000 0.00000000000 0.00000000000 0.00000000000 0.00000000000 0.00000000000
0.00794607973 0.01060388121 0.24379549353 0.00000000000 0.00000000000 0.00000000000 0.00000000000 0.00000000000 0.00000000000 0.00000000000 0.00000000000
0.00793875295 0.01061072810 0.24379526088 0.00000000000 0.00000000000 0.00000000000 0.00000000000 0.00000000000 0.00000000000 0.00000000000 0.00000000000
0.00793142866 0.01061757809 0.24379502788 0.00000000000 0.00000000000 0.00000000000 0.00000000000 0.00000000000 0.00000000000 0.00000000000 0.00000000000
0.00792410678 0.01062443129 0.24379479453 0.00000000000 0.00000000000 0.00000000000 0.00000000000 0.00000000000 0.00000000000 0.00000000000 0.00000000000
0.00791678735 0.01063128772 0.24379456082 0.00000000000 0.00000000000 0.00000000000 0.00000000000 0.00000000000 0.00000000000 0.00000000000 0.00000000000
0.00790947045 0.01063814735 0.24379432676 0.00000000000 0.00000000000 0.00000000000 0.00000000000 0.00000000000 0.00000000000 0.00000000000 0.00000000000
0.00790215624 0.01064501011 0.24379409234 0.00000000000 0.00000000000 0.00000000000 0.00000000000 0.00000000000 0.00000000000 0.00000000000 0.00000000000
0.00789484480 0.01065187595 0.24379385757 0.00000000000 0.00000000000 0.00000000000 0.00000000000 0.00000000000 0.00000000000 0.00000000000 0.00000000000
0.00788753619 0.01065874489 0.24379362245 0.00000000000 0.00000000000 0.00000000000 0.00000000000 0.00000000000 0.00000000000 0.00000000000 0.00000000000
0.00788023046 0.01066561695 0.24379338697 0.00000000000 0.00000000000 0.00000000000 0.00000000000 0.00000000000 0.00000000000 0.00000000000 0.00000000000
0.00787292764 0.01067249215 0.24379315114 0.00000000000 0.00000000000 0.00000000000 0.00000000000 0.00000000000 0.00000000000 0.00000000000 0.00000000000
0.00786562775 0.01067937053 0.24379291494 0.00000000000 0.00000000000 0.00000000000 0.00000000000 0.00000000000 0.00000000000 0.00000000000 0.00000000000
0.00785833082 0.01068625212 0.24379267838 0.00000000000 0.00000000000 0.00000000000 0.00000000000 0.00000000000 0.00000000000 0.00000000000 0.00000000000
0.00785103687 0.01069313697 0.24379244146 0.00000000000 0.00000000000 0.00000000000 0.00000000000 0.00000000000 0.00000000000 0.00000000000 0.00000000000
0.00784374593 0.01070002511 0.24379220418 0.00000000000 0.00000000000 0.00000000000 0.00000000000 0.00000000000 0.00000000000 0.00000000000 0.00000000000
0.00783645797 0.01070691660 0.24379196652 0.00000000000 0.00000000000 0.00000000000 0.00000000000 0.00000000000 0.00000000000 0.00000000000 0.00000000000
0.00782917177 0.01071381268 0.24379172845 0.00000000000 0.00000000000 0.00000000000 0.00000000000 0.00000000000 0.00000000000 0.00000000000 0.00000000000
0.00782187620 0.01072072395 0.24379148961 0.00000000000 0.00000000000 0.00000000000 0.00000000000 0.00000000000 0.00000000000 0.00000000000 0.00000000000
0.00781452298 0.01072769626 0.24379124839 0.00000000000 0.00000000000 0.00000000000 0.00000000000 0.00000000000 0.00000000000 0.00000000000 0.00000000000
0.00780708022 0.01073476017 0.24379100374 0.00000000000 0.00000000000 0.00000000000 0.00000000000 0.00000000000 0.00000000000 0.00000000000 0.00000000000
0.00779992397 0.01074155824 0.24379076804 0.00000000000 0.00000000000 0.00000000000 0.00000000000 0.00000000000 0.00000000000 0.00000000000 0.00000000000
0.00779323813 0.01074791565 0.24379054740 0.00000000000 0.00000000000 0.00000000000 0.00000000000 0.00000000000 0.00000000000 0.00000000000 0.00000000000
0.00778412083 0.01075659368 0.24379024586 0.00000000000 0.00000000000 0.00000000000 0.00000000000 0.00000000000 0.00000000000 0.00000000000 0.00000000000
0.00777789803 0.01076252346 0.24379003957 0.00000000000 0.00000000000 0.00000000000 0.00000000000 0.00000000000 0.00000000000 0.00000000000 0.00000000000
ZONE T="NURB"
I=201, J=1, K=1
0.00851570445 0.01008246035 0.24381246278 4.25325835134 0.00000000000 0.00000000000 0.00000000000 0.00000000000 0.00000000000 0.00000000000 0.24402084545
0.00851099433 0.01008672278 0.24381233249 5.59627129865 0.00000000000 0.00000000000 0.00000000000 0.00000000000 0.00000000000 0.00000000000 0.24402089143
0.00850671489 0.01009059574 0.24381221408 7.56980652365 0.00000000000 0.00000000000 0.00000000000 0.00000000000 0.00000000000 0.00000000000 0.24402093323
0.00850286611 0.01009407921 0.24381210753 10.59190423457 0.00000000000 0.00000000000 0.00000000000 0.00000000000 0.00000000000 0.00000000000 0.24402097085
0.00849941241 0.01009720544 0.24381201187 14.47917359100 0.00000000000 0.00000000000 0.00000000000 0.00000000000 0.00000000000 0.00000000000 0.24402100460
0.00849624155 0.01010007601 0.24381192398 18.77461100699 0.00000000000 0.00000000000 0.00000000000 0.00000000000 0.00000000000 0.00000000000 0.24402103559
0.00849308986 0.01010292969 0.24381183657 17.51031211272 0.00000000000 0.00000000000 0.00000000000 0.00000000000 0.00000000000 0.00000000000 0.24402106638
0.00848955973 0.01010612653 0.24381173859 13.21137609772 0.00000000000 0.00000000000 0.00000000000 0.00000000000 0.00000000000 0.00000000000 0.24402110087
0.00848584019 0.01010949533 0.24381163530 12.81414471957 0.00000000000 0.00000000000 0.00000000000 0.00000000000 0.00000000000 0.00000000000 0.24402113720
0.00848208323 0.01011289846 0.24381153090 13.49072573880 0.00000000000 0.00000000000 0.00000000000 0.00000000000 0.00000000000 0.00000000000 0.24402117391
0.00847832544 0.01011630280 0.24381142642 13.77284065518 0.00000000000 0.00000000000 0.00000000000 0.00000000000 0.00000000000 0.00000000000 0.24402121062
0.00847459375 0.01011968396 0.24381132259 13.38923343676 0.00000000000 0.00000000000 0.00000000000 0.00000000000 0.00000000000 0.00000000000 0.24402124708
0.00847087485 0.01012305398 0.24381121906 13.41342109967 0.00000000000 0.00000000000 0.00000000000 0.00000000000 0.00000000000 0.00000000000 0.24402128342
0.00846715841 0.01012642223 0.24381111553 13.18399426351 0.00000000000 0.00000000000 0.00000000000 0.00000000000 0.00000000000 0.00000000000 0.24402131973
0.00846344324 0.01012978976 0.24381101197 13.18525438179 0.00000000000 0.00000000000 0.00000000000 0.00000000000 0.00000000000 0.00000000000 0.24402135602
0.00845972841 0.01013315743 0.24381090835 12.91676559712 0.00000000000 0.00000000000 0.00000000000 0.00000000000 0.00000000000 0.00000000000 0.24402139232
0.00845601383 0.01013652531 0.24381080467 12.91651871730 0.00000000000 0.00000000000 0.00000000000 0.00000000000 0.00000000000 0.00000000000 0.24402142861
0.00845229945 0.01013989344 0.24381070094 12.67713413146 0.00000000000 0.00000000000 0.00000000000 0.00000000000 0.00000000000 0.00000000000 0.24402146490
0.00844858526 0.01014326181 0.24381059715 12.67710905703 0.00000000000 0.00000000000 0.00000000000 0.00000000000 0.00000000000 0.00000000000 0.24402150119
0.00844487129 0.01014663042 0.24381049330 12.58921535884 0.00000000000 0.00000000000 0.00000000000 0.00000000000 0.00000000000 0.00000000000 0.24402153748
0.00844115752 0.01014999927 0.24381038939 12.58914738065 0.00000000000 0.00000000000 0.00000000000 0.00000000000 0.00000000000 0.00000000000 0.24402157376
0.00843744396 0.01015336835 0.24381028542 12.65823031650 0.00000000000 0.00000000000 0.00000000000 0.00000000000 0.00000000000 0.00000000000 0.24402161004
0.00843373060 0.01015673766 0.24381018140 12.65819268314 0.00000000000 0.00000000000 0.00000000000 0.00000000000 0.00000000000 0.00000000000 0.24402164632
0.00843001745 0.01016010721 0.24381007731 60.54267558322 0.00000000000 0.00000000000 0.00000000000 0.00000000000 0.00000000000 0.00000000000 0.24402168260
0.00842630450 0.01016347700 0.24380997236 60.54112176016 0.00000000000 0.00000000000 0.00000000000 0.00000000000 0.00000000000 0.00000000000 0.24402171807
0.00842259175 0.01016684701 0.24380986592 15.93054192081 0.00000000000 0.00000000000 0.00000000000 0.00000000000 0.00000000000 0.00000000000 0.24402175210
0.00841887920 0.01017021727 0.24380975869 15.93046701557 0.00000000000 0.00000000000 0.00000000000 0.00000000000 0.00000000000 0.00000000000 0.24402178541
0.00841516687 0.01017358776 0.24380965122 12.93248448689 0.00000000000 0.00000000000 0.00000000000 0.00000000000 0.00000000000 0.00000000000 0.24402181852
0.00841145475 0.01017695849 0.24380954360 12.93246412518 0.00000000000 0.00000000000 0.00000000000 0.00000000000 0.00000000000 0.00000000000 0.24402185155
0.00840774284 0.01018032946 0.24380943592 12.98783219322 0.00000000000 0.00000000000 0.00000000000 0.00000000000 0.00000000000 0.00000000000 0.24402188458
0.00840403114 0.01018370066 0.24380932819 12.98781062808 0.00000000000 0.00000000000 0.00000000000 0.00000000000 0.00000000000 0.00000000000 0.24402191760
0.00840031967 0.01018707210 0.24380922040 13.02552446015 0.00000000000 0.00000000000 0.00000000000 0.00000000000 0.00000000000 0.00000000000 0.24402195063
0.00839660840 0.01019044379 0.24380911254 13.02550072623 0.00000000000 0.00000000000 0.00000000000 0.00000000000 0.00000000000 0.00000000000 0.24402198365
0.00839289735 0.01019381571 0.24380900463 13.04614521616 0.00000000000 0.00000000000 0.00000000000 0.00000000000 0.00000000000 0.00000000000 0.24402201667
0.00838918652 0.01019718787 0.24380889667 13.04609351236 0.00000000000 0.00000000000 0.00000000000 0.00000000000 0.00000000000 0.00000000000 0.24402204969
0.00838547590 0.01020056028 0.24380878864 13.05138791178 0.00000000000 0.00000000000 0.00000000000 0.00000000000 0.00000000000 0.00000000000 0.24402208270
0.00838176548 0.01020393294 0.24380868055 13.05115467598 0.00000000000 0.00000000000 0.00000000000 0.00000000000 0.00000000000 0.00000000000 0.24402211572
0.00837805526 0.01020730585 0.24380857241 13.02124681045 0.00000000000 0.00000000000 0.00000000000 0.00000000000 0.00000000000 0.00000000000 0.24402214873
0.00837434522 0.01021067904 0.24380846420 13.02067859435 0.00000000000 0.00000000000 0.00000000000 0.00000000000 0.00000000000 0.00000000000 0.24402218174
0.00837063534 0.01021405252 0.24380835594 12.90097389063 0.00000000000 0.00000000000 0.00000000000 0.00000000000 0.00000000000 0.00000000000 0.24402221475
0.00836692562 0.01021742629 0.24380824761 12.90032676958 0.00000000000 0.00000000000 0.00000000000 0.00000000000 0.00000000000 0.00000000000 0.24402224776
0.00836321605 0.01022080035 0.24380813922 12.68471184840 0.00000000000 0.00000000000 0.00000000000 0.00000000000 0.00000000000 0.00000000000 0.24402228077
0.00835950665 0.01022417468 0.24380803078 12.68438376842 0.00000000000 0.00000000000 0.00000000000 0.00000000000 0.00000000000 0.00000000000 0.24402231377
0.00835579743 0.01022754927 0.24380792227 12.44203473210 0.00000000000 0.00000000000 0.00000000000 0.00000000000 0.00000000000 0.00000000000 0.24402234678
0.00835208841 0.01023092411 0.24380781371 12.44198929244 0.00000000000 0.00000000000 0.00000000000 0.00000000000 0.00000000000 0.00000000000 0.24402237978
0.00834837958 0.01023429918 0.24380770509 12.21752688943 0.00000000000 0.00000000000 0.00000000000 0.00000000000 0.00000000000 0.00000000000 0.24402241278
0.00834467097 0.01023767447 0.24380759641 12.21754666542 0.00000000000 0.00000000000 0.00000000000 0.00000000000 0.00000000000 0.00000000000 0.24402244578
0.00834096255 0.01024104998 0.24380748767 12.01149070361 0.00000000000 0.00000000000 0.00000000000 0.00000000000 0.00000000000 0.00000000000 0.24402247878
0.00833725435 0.01024442571 0.24380737887 12.01151157867 0.00000000000 0.00000000000 0.00000000000 0.00000000000 0.00000000000 0.00000000000 0.24402251177
0.00833354634 0.01024780166 0.24380727002 11.82284539084 0.00000000000 0.00000000000 0.00000000000 0.00000000000 0.00000000000 0.00000000000 0.24402254476
0.00832983854 0.01025117782 0.24380716111 11.82286102021 0.00000000000 0.00000000000 0.00000000000 0.00000000000 0.00000000000 0.00000000000 0.24402257775
0.00832613093 0.01025455420 0.24380705214 11.65036548694 0.00000000000 0.00000000000 0.00000000000 0.00000000000 0.00000000000 0.00000000000 0.24402261074
0.00832242353 0.01025793079 0.24380694311 11.65037676596 0.00000000000 0.00000000000 0.00000000000 0.00000000000 0.00000000000 0.00000000000 0.24402264373
0.00831871632 0.01026130759 0.24380683403 11.49301888760 0.00000000000 0.00000000000 0.00000000000 0.00000000000 0.00000000000 0.00000000000 0.24402267672
0.00831500930 0.01026468459 0.24380672489 11.49303039974 0.00000000000 0.00000000000 0.00000000000 0.00000000000 0.00000000000 0.00000000000 0.24402270970
0.00831130247 0.01026806181 0.24380661569 11.34979977641 0.00000000000 0.00000000000 0.00000000000 0.00000000000 0.00000000000 0.00000000000 0.24402274268
0.00830759584 0.01027143923 0.24380650643 11.34983286566 0.00000000000 0.00000000000 0.00000000000 0.00000000000 0.00000000000 0.00000000000 0.24402277567
0.00830388940 0.01027481685 0.24380639712 11.21950176636 0.00000000000 0.00000000000 0.00000000000 0.00000000000 0.00000000000 0.00000000000 0.24402280864
0.00830018316 0.01027819467 0.24380628775 11.21962863656 0.00000000000 0.00000000000 0.00000000000 0.00000000000 0.00000000000 0.00000000000 0.24402284162
0.00829647712 0.01028157268 0.24380617833 11.08961923991 0.00000000000 0.00000000000 0.00000000000 0.00000000000 0.00000000000 0.00000000000 0.24402287460
0.00829277129 0.01028495087 0.24380606884 11.08987933614 0.00000000000 0.00000000000 0.00000000000 0.00000000000 0.00000000000 0.00000000000 0.24402290757
0.00828906567 0.01028832923 0.24380595931 10.93224524290 0.00000000000 0.00000000000 0.00000000000 0.00000000000 0.00000000000 0.00000000000 0.24402294054
0.00828536026 0.01029170777 0.24380584971 10.93250139898 0.00000000000 0.00000000000 0.00000000000 0.00000000000 0.00000000000 0.00000000000 0.24402297351
0.00828165507 0.01029508648 0.24380574006 10.74351931565 0.00000000000 0.00000000000 0.00000000000 0.00000000000 0.00000000000 0.00000000000 0.24402300648
0.00827795008 0.01029846537 0.24380563035 10.74364466508 0.00000000000 0.00000000000 0.00000000000 0.00000000000 0.00000000000 0.00000000000 0.24402303945
0.00827424528 0.01030184444 0.24380552059 10.54419323102 0.00000000000 0.00000000000 0.00000000000 0.00000000000 0.00000000000 0.00000000000 0.24402307241
0.00827054066 0.01030522369 0.24380541077 10.54421877119 0.00000000000 0.00000000000 0.00000000000 0.00000000000 0.00000000000 0.00000000000 0.24402310538
0.00826683623 0.01030860313 0.24380530090 10.34816025689 0.00000000000 0.00000000000 0.00000000000 0.00000000000 0.00000000000 0.00000000000 0.24402313834
0.00826313196 0.01031198276 0.24380519096 10.34816334113 0.00000000000 0.00000000000 0.00000000000 0.00000000000 0.00000000000 0.00000000000 0.24402317130
0.00825942788 0.01031536257 0.24380508098 10.15566245964 0.00000000000 0.00000000000 0.00000000000 0.00000000000 0.00000000000 0.00000000000 0.24402320425
0.00825572396 0.01031874257 0.24380497093 10.15566374812 0.00000000000 0.00000000000 0.00000000000 0.00000000000 0.00000000000 0.00000000000 0.24402323721
0.00825202021 0.01032212275 0.24380486083 9.96676862205 0.00000000000 0.00000000000 0.00000000000 0.00000000000 0.00000000000 0.00000000000 0.24402327017
0.00824831663 0.01032550312 0.24380475067 9.96676981252 0.00000000000 0.00000000000 0.00000000000 0.00000000000 0.00000000000 0.00000000000 0.24402330312
0.00824461321 0.01032888366 0.24380464046 9.78140128311 0.00000000000 0.00000000000 0.00000000000 0.00000000000 0.00000000000 0.00000000000 0.24402333607
0.00824090996 0.01033226438 0.24380453019 9.78140189183 0.00000000000 0.00000000000 0.00000000000 0.00000000000 0.00000000000 0.00000000000 0.24402336902
0.00823720687 0.01033564528 0.24380441987 9.59946936705 0.00000000000 0.00000000000 0.00000000000 0.00000000000 0.00000000000 0.00000000000 0.24402340197
0.00823350394 0.01033902635 0.24380430949 9.59947352117 0.00000000000 0.00000000000 0.00000000000 0.00000000000 0.00000000000 0.00000000000 0.24402343492
0.00822980117 0.01034240759 0.24380419905 9.42107091747 0.00000000000 0.00000000000 0.00000000000 0.00000000000 0.00000000000 0.00000000000 0.24402346787
0.00822609856 0.01034578901 0.24380408856 9.42105048583 0.00000000000 0.00000000000 0.00000000000 0.00000000000 0.00000000000 0.00000000000 0.24402350081
0.00822239610 0.01034917059 0.24380397801 9.24646080782 0.00000000000 0.00000000000 0.00000000000 0.00000000000 0.00000000000 0.00000000000 0.24402353376
0.00821869374 0.01035255240 0.24380386741 9.24572331868 0.00000000000 0.00000000000 0.00000000000 0.00000000000 0.00000000000 0.00000000000 0.24402356670
0.00821499144 0.01035593446 0.24380375675 9.07783419688 0.00000000000 0.00000000000 0.00000000000 0.00000000000 0.00000000000 0.00000000000 0.24402359964
0.00821128888 0.01035931706 0.24380364602 9.07303440141 0.00000000000 0.00000000000 0.00000000000 0.00000000000 0.00000000000 0.00000000000 0.24402363259
0.00820758581 0.01036270042 0.24380353521 8.90692263566 0.00000000000 0.00000000000 0.00000000000 0.00000000000 0.00000000000 0.00000000000 0.24402366553
0.00820388185 0.01036608489 0.24380342432 8.89710676200 0.00000000000 0.00000000000 0.00000000000 0.00000000000 0.00000000000 0.00000000000 0.24402369849
0.00820017668 0.01036947076 0.24380331333 8.73161956865 0.00000000000 0.00000000000 0.00000000000 0.00000000000 0.00000000000 0.00000000000 0.24402373146
0.00819647056 0.01037285780 0.24380320226 8.72544702524 0.00000000000 0.00000000000 0.00000000000 0.00000000000 0.00000000000 0.00000000000 0.24402376444
0.00819276371 0.01037624578 0.24380309110 8.55971697722 0.00000000000 0.00000000000 0.00000000000 0.00000000000 0.00000000000 0.00000000000 0.24402379742
0.00818905718 0.01037963376 0.24380297989 8.56687009789 0.00000000000 0.00000000000 0.00000000000 0.00000000000 0.00000000000 0.00000000000 0.24402383040
0.00818535183 0.01038302095 0.24380286866 8.39678184062 0.00000000000 0.00000000000 0.00000000000 0.00000000000 0.00000000000 0.00000000000 0.24402386337
0.00818164855 0.01038640652 0.24380275744 8.41499517489 0.00000000000 0.00000000000 0.00000000000 0.00000000000 0.00000000000 0.00000000000 0.24402389632
0.00817794808 0.01038978980 0.24380264624 8.25720429268 0.00000000000 0.00000000000 0.00000000000 0.00000000000 0.00000000000 0.00000000000 0.24402392925
0.00817425023 0.01039317096 0.24380253506 8.27275997947 0.00000000000 0.00000000000 0.00000000000 0.00000000000 0.00000000000 0.00000000000 0.24402396215
0.00817055484 0.01039655015 0.24380242389 8.11826361782 0.00000000000 0.00000000000 0.00000000000 0.00000000000 0.00000000000 0.00000000000 0.24402399503
0.00816686067 0.01039992848 0.24380231270 8.11887790181 0.00000000000 0.00000000000 0.00000000000 0.00000000000 0.00000000000 0.00000000000 0.24402402790
0.00816316673 0.01040330687 0.24380220147 7.97424563928 0.00000000000 0.00000000000 0.00000000000 0.00000000000 0.00000000000 0.00000000000 0.24402406077
0.00815947226 0.01040668601 0.24380209015 7.96595753170 0.00000000000 0.00000000000 0.00000000000 0.00000000000 0.00000000000 0.00000000000 0.24402409364
0.00815577664 0.01041006646 0.24380197875 7.83907513652 0.00000000000 0.00000000000 0.00000000000 0.00000000000 0.00000000000 0.00000000000 0.24402412652
0.00815207986 0.01041344824 0.24380186725 7.83075685442 0.00000000000 0.00000000000 0.00000000000 0.00000000000 0.00000000000 0.00000000000 0.24402415942
0.00814838189 0.01041683135 0.24380175566 7.56956120838 0.00000000000 0.00000000000 0.00000000000 0.00000000000 0.00000000000 0.00000000000 0.24402419232
0.00814468311 0.01042021546 0.24380164398 7.56553171299 0.00000000000 0.00000000000 0.00000000000 0.00000000000 0.00000000000 0.00000000000 0.24402422523
0.00814098379 0.01042360031 0.24380153224 8.11054297650 0.00000000000 0.00000000000 0.00000000000 0.00000000000 0.00000000000 0.00000000000 0.24402425815
0.00813728308 0.01042698669 0.24380142039 8.09602795563 0.00000000000 0.00000000000 0.00000000000 0.00000000000 0.00000000000 0.00000000000 0.24402429107
0.00813358029 0.01043037524 0.24380130842 8.38614036669 0.00000000000 0.00000000000 0.00000000000 0.00000000000 0.00000000000 0.00000000000 0.24402432402
0.00812987340 0.01043376781 0.24380119627 8.34638247013 0.00000000000 0.00000000000 0.00000000000 0.00000000000 0.00000000000 0.00000000000 0.24402435700
0.00812616079 0.01043716590 0.24380108388 81.13685591281 0.00000000000 0.00000000000 0.00000000000 0.00000000000 0.00000000000 0.00000000000 0.24402439004
0.00812244898 0.01044056490 0.24380097140 81.45272433334 0.00000000000 0.00000000000 0.00000000000 0.00000000000 0.00000000000 0.00000000000 0.24402442306
0.00811874338 0.01044396101 0.24380085894 120.89268092547 0.00000000000 0.00000000000 0.00000000000 0.00000000000 0.00000000000 0.00000000000 0.24402445604
0.00811504699 0.01044735220 0.24380074657 121.84795124420 0.00000000000 0.00000000000 0.00000000000 0.00000000000 0.00000000000 0.00000000000 0.24402448893
0.00811136235 0.01045073674 0.24380063433 66.30602236386 0.00000000000 0.00000000000 0.00000000000 0.00000000000 0.00000000000 0.00000000000 0.24402452171
0.00810768328 0.01045411929 0.24380052207 66.26394733005 0.00000000000 0.00000000000 0.00000000000 0.00000000000 0.00000000000 0.00000000000 0.24402455445
0.00810400454 0.01045750378 0.24380040969 28.18653725946 0.00000000000 0.00000000000 0.00000000000 0.00000000000 0.00000000000 0.00000000000 0.24402458718
0.00810032366 0.01046089176 0.24380029712 28.08007568353 0.00000000000 0.00000000000 0.00000000000 0.00000000000 0.00000000000 0.00000000000 0.24402461993
0.00809663863 0.01046428453 0.24380018434 31.46397646452 0.00000000000 0.00000000000 0.00000000000 0.00000000000 0.00000000000 0.00000000000 0.24402465272
0.00809295155 0.01046768020 0.24380007141 31.44192724268 0.00000000000 0.00000000000 0.00000000000 0.00000000000 0.00000000000 0.00000000000 0.24402468553
0.00808926414 0.01047107725 0.24379995837 31.30320563728 0.00000000000 0.00000000000 0.00000000000 0.00000000000 0.00000000000 0.00000000000 0.24402471834
0.00808557688 0.01047447522 0.24379984524 31.30327564304 0.00000000000 0.00000000000 0.00000000000 0.00000000000 0.00000000000 0.00000000000 0.24402475115
0.00808189015 0.01047787376 0.24379973204 31.81445647148 0.00000000000 0.00000000000 0.00000000000 0.00000000000 0.00000000000 0.00000000000 0.24402478395
0.00807820396 0.01048127289 0.24379961876 31.81441121345 0.00000000000 0.00000000000 0.00000000000 0.00000000000 0.00000000000 0.00000000000 0.24402481675
0.00807451832 0.01048467260 0.24379950540 32.21214402842 0.00000000000 0.00000000000 0.00000000000 0.00000000000 0.00000000000 0.00000000000 0.24402484954
0.00807083321 0.01048807290 0.24379939197 32.21216303588 0.00000000000 0.00000000000 0.00000000000 0.00000000000 0.00000000000 0.00000000000 0.24402488233
0.00806714866 0.01049147379 0.24379927845 32.62868018049 0.00000000000 0.00000000000 0.00000000000 0.00000000000 0.00000000000 0.00000000000 0.24402491512
0.00806346466 0.01049487527 0.24379916486 32.62868798871 0.00000000000 0.00000000000 0.00000000000 0.00000000000 0.00000000000 0.00000000000 0.24402494790
0.00805978121 0.01049827736 0.24379905119 33.04134639338 0.00000000000 0.00000000000 0.00000000000 0.00000000000 0.00000000000 0.00000000000 0.24402498067
0.00805609832 0.01050168004 0.24379893745 33.04135519501 0.00000000000 0.00000000000 0.00000000000 0.00000000000 0.00000000000 0.00000000000 0.24402501344
0.00805241600 0.01050508334 0.24379882362 33.45399743804 0.00000000000 0.00000000000 0.00000000000 0.00000000000 0.00000000000 0.00000000000 0.24402504620
0.00804873424 0.01050848724 0.24379870972 33.45400628817 0.00000000000 0.00000000000 0.00000000000 0.00000000000 0.00000000000 0.00000000000 0.24402507896
0.00804505306 0.01051189176 0.24379859573 33.86593593016 0.00000000000 0.00000000000 0.00000000000 0.00000000000 0.00000000000 0.00000000000 0.24402511172
0.00804137245 0.01051529689 0.24379848167 33.86595551700 0.00000000000 0.00000000000 0.00000000000 0.00000000000 0.00000000000 0.00000000000 0.24402514447
0.00803769241 0.01051870265 0.24379836752 34.27723234179 0.00000000000 0.00000000000 0.00000000000 0.00000000000 0.00000000000 0.00000000000 0.24402517721
0.00803401296 0.01052210903 0.24379825330 34.27730767658 0.00000000000 0.00000000000 0.00000000000 0.00000000000 0.00000000000 0.00000000000 0.24402520995
0.00803033410 0.01052551604 0.24379813900 34.68785360976 0.00000000000 0.00000000000 0.00000000000 0.00000000000 0.00000000000 0.00000000000 0.24402524268
0.00802665583 0.01052892367 0.24379802462 34.68807767917 0.00000000000 0.00000000000 0.00000000000 0.00000000000 0.00000000000 0.00000000000 0.24402527541
0.00802297816 0.01053233193 0.24379791015 35.09784956126 0.00000000000 0.00000000000 0.00000000000 0.00000000000 0.00000000000 0.00000000000 0.24402530814
0.00801930110 0.01053574082 0.24379779561 35.09829766689 0.00000000000 0.00000000000 0.00000000000 0.00000000000 0.00000000000 0.00000000000 0.24402534085
0.00801562466 0.01053915034 0.24379768099 35.50732596488 0.00000000000 0.00000000000 0.00000000000 0.00000000000 0.00000000000 0.00000000000 0.24402537357
0.00801194883 0.01054256049 0.24379756628 35.50795708133 0.00000000000 0.00000000000 0.00000000000 0.00000000000 0.00000000000 0.00000000000 0.24402540627
0.00800827364 0.01054597127 0.24379745150 35.91631208686 0.00000000000 0.00000000000 0.00000000000 0.00000000000 0.00000000000 0.00000000000 0.24402543897
0.00800459907 0.01054938269 0.24379733663 35.91695998953 0.00000000000 0.00000000000 0.00000000000 0.00000000000 0.00000000000 0.00000000000 0.24402547167
0.00800092515 0.01055279474 0.24379722168 36.32464413789 0.00000000000 0.00000000000 0.00000000000 0.00000000000 0.00000000000 0.00000000000 0.24402550436
0.00799725185 0.01055620744 0.24379710666 36.32513933813 0.00000000000 0.00000000000 0.00000000000 0.00000000000 0.00000000000 0.00000000000 0.24402553704
0.00799357920 0.01055962078 0.24379699155 36.73199564164 0.00000000000 0.00000000000 0.00000000000 0.00000000000 0.00000000000 0.00000000000 0.24402556972
0.00798990718 0.01056303479 0.24379687635 36.73228308171 0.00000000000 0.00000000000 0.00000000000 0.00000000000 0.00000000000 0.00000000000 0.24402560239
0.00798623581 0.01056644946 0.24379676108 37.13562250621 0.00000000000 0.00000000000 0.00000000000 0.00000000000 0.00000000000 0.00000000000 0.24402563506
0.00798256506 0.01056986479 0.24379664572 37.13576541441 0.00000000000 0.00000000000 0.00000000000 0.00000000000 0.00000000000 0.00000000000 0.24402566772
0.00797889496 0.01057328081 0.24379653028 37.53048374827 0.00000000000 0.00000000000 0.00000000000 0.00000000000 0.00000000000 0.00000000000 0.24402570038
0.00797522551 0.01057669750 0.24379641476 37.53058766365 0.00000000000 0.00000000000 0.00000000000 0.00000000000 0.00000000000 0.00000000000 0.24402573303
0.00797155670 0.01058011488 0.24379629916 37.91651631638 0.00000000000 0.00000000000 0.00000000000 0.00000000000 0.00000000000 0.00000000000 0.24402576567
0.00796788853 0.01058353294 0.24379618347 37.91664229939 0.00000000000 0.00000000000 0.00000000000 0.00000000000 0.00000000000 0.00000000000 0.24402579831
0.00796422102 0.01058695170 0.24379606769 38.30004034667 0.00000000000 0.00000000000 0.00000000000 0.00000000000 0.00000000000 0.00000000000 0.24402583094
0.00796055417 0.01059037115 0.24379595183 38.30016438028 0.00000000000 0.00000000000 0.00000000000 0.00000000000 0.00000000000 0.00000000000 0.24402586357
0.00795688798 0.01059379129 0.24379583589 38.68356490156 0.00000000000 0.00000000000 0.00000000000 0.00000000000 0.00000000000 0.00000000000 0.24402589619
0.00795322245 0.01059721214 0.24379571987 38.68355962474 0.00000000000 0.00000000000 0.00000000000 0.00000000000 0.00000000000 0.00000000000 0.24402592881
0.00794955758 0.01060063369 0.24379560376 39.06726941921 0.00000000000 0.00000000000 0.00000000000 0.00000000000 0.00000000000 0.00000000000 0.24402596142
0.00794589337 0.01060405596 0.24379548756 39.06689424751 0.00000000000 0.00000000000 0.00000000000 0.00000000000 0.00000000000 0.00000000000 0.24402599402
0.00794222982 0.01060747896 0.24379537128 39.45095259179 0.00000000000 0.00000000000 0.00000000000 0.00000000000 0.00000000000 0.00000000000 0.24402602662
0.00793856692 0.01061090270 0.24379525491 39.45003189304 0.00000000000 0.00000000000 0.00000000000 0.00000000000 0.00000000000 0.00000000000 0.24402605921
0.00793490467 0.01061432718 0.24379513846 39.83430182417 0.00000000000 0.00000000000 0.00000000000 0.00000000000 0.00000000000 0.00000000000 0.24402609180
0.00793124307 0.01061775242 0.24379502192 39.83294907561 0.00000000000 0.00000000000 0.00000000000 0.00000000000 0.00000000000 0.00000000000 0.24402612438
0.00792758211 0.01062117842 0.24379490529 40.21709470812 0.00000000000 0.00000000000 0.00000000000 0.00000000000 0.00000000000 0.00000000000 0.24402615695
0.00792392179 0.01062460520 0.24379478857 40.21570727094 0.00000000000 0.00000000000 0.00000000000 0.00000000000 0.00000000000 0.00000000000 0.24402618952
0.00792026212 0.01062803275 0.24379467177 40.60261497831 0.00000000000 0.00000000000 0.00000000000 0.00000000000 0.00000000000 0.00000000000 0.24402622208
0.00791660311 0.01063146107 0.24379455488 40.60158009316 0.00000000000 0.00000000000 0.00000000000 0.00000000000 0.00000000000 0.00000000000 0.24402625464
0.00791294476 0.01063489017 0.24379443790 40.99992714090 0.00000000000 0.00000000000 0.00000000000 0.00000000000 0.00000000000 0.00000000000 0.24402628719
0.00790928709 0.01063832003 0.24379432083 40.99935255048 0.00000000000 0.00000000000 0.00000000000 0.00000000000 0.00000000000 0.00000000000 0.24402631974
0.00790563011 0.01064175065 0.24379420368 41.41511349995 0.00000000000 0.00000000000 0.00000000000 0.00000000000 0.00000000000 0.00000000000 0.24402635227
0.00790197383 0.01064518204 0.24379408644 41.41484745655 0.00000000000 0.00000000000 0.00000000000 0.00000000000 0.00000000000 0.00000000000 0.24402638481
0.00789831825 0.01064861419 0.24379396911 41.83949157742 0.00000000000 0.00000000000 0.00000000000 0.00000000000 0.00000000000 0.00000000000 0.24402641733
0.00789466338 0.01065204711 0.24379385169 41.83933689621 0.00000000000 0.00000000000 0.00000000000 0.00000000000 0.00000000000 0.00000000000 0.24402644985
0.00789100923 0.01065548079 0.24379373418 42.26506210497 0.00000000000 0.00000000000 0.00000000000 0.00000000000 0.00000000000 0.00000000000 0.24402648237
0.00788735579 0.01065891524 0.24379361659 42.26492741356 0.00000000000 0.00000000000 0.00000000000 0.00000000000 0.00000000000 0.00000000000 0.24402651488
0.00788370308 0.01066235047 0.24379349890 42.69069153799 0.00000000000 0.00000000000 0.00000000000 0.00000000000 0.00000000000 0.00000000000 0.24402654738
0.00788005110 0.01066578648 0.24379338113 42.69055198989 0.00000000000 0.00000000000 0.00000000000 0.00000000000 0.00000000000 0.00000000000 0.24402657987
0.00787639984 0.01066922327 0.24379326327 43.11630493725 0.00000000000 0.00000000000 0.00000000000 0.00000000000 0.00000000000 0.00000000000 0.24402661236
0.00787274933 0.01067266084 0.24379314532 43.11614525757 0.00000000000 0.00000000000 0.00000000000 0.00000000000 0.00000000000 0.00000000000 0.24402664484
0.00786909955 0.01067609921 0.24379302727 43.54187880693 0.00000000000 0.00000000000 0.00000000000 0.00000000000 0.00000000000 0.00000000000 0.24402667732
0.00786545051 0.01067953837 0.24379290914 43.54168204993 0.00000000000 0.00000000000 0.00000000000 0.00000000000 0.00000000000 0.00000000000 0.24402670978
0.00786180221 0.01068297832 0.24379279092 43.96750614363 0.00000000000 0.00000000000 0.00000000000 0.00000000000 0.00000000000 0.00000000000 0.24402674225
0.00785815467 0.01068641908 0.24379267261 43.96726912246 0.00000000000 0.00000000000 0.00000000000 0.00000000000 0.00000000000 0.00000000000 0.24402677470
0.00785450788 0.01068986065 0.24379255421 44.39152634388 0.00000000000 0.00000000000 0.00000000000 0.00000000000 0.00000000000 0.00000000000 0.24402680715
0.00785086184 0.01069330303 0.24379243571 44.39126198721 0.00000000000 0.00000000000 0.00000000000 0.00000000000 0.00000000000 0.00000000000 0.24402683959
0.00784721656 0.01069674622 0.24379231713 44.80992124412 0.00000000000 0.00000000000 0.00000000000 0.00000000000 0.00000000000 0.00000000000 0.24402687203
0.00784357204 0.01070019023 0.24379219845 44.80970411534 0.00000000000 0.00000000000 0.00000000000 0.00000000000 0.00000000000 0.00000000000 0.24402690445
0.00783992829 0.01070363506 0.24379207969 45.20244006435 0.00000000000 0.00000000000 0.00000000000 0.00000000000 0.00000000000 0.00000000000 0.24402693688
0.00783628531 0.01070708072 0.24379196083 45.20206902314 0.00000000000 0.00000000000 0.00000000000 0.00000000000 0.00000000000 0.00000000000 0.24402696929
0.00783264310 0.01071052721 0.24379184187 45.66043211275 0.00000000000 0.00000000000 0.00000000000 0.00000000000 0.00000000000 0.00000000000 0.24402700170
0.00782900145 0.01071397474 0.24379172282 45.64514707050 0.00000000000 0.00000000000 0.00000000000 0.00000000000 0.00000000000 0.00000000000 0.24402703410
0.00782536018 0.01071742349 0.24379160367 46.10531859149 0.00000000000 0.00000000000 0.00000000000 0.00000000000 0.00000000000 0.00000000000 0.24402706650
0.00782171558 0.01072087698 0.24379148428 45.83288803689 0.00000000000 0.00000000000 0.00000000000 0.00000000000 0.00000000000 0.00000000000 0.24402709893
0.00781806457 0.01072433813 0.24379136457 47.26037759180 0.00000000000 0.00000000000 0.00000000000 0.00000000000 0.00000000000 0.00000000000 0.24402713141
0.00781439842 0.01072781526 0.24379124424 46.36260849032 0.00000000000 0.00000000000 0.00000000000 0.00000000000 0.00000000000 0.00000000000 0.24402716403
0.00781070966 0.01073131547 0.24379112304 42.92516152300 0.00000000000 0.00000000000 0.00000000000 0.00000000000 0.00000000000 0.00000000000 0.24402719686
0.00780703068 0.01073480799 0.24379100205 44.30298537419 0.00000000000 0.00000000000 0.00000000000 0.00000000000 0.00000000000 0.00000000000 0.24402722959
0.00780339122 0.01073826453 0.24379088224 47.72872128013 0.00000000000 0.00000000000 0.00000000000 0.00000000000 0.00000000000 0.00000000000 0.24402726198
0.00779982121 0.01074165670 0.24379076460 51.76794269567 0.00000000000 0.00000000000 0.00000000000 0.00000000000 0.00000000000 0.00000000000 0.24402729374
0.00779634827 0.01074495829 0.24379065004 56.19229759416 0.00000000000 0.00000000000 0.00000000000 0.00000000000 0.00000000000 0.00000000000 0.24402732465
0.00779286906 0.01074826758 0.24379053514 52.14207515048 0.00000000000 0.00000000000 0.00000000000 0.00000000000 0.00000000000 0.00000000000 0.24402735560
0.00778930367 0.01075166055 0.24379041727 40.57241380572 0.00000000000 0.00000000000 0.00000000000 0.00000000000 0.00000000000 0.00000000000 0.24402738731
0.00778562784 0.01075516015 0.24379029564 36.58527156827 0.00000000000 0.00000000000 0.00000000000 0.00000000000 0.00000000000 0.00000000000 0.24402742001
0.00778182596 0.01075878112 0.24379016974 33.10390446213 0.00000000000 0.00000000000 0.00000000000 0.00000000000 0.00000000000 0.00000000000 0.24402745385
0.00777789803 0.01076252346 0.24379003957 30.05059236482 0.00000000000 0.00000000000 0.00000000000 0.00000000000 0.00000000000 0.00000000000 0.24402748883
