VARIABLES=
"CoordinateX"
"CoordinateY"
"CoordinateZ"
"Kappa1"
"Kappa2"
"dy"
"dz"
"d2x"
"d2y"
"d2z"
"R"
ZONE T="Konrollpunkte"
I=101, J=1, K=1
0.03146941936 -0.00658846572 0.24372608583 0.00000000000 0.00000000000 0.00000000000 0.00000000000 0.00000000000 0.00000000000 0.00000000000 0.00000000000
0.03147064958 -0.00659215609 0.24372598133 0.00000000000 0.00000000000 0.00000000000 0.00000000000 0.00000000000 0.00000000000 0.00000000000 0.00000000000
0.03147241409 -0.00659771857 0.24372582405 0.00000000000 0.00000000000 0.00000000000 0.00000000000 0.00000000000 0.00000000000 0.00000000000 0.00000000000
0.03147460365 -0.00660518429 0.24372561344 0.00000000000 0.00000000000 0.00000000000 0.00000000000 0.00000000000 0.00000000000 0.00000000000 0.00000000000
0.03147616391 -0.00661080693 0.24372545501 0.00000000000 0.00000000000 0.00000000000 0.00000000000 0.00000000000 0.00000000000 0.00000000000 0.00000000000
0.03147764193 -0.00661645172 0.24372529617 0.00000000000 0.00000000000 0.00000000000 0.00000000000 0.00000000000 0.00000000000 0.00000000000 0.00000000000
0.03147903740 -0.00662211746 0.24372513695 0.00000000000 0.00000000000 0.00000000000 0.00000000000 0.00000000000 0.00000000000 0.00000000000 0.00000000000
0.03148035001 -0.00662780295 0.24372497737 0.00000000000 0.00000000000 0.00000000000 0.00000000000 0.00000000000 0.00000000000 0.00000000000 0.00000000000
0.03148157949 -0.00663350698 0.24372481747 0.00000000000 0.00000000000 0.00000000000 0.00000000000 0.00000000000 0.00000000000 0.00000000000 0.00000000000
0.03148272558 -0.00663922833 0.24372465729 0.00000000000 0.00000000000 0.00000000000 0.00000000000 0.00000000000 0.00000000000 0.00000000000 0.00000000000
0.03148378803 -0.00664496577 0.24372449686 0.00000000000 0.00000000000 0.00000000000 0.00000000000 0.00000000000 0.00000000000 0.00000000000 0.00000000000
0.03148476662 -0.00665071810 0.24372433621 0.00000000000 0.00000000000 0.00000000000 0.00000000000 0.00000000000 0.00000000000 0.00000000000 0.00000000000
0.03148566114 -0.00665648408 0.24372417537 0.00000000000 0.00000000000 0.00000000000 0.00000000000 0.00000000000 0.00000000000 0.00000000000 0.00000000000
0.03148647139 -0.00666226249 0.24372401437 0.00000000000 0.00000000000 0.00000000000 0.00000000000 0.00000000000 0.00000000000 0.00000000000 0.00000000000
0.03148719721 -0.00666805210 0.24372385326 0.00000000000 0.00000000000 0.00000000000 0.00000000000 0.00000000000 0.00000000000 0.00000000000 0.00000000000
0.03148783844 -0.00667385167 0.24372369206 0.00000000000 0.00000000000 0.00000000000 0.00000000000 0.00000000000 0.00000000000 0.00000000000 0.00000000000
0.03148839495 -0.00667965997 0.24372353081 0.00000000000 0.00000000000 0.00000000000 0.00000000000 0.00000000000 0.00000000000 0.00000000000 0.00000000000
0.03148886661 -0.00668547576 0.24372336954 0.00000000000 0.00000000000 0.00000000000 0.00000000000 0.00000000000 0.00000000000 0.00000000000 0.00000000000
0.03148925332 -0.00669129781 0.24372320829 0.00000000000 0.00000000000 0.00000000000 0.00000000000 0.00000000000 0.00000000000 0.00000000000 0.00000000000
0.03148955501 -0.00669712487 0.24372304708 0.00000000000 0.00000000000 0.00000000000 0.00000000000 0.00000000000 0.00000000000 0.00000000000 0.00000000000
0.03148977161 -0.00670295570 0.24372288596 0.00000000000 0.00000000000 0.00000000000 0.00000000000 0.00000000000 0.00000000000 0.00000000000 0.00000000000
0.03148990308 -0.00670878907 0.24372272496 0.00000000000 0.00000000000 0.00000000000 0.00000000000 0.00000000000 0.00000000000 0.00000000000 0.00000000000
0.03148994937 -0.00671462372 0.24372256410 0.00000000000 0.00000000000 0.00000000000 0.00000000000 0.00000000000 0.00000000000 0.00000000000 0.00000000000
0.03148991050 -0.00672045842 0.24372240343 0.00000000000 0.00000000000 0.00000000000 0.00000000000 0.00000000000 0.00000000000 0.00000000000 0.00000000000
0.03148978645 -0.00672629193 0.24372224298 0.00000000000 0.00000000000 0.00000000000 0.00000000000 0.00000000000 0.00000000000 0.00000000000 0.00000000000
0.03148957727 -0.00673212300 0.24372208279 0.00000000000 0.00000000000 0.00000000000 0.00000000000 0.00000000000 0.00000000000 0.00000000000 0.00000000000
0.03148928299 -0.00673795039 0.24372192288 0.00000000000 0.00000000000 0.00000000000 0.00000000000 0.00000000000 0.00000000000 0.00000000000 0.00000000000
0.03148890368 -0.00674377287 0.24372176330 0.00000000000 0.00000000000 0.00000000000 0.00000000000 0.00000000000 0.00000000000 0.00000000000 0.00000000000
0.03148843942 -0.00674958918 0.24372160407 0.00000000000 0.00000000000 0.00000000000 0.00000000000 0.00000000000 0.00000000000 0.00000000000 0.00000000000
0.03148789031 -0.00675539809 0.24372144524 0.00000000000 0.00000000000 0.00000000000 0.00000000000 0.00000000000 0.00000000000 0.00000000000 0.00000000000
0.03148725646 -0.00676119838 0.24372128683 0.00000000000 0.00000000000 0.00000000000 0.00000000000 0.00000000000 0.00000000000 0.00000000000 0.00000000000
0.03148653801 -0.00676698879 0.24372112888 0.00000000000 0.00000000000 0.00000000000 0.00000000000 0.00000000000 0.00000000000 0.00000000000 0.00000000000
0.03148573512 -0.00677276809 0.24372097143 0.00000000000 0.00000000000 0.00000000000 0.00000000000 0.00000000000 0.00000000000 0.00000000000 0.00000000000
0.03148484794 -0.00677853507 0.24372081450 0.00000000000 0.00000000000 0.00000000000 0.00000000000 0.00000000000 0.00000000000 0.00000000000 0.00000000000
0.03148387668 -0.00678428848 0.24372065814 0.00000000000 0.00000000000 0.00000000000 0.00000000000 0.00000000000 0.00000000000 0.00000000000 0.00000000000
0.03148282154 -0.00679002711 0.24372050237 0.00000000000 0.00000000000 0.00000000000 0.00000000000 0.00000000000 0.00000000000 0.00000000000 0.00000000000
0.03148168275 -0.00679574973 0.24372034724 0.00000000000 0.00000000000 0.00000000000 0.00000000000 0.00000000000 0.00000000000 0.00000000000 0.00000000000
0.03148046054 -0.00680145512 0.24372019278 0.00000000000 0.00000000000 0.00000000000 0.00000000000 0.00000000000 0.00000000000 0.00000000000 0.00000000000
0.03147915518 -0.00680714208 0.24372003901 0.00000000000 0.00000000000 0.00000000000 0.00000000000 0.00000000000 0.00000000000 0.00000000000 0.00000000000
0.03147776694 -0.00681280938 0.24371988598 0.00000000000 0.00000000000 0.00000000000 0.00000000000 0.00000000000 0.00000000000 0.00000000000 0.00000000000
0.03147629613 -0.00681845582 0.24371973372 0.00000000000 0.00000000000 0.00000000000 0.00000000000 0.00000000000 0.00000000000 0.00000000000 0.00000000000
0.03147474304 -0.00682408020 0.24371958226 0.00000000000 0.00000000000 0.00000000000 0.00000000000 0.00000000000 0.00000000000 0.00000000000 0.00000000000
0.03147310803 -0.00682968132 0.24371943163 0.00000000000 0.00000000000 0.00000000000 0.00000000000 0.00000000000 0.00000000000 0.00000000000 0.00000000000
0.03147139143 -0.00683525799 0.24371928188 0.00000000000 0.00000000000 0.00000000000 0.00000000000 0.00000000000 0.00000000000 0.00000000000 0.00000000000
0.03146959360 -0.00684080902 0.24371913302 0.00000000000 0.00000000000 0.00000000000 0.00000000000 0.00000000000 0.00000000000 0.00000000000 0.00000000000
0.03146771494 -0.00684633323 0.24371898511 0.00000000000 0.00000000000 0.00000000000 0.00000000000 0.00000000000 0.00000000000 0.00000000000 0.00000000000
0.03146575584 -0.00685182944 0.24371883816 0.00000000000 0.00000000000 0.00000000000 0.00000000000 0.00000000000 0.00000000000 0.00000000000 0.00000000000
0.03146371672 -0.00685729649 0.24371869222 0.00000000000 0.00000000000 0.00000000000 0.00000000000 0.00000000000 0.00000000000 0.00000000000 0.00000000000
0.03146159801 -0.00686273321 0.24371854732 0.00000000000 0.00000000000 0.00000000000 0.00000000000 0.00000000000 0.00000000000 0.00000000000 0.00000000000
0.03145940017 -0.00686813843 0.24371840348 0.00000000000 0.00000000000 0.00000000000 0.00000000000 0.00000000000 0.00000000000 0.00000000000 0.00000000000
0.03145712366 -0.00687351102 0.24371826075 0.00000000000 0.00000000000 0.00000000000 0.00000000000 0.00000000000 0.00000000000 0.00000000000 0.00000000000
0.03145476896 -0.00687884983 0.24371811915 0.00000000000 0.00000000000 0.00000000000 0.00000000000 0.00000000000 0.00000000000 0.00000000000 0.00000000000
0.03145233659 -0.00688415371 0.24371797872 0.00000000000 0.00000000000 0.00000000000 0.00000000000 0.00000000000 0.00000000000 0.00000000000 0.00000000000
0.03144982705 -0.00688942155 0.24371783949 0.00000000000 0.00000000000 0.00000000000 0.00000000000 0.00000000000 0.00000000000 0.00000000000 0.00000000000
0.03144724089 -0.00689465221 0.24371770149 0.00000000000 0.00000000000 0.00000000000 0.00000000000 0.00000000000 0.00000000000 0.00000000000 0.00000000000
0.03144457864 -0.00689984459 0.24371756475 0.00000000000 0.00000000000 0.00000000000 0.00000000000 0.00000000000 0.00000000000 0.00000000000 0.00000000000
0.03144184089 -0.00690499758 0.24371742931 0.00000000000 0.00000000000 0.00000000000 0.00000000000 0.00000000000 0.00000000000 0.00000000000 0.00000000000
0.03143902820 -0.00691011008 0.24371729519 0.00000000000 0.00000000000 0.00000000000 0.00000000000 0.00000000000 0.00000000000 0.00000000000 0.00000000000
0.03143614119 -0.00691518101 0.24371716244 0.00000000000 0.00000000000 0.00000000000 0.00000000000 0.00000000000 0.00000000000 0.00000000000 0.00000000000
0.03143318047 -0.00692020928 0.24371703107 0.00000000000 0.00000000000 0.00000000000 0.00000000000 0.00000000000 0.00000000000 0.00000000000 0.00000000000
0.03143014666 -0.00692519383 0.24371690111 0.00000000000 0.00000000000 0.00000000000 0.00000000000 0.00000000000 0.00000000000 0.00000000000 0.00000000000
0.03142704041 -0.00693013359 0.24371677261 0.00000000000 0.00000000000 0.00000000000 0.00000000000 0.00000000000 0.00000000000 0.00000000000 0.00000000000
0.03142386239 -0.00693502751 0.24371664559 0.00000000000 0.00000000000 0.00000000000 0.00000000000 0.00000000000 0.00000000000 0.00000000000 0.00000000000
0.03142061326 -0.00693987455 0.24371652008 0.00000000000 0.00000000000 0.00000000000 0.00000000000 0.00000000000 0.00000000000 0.00000000000 0.00000000000
0.03141729373 -0.00694467368 0.24371639610 0.00000000000 0.00000000000 0.00000000000 0.00000000000 0.00000000000 0.00000000000 0.00000000000 0.00000000000
0.03141390450 -0.00694942387 0.24371627369 0.00000000000 0.00000000000 0.00000000000 0.00000000000 0.00000000000 0.00000000000 0.00000000000 0.00000000000
0.03141044630 -0.00695412412 0.24371615288 0.00000000000 0.00000000000 0.00000000000 0.00000000000 0.00000000000 0.00000000000 0.00000000000 0.00000000000
0.03140691984 -0.00695877342 0.24371603370 0.00000000000 0.00000000000 0.00000000000 0.00000000000 0.00000000000 0.00000000000 0.00000000000 0.00000000000
0.03140332590 -0.00696337078 0.24371591617 0.00000000000 0.00000000000 0.00000000000 0.00000000000 0.00000000000 0.00000000000 0.00000000000 0.00000000000
0.03139966523 -0.00696791523 0.24371580032 0.00000000000 0.00000000000 0.00000000000 0.00000000000 0.00000000000 0.00000000000 0.00000000000 0.00000000000
0.03139593862 -0.00697240580 0.24371568618 0.00000000000 0.00000000000 0.00000000000 0.00000000000 0.00000000000 0.00000000000 0.00000000000 0.00000000000
0.03139214685 -0.00697684152 0.24371557378 0.00000000000 0.00000000000 0.00000000000 0.00000000000 0.00000000000 0.00000000000 0.00000000000 0.00000000000
0.03138829074 -0.00698122147 0.24371546314 0.00000000000 0.00000000000 0.00000000000 0.00000000000 0.00000000000 0.00000000000 0.00000000000 0.00000000000
0.03138437110 -0.00698554470 0.24371535430 0.00000000000 0.00000000000 0.00000000000 0.00000000000 0.00000000000 0.00000000000 0.00000000000 0.00000000000
0.03138038877 -0.00698981029 0.24371524727 0.00000000000 0.00000000000 0.00000000000 0.00000000000 0.00000000000 0.00000000000 0.00000000000 0.00000000000
0.03137634460 -0.00699401734 0.24371514208 0.00000000000 0.00000000000 0.00000000000 0.00000000000 0.00000000000 0.00000000000 0.00000000000 0.00000000000
0.03137223945 -0.00699816495 0.24371503876 0.00000000000 0.00000000000 0.00000000000 0.00000000000 0.00000000000 0.00000000000 0.00000000000 0.00000000000
0.03136807419 -0.00700225224 0.24371493733 0.00000000000 0.00000000000 0.00000000000 0.00000000000 0.00000000000 0.00000000000 0.00000000000 0.00000000000
0.03136384972 -0.00700627833 0.24371483782 0.00000000000 0.00000000000 0.00000000000 0.00000000000 0.00000000000 0.00000000000 0.00000000000 0.00000000000
0.03135956692 -0.00701024238 0.24371474025 0.00000000000 0.00000000000 0.00000000000 0.00000000000 0.00000000000 0.00000000000 0.00000000000 0.00000000000
0.03135522672 -0.00701414353 0.24371464465 0.00000000000 0.00000000000 0.00000000000 0.00000000000 0.00000000000 0.00000000000 0.00000000000 0.00000000000
0.03135083003 -0.00701798095 0.24371455104 0.00000000000 0.00000000000 0.00000000000 0.00000000000 0.00000000000 0.00000000000 0.00000000000 0.00000000000
0.03134637780 -0.00702175384 0.24371445944 0.00000000000 0.00000000000 0.00000000000 0.00000000000 0.00000000000 0.00000000000 0.00000000000 0.00000000000
0.03134187097 -0.00702546138 0.24371436987 0.00000000000 0.00000000000 0.00000000000 0.00000000000 0.00000000000 0.00000000000 0.00000000000 0.00000000000
0.03133731050 -0.00702910278 0.24371428236 0.00000000000 0.00000000000 0.00000000000 0.00000000000 0.00000000000 0.00000000000 0.00000000000 0.00000000000
0.03133269735 -0.00703267728 0.24371419693 0.00000000000 0.00000000000 0.00000000000 0.00000000000 0.00000000000 0.00000000000 0.00000000000 0.00000000000
0.03132803253 -0.00703618410 0.24371411360 0.00000000000 0.00000000000 0.00000000000 0.00000000000 0.00000000000 0.00000000000 0.00000000000 0.00000000000
0.03132331701 -0.00703962251 0.24371403239 0.00000000000 0.00000000000 0.00000000000 0.00000000000 0.00000000000 0.00000000000 0.00000000000 0.00000000000
0.03131855180 -0.00704299178 0.24371395332 0.00000000000 0.00000000000 0.00000000000 0.00000000000 0.00000000000 0.00000000000 0.00000000000 0.00000000000
0.03131373792 -0.00704629117 0.24371387641 0.00000000000 0.00000000000 0.00000000000 0.00000000000 0.00000000000 0.00000000000 0.00000000000 0.00000000000
0.03130887639 -0.00704952000 0.24371380167 0.00000000000 0.00000000000 0.00000000000 0.00000000000 0.00000000000 0.00000000000 0.00000000000 0.00000000000
0.03130396824 -0.00705267757 0.24371372914 0.00000000000 0.00000000000 0.00000000000 0.00000000000 0.00000000000 0.00000000000 0.00000000000 0.00000000000
0.03129901453 -0.00705576321 0.24371365882 0.00000000000 0.00000000000 0.00000000000 0.00000000000 0.00000000000 0.00000000000 0.00000000000 0.00000000000
0.03129401630 -0.00705877627 0.24371359074 0.00000000000 0.00000000000 0.00000000000 0.00000000000 0.00000000000 0.00000000000 0.00000000000 0.00000000000
0.03128897463 -0.00706171610 0.24371352491 0.00000000000 0.00000000000 0.00000000000 0.00000000000 0.00000000000 0.00000000000 0.00000000000 0.00000000000
0.03128389058 -0.00706458209 0.24371346134 0.00000000000 0.00000000000 0.00000000000 0.00000000000 0.00000000000 0.00000000000 0.00000000000 0.00000000000
0.03127876523 -0.00706737360 0.24371340006 0.00000000000 0.00000000000 0.00000000000 0.00000000000 0.00000000000 0.00000000000 0.00000000000 0.00000000000
0.03127359969 -0.00707009007 0.24371334108 0.00000000000 0.00000000000 0.00000000000 0.00000000000 0.00000000000 0.00000000000 0.00000000000 0.00000000000
0.03126666016 -0.00707361117 0.24371326552 0.00000000000 0.00000000000 0.00000000000 0.00000000000 0.00000000000 0.00000000000 0.00000000000 0.00000000000
0.03126139852 -0.00707613770 0.24371321235 0.00000000000 0.00000000000 0.00000000000 0.00000000000 0.00000000000 0.00000000000 0.00000000000 0.00000000000
0.03125786692 -0.00707777053 0.24371317848 0.00000000000 0.00000000000 0.00000000000 0.00000000000 0.00000000000 0.00000000000 0.00000000000 0.00000000000
ZONE T="NURB"
I=201, J=1, K=1
0.03146941936 -0.00658846572 0.24372608583 2500.11212735191 0.00000000000 0.00000000000 0.00000000000 0.00000000000 0.00000000000 0.00000000000 0.24381512011
0.03147033192 -0.00659123687 0.24372600739 2499.84135868761 0.00000000000 0.00000000000 0.00000000000 0.00000000000 0.00000000000 0.00000000000 0.24381511660
0.03147122424 -0.00659401461 0.24372592882 2499.70356456620 0.00000000000 0.00000000000 0.00000000000 0.00000000000 0.00000000000 0.00000000000 0.24381511316
0.03147209625 -0.00659679877 0.24372585013 2499.69881360592 0.00000000000 0.00000000000 0.00000000000 0.00000000000 0.00000000000 0.00000000000 0.24381510981
0.03147294793 -0.00659958922 0.24372577132 2499.82709468288 0.00000000000 0.00000000000 0.00000000000 0.00000000000 0.00000000000 0.00000000000 0.24381510655
0.03147377921 -0.00660238581 0.24372569239 2499.74787450338 0.00000000000 0.00000000000 0.00000000000 0.00000000000 0.00000000000 0.00000000000 0.24381510337
0.03147459005 -0.00660518838 0.24372561336 2499.80334390294 0.00000000000 0.00000000000 0.00000000000 0.00000000000 0.00000000000 0.00000000000 0.24381510027
0.03147538042 -0.00660799679 0.24372553420 2499.74717410072 0.00000000000 0.00000000000 0.00000000000 0.00000000000 0.00000000000 0.00000000000 0.24381509724
0.03147615028 -0.00661081088 0.24372545494 2499.82363048435 0.00000000000 0.00000000000 0.00000000000 0.00000000000 0.00000000000 0.00000000000 0.24381509429
0.03147689957 -0.00661363052 0.24372537557 2499.76143930504 0.00000000000 0.00000000000 0.00000000000 0.00000000000 0.00000000000 0.00000000000 0.24381509142
0.03147762826 -0.00661645554 0.24372529610 2499.83234375660 0.00000000000 0.00000000000 0.00000000000 0.00000000000 0.00000000000 0.00000000000 0.24381508863
0.03147833631 -0.00661928580 0.24372521653 2499.77161568934 0.00000000000 0.00000000000 0.00000000000 0.00000000000 0.00000000000 0.00000000000 0.24381508591
0.03147902368 -0.00662212115 0.24372513688 2499.84397391556 0.00000000000 0.00000000000 0.00000000000 0.00000000000 0.00000000000 0.00000000000 0.24381508328
0.03147969035 -0.00662496143 0.24372505713 2499.78296944309 0.00000000000 0.00000000000 0.00000000000 0.00000000000 0.00000000000 0.00000000000 0.24381508072
0.03148033626 -0.00662780650 0.24372497730 2499.85504529134 0.00000000000 0.00000000000 0.00000000000 0.00000000000 0.00000000000 0.00000000000 0.24381507825
0.03148096139 -0.00663065620 0.24372489740 2499.79422664963 0.00000000000 0.00000000000 0.00000000000 0.00000000000 0.00000000000 0.00000000000 0.24381507585
0.03148156570 -0.00663351039 0.24372481741 2499.86648086143 0.00000000000 0.00000000000 0.00000000000 0.00000000000 0.00000000000 0.00000000000 0.24381507353
0.03148214917 -0.00663636890 0.24372473736 2499.80571576830 0.00000000000 0.00000000000 0.00000000000 0.00000000000 0.00000000000 0.00000000000 0.24381507130
0.03148271176 -0.00663923159 0.24372465723 2499.87801604485 0.00000000000 0.00000000000 0.00000000000 0.00000000000 0.00000000000 0.00000000000 0.24381506914
0.03148325343 -0.00664209830 0.24372457705 2499.81733696815 0.00000000000 0.00000000000 0.00000000000 0.00000000000 0.00000000000 0.00000000000 0.24381506706
0.03148377417 -0.00664496889 0.24372449681 2499.88971677959 0.00000000000 0.00000000000 0.00000000000 0.00000000000 0.00000000000 0.00000000000 0.24381506507
0.03148427394 -0.00664784320 0.24372441651 2499.82910811730 0.00000000000 0.00000000000 0.00000000000 0.00000000000 0.00000000000 0.00000000000 0.24381506315
0.03148475272 -0.00665072107 0.24372433616 2499.90155159107 0.00000000000 0.00000000000 0.00000000000 0.00000000000 0.00000000000 0.00000000000 0.24381506132
0.03148521049 -0.00665360236 0.24372425576 2499.84101381081 0.00000000000 0.00000000000 0.00000000000 0.00000000000 0.00000000000 0.00000000000 0.24381505956
0.03148564721 -0.00665648691 0.24372417532 2499.91352184764 0.00000000000 0.00000000000 0.00000000000 0.00000000000 0.00000000000 0.00000000000 0.24381505789
0.03148606286 -0.00665937456 0.24372409484 2499.85304577519 0.00000000000 0.00000000000 0.00000000000 0.00000000000 0.00000000000 0.00000000000 0.24381505630
0.03148645743 -0.00666226517 0.24372401433 2499.92560864652 0.00000000000 0.00000000000 0.00000000000 0.00000000000 0.00000000000 0.00000000000 0.24381505478
0.03148683089 -0.00666515857 0.24372393379 2499.86519567450 0.00000000000 0.00000000000 0.00000000000 0.00000000000 0.00000000000 0.00000000000 0.24381505335
0.03148718322 -0.00666805462 0.24372385322 2499.93781544081 0.00000000000 0.00000000000 0.00000000000 0.00000000000 0.00000000000 0.00000000000 0.24381505200
0.03148751440 -0.00667095316 0.24372377264 2499.87745467532 0.00000000000 0.00000000000 0.00000000000 0.00000000000 0.00000000000 0.00000000000 0.24381505073
0.03148782442 -0.00667385404 0.24372369203 2499.95012029186 0.00000000000 0.00000000000 0.00000000000 0.00000000000 0.00000000000 0.00000000000 0.24381504954
0.03148811325 -0.00667675710 0.24372361141 2499.88981178547 0.00000000000 0.00000000000 0.00000000000 0.00000000000 0.00000000000 0.00000000000 0.24381504844
0.03148838089 -0.00667966218 0.24372353078 2499.96252319794 0.00000000000 0.00000000000 0.00000000000 0.00000000000 0.00000000000 0.00000000000 0.24381504741
0.03148862732 -0.00668256914 0.24372345015 2499.90226065035 0.00000000000 0.00000000000 0.00000000000 0.00000000000 0.00000000000 0.00000000000 0.24381504647
0.03148885253 -0.00668547782 0.24372336952 2499.97501200441 0.00000000000 0.00000000000 0.00000000000 0.00000000000 0.00000000000 0.00000000000 0.24381504560
0.03148905649 -0.00668838806 0.24372328889 2499.91479022058 0.00000000000 0.00000000000 0.00000000000 0.00000000000 0.00000000000 0.00000000000 0.24381504482
0.03148923922 -0.00669129970 0.24372320827 2499.98757599967 0.00000000000 0.00000000000 0.00000000000 0.00000000000 0.00000000000 0.00000000000 0.24381504412
0.03148940068 -0.00669421261 0.24372312766 2499.92739038521 0.00000000000 0.00000000000 0.00000000000 0.00000000000 0.00000000000 0.00000000000 0.24381504350
0.03148954088 -0.00669712660 0.24372304707 2500.00020657697 0.00000000000 0.00000000000 0.00000000000 0.00000000000 0.00000000000 0.00000000000 0.24381504296
0.03148965981 -0.00670004155 0.24372296649 2499.94005286022 0.00000000000 0.00000000000 0.00000000000 0.00000000000 0.00000000000 0.00000000000 0.24381504251
0.03148975746 -0.00670295728 0.24372288595 2500.01289460410 0.00000000000 0.00000000000 0.00000000000 0.00000000000 0.00000000000 0.00000000000 0.24381504213
0.03148983382 -0.00670587364 0.24372280543 2499.95276697164 0.00000000000 0.00000000000 0.00000000000 0.00000000000 0.00000000000 0.00000000000 0.24381504184
0.03148988890 -0.00670879048 0.24372272495 2500.02562962113 0.00000000000 0.00000000000 0.00000000000 0.00000000000 0.00000000000 0.00000000000 0.24381504163
0.03148992269 -0.00671170764 0.24372264450 2499.96552427639 0.00000000000 0.00000000000 0.00000000000 0.00000000000 0.00000000000 0.00000000000 0.24381504150
0.03148993518 -0.00671462497 0.24372256410 2500.03840362456 0.00000000000 0.00000000000 0.00000000000 0.00000000000 0.00000000000 0.00000000000 0.24381504145
0.03148992638 -0.00671754231 0.24372248374 2499.97831330333 0.00000000000 0.00000000000 0.00000000000 0.00000000000 0.00000000000 0.00000000000 0.24381504149
0.03148989628 -0.00672045950 0.24372240343 2500.05120267941 0.00000000000 0.00000000000 0.00000000000 0.00000000000 0.00000000000 0.00000000000 0.24381504160
0.03148984490 -0.00672337640 0.24372232318 2499.99112630190 0.00000000000 0.00000000000 0.00000000000 0.00000000000 0.00000000000 0.00000000000 0.24381504180
0.03148977223 -0.00672629284 0.24372224299 2500.06402357466 0.00000000000 0.00000000000 0.00000000000 0.00000000000 0.00000000000 0.00000000000 0.24381504208
0.03148967827 -0.00672920867 0.24372216286 2500.00395223083 0.00000000000 0.00000000000 0.00000000000 0.00000000000 0.00000000000 0.00000000000 0.24381504244
0.03148956303 -0.00673212374 0.24372208280 2500.07684943668 0.00000000000 0.00000000000 0.00000000000 0.00000000000 0.00000000000 0.00000000000 0.24381504288
0.03148942652 -0.00673503789 0.24372200281 2500.01677999918 0.00000000000 0.00000000000 0.00000000000 0.00000000000 0.00000000000 0.00000000000 0.24381504340
0.03148926874 -0.00673795096 0.24372192290 2500.08967472136 0.00000000000 0.00000000000 0.00000000000 0.00000000000 0.00000000000 0.00000000000 0.24381504401
0.03148908971 -0.00674086280 0.24372184307 2500.02960146636 0.00000000000 0.00000000000 0.00000000000 0.00000000000 0.00000000000 0.00000000000 0.24381504469
0.03148888942 -0.00674377326 0.24372176332 2500.10248714895 0.00000000000 0.00000000000 0.00000000000 0.00000000000 0.00000000000 0.00000000000 0.24381504546
0.03148866790 -0.00674668217 0.24372168366 2500.04240575322 0.00000000000 0.00000000000 0.00000000000 0.00000000000 0.00000000000 0.00000000000 0.24381504631
0.03148842516 -0.00674958939 0.24372160410 2500.11527828398 0.00000000000 0.00000000000 0.00000000000 0.00000000000 0.00000000000 0.00000000000 0.24381504724
0.03148816120 -0.00675249477 0.24372152463 2500.05518367240 0.00000000000 0.00000000000 0.00000000000 0.00000000000 0.00000000000 0.00000000000 0.24381504825
0.03148787604 -0.00675539813 0.24372144527 2500.12803775589 0.00000000000 0.00000000000 0.00000000000 0.00000000000 0.00000000000 0.00000000000 0.24381504935
0.03148756970 -0.00675829934 0.24372136601 2500.06792527630 0.00000000000 0.00000000000 0.00000000000 0.00000000000 0.00000000000 0.00000000000 0.24381505052
0.03148724219 -0.00676119823 0.24372128686 2500.14075642183 0.00000000000 0.00000000000 0.00000000000 0.00000000000 0.00000000000 0.00000000000 0.24381505178
0.03148689353 -0.00676409466 0.24372120783 2500.08061874932 0.00000000000 0.00000000000 0.00000000000 0.00000000000 0.00000000000 0.00000000000 0.24381505311
0.03148652374 -0.00676698847 0.24372112892 2500.15342061437 0.00000000000 0.00000000000 0.00000000000 0.00000000000 0.00000000000 0.00000000000 0.24381505453
0.03148613284 -0.00676987949 0.24372105013 2500.09325563244 0.00000000000 0.00000000000 0.00000000000 0.00000000000 0.00000000000 0.00000000000 0.24381505603
0.03148572084 -0.00677276759 0.24372097147 2500.16602658912 0.00000000000 0.00000000000 0.00000000000 0.00000000000 0.00000000000 0.00000000000 0.24381505761
0.03148528778 -0.00677565261 0.24372089294 2500.10582650369 0.00000000000 0.00000000000 0.00000000000 0.00000000000 0.00000000000 0.00000000000 0.24381505927
0.03148483368 -0.00677853438 0.24372081455 2500.17855815717 0.00000000000 0.00000000000 0.00000000000 0.00000000000 0.00000000000 0.00000000000 0.24381506101
0.03148435855 -0.00678141277 0.24372073630 2500.11831950313 0.00000000000 0.00000000000 0.00000000000 0.00000000000 0.00000000000 0.00000000000 0.24381506283
0.03148386242 -0.00678428761 0.24372065820 2500.19100794374 0.00000000000 0.00000000000 0.00000000000 0.00000000000 0.00000000000 0.00000000000 0.24381506473
0.03148334533 -0.00678715876 0.24372058024 2500.13072609173 0.00000000000 0.00000000000 0.00000000000 0.00000000000 0.00000000000 0.00000000000 0.24381506671
0.03148280729 -0.00679002605 0.24372050244 2500.20336779021 0.00000000000 0.00000000000 0.00000000000 0.00000000000 0.00000000000 0.00000000000 0.24381506877
0.03148224834 -0.00679288935 0.24372042479 2500.14303638106 0.00000000000 0.00000000000 0.00000000000 0.00000000000 0.00000000000 0.00000000000 0.24381507092
0.03148166851 -0.00679574849 0.24372034731 2500.21562400228 0.00000000000 0.00000000000 0.00000000000 0.00000000000 0.00000000000 0.00000000000 0.24381507314
0.03148106782 -0.00679860332 0.24372026999 2500.15524074686 0.00000000000 0.00000000000 0.00000000000 0.00000000000 0.00000000000 0.00000000000 0.24381507544
0.03148044632 -0.00680145369 0.24372019285 2500.22777348306 0.00000000000 0.00000000000 0.00000000000 0.00000000000 0.00000000000 0.00000000000 0.24381507782
0.03147980402 -0.00680429945 0.24372011588 2500.16732860113 0.00000000000 0.00000000000 0.00000000000 0.00000000000 0.00000000000 0.00000000000 0.24381508029
0.03147914097 -0.00680714045 0.24372003909 2500.23979651668 0.00000000000 0.00000000000 0.00000000000 0.00000000000 0.00000000000 0.00000000000 0.24381508283
0.03147845721 -0.00680997654 0.24371996248 2500.17929064037 0.00000000000 0.00000000000 0.00000000000 0.00000000000 0.00000000000 0.00000000000 0.24381508545
0.03147775276 -0.00681280756 0.24371988606 2500.25169408255 0.00000000000 0.00000000000 0.00000000000 0.00000000000 0.00000000000 0.00000000000 0.24381508815
0.03147702766 -0.00681563337 0.24371980984 2500.19111831403 0.00000000000 0.00000000000 0.00000000000 0.00000000000 0.00000000000 0.00000000000 0.24381509093
0.03147628197 -0.00681845381 0.24371973380 2500.26344827377 0.00000000000 0.00000000000 0.00000000000 0.00000000000 0.00000000000 0.00000000000 0.24381509379
0.03147551570 -0.00682126874 0.24371965797 2500.20280060773 0.00000000000 0.00000000000 0.00000000000 0.00000000000 0.00000000000 0.00000000000 0.24381509672
0.03147472891 -0.00682407800 0.24371958235 2500.27505606199 0.00000000000 0.00000000000 0.00000000000 0.00000000000 0.00000000000 0.00000000000 0.24381509974
0.03147392164 -0.00682688144 0.24371950693 2500.21432911362 0.00000000000 0.00000000000 0.00000000000 0.00000000000 0.00000000000 0.00000000000 0.24381510283
0.03147309393 -0.00682967893 0.24371943173 2500.28650290319 0.00000000000 0.00000000000 0.00000000000 0.00000000000 0.00000000000 0.00000000000 0.24381510601
0.03147224582 -0.00683247029 0.24371935674 2500.22569428350 0.00000000000 0.00000000000 0.00000000000 0.00000000000 0.00000000000 0.00000000000 0.24381510926
0.03147137736 -0.00683525540 0.24371928198 2500.29778359009 0.00000000000 0.00000000000 0.00000000000 0.00000000000 0.00000000000 0.00000000000 0.24381511259
0.03147048859 -0.00683803410 0.24371920744 2500.23688699663 0.00000000000 0.00000000000 0.00000000000 0.00000000000 0.00000000000 0.00000000000 0.24381511599
0.03146957957 -0.00684080623 0.24371913313 2500.30888573344 0.00000000000 0.00000000000 0.00000000000 0.00000000000 0.00000000000 0.00000000000 0.24381511948
0.03146865034 -0.00684357167 0.24371905906 2500.24789815619 0.00000000000 0.00000000000 0.00000000000 0.00000000000 0.00000000000 0.00000000000 0.24381512304
0.03146770095 -0.00684633025 0.24371898523 2500.31980330847 0.00000000000 0.00000000000 0.00000000000 0.00000000000 0.00000000000 0.00000000000 0.24381512668
0.03146673145 -0.00684908183 0.24371891163 2500.25871960954 0.00000000000 0.00000000000 0.00000000000 0.00000000000 0.00000000000 0.00000000000 0.24381513039
0.03146574189 -0.00685182626 0.24371883829 2500.33052618961 0.00000000000 0.00000000000 0.00000000000 0.00000000000 0.00000000000 0.00000000000 0.24381513419
0.03146473233 -0.00685456341 0.24371876519 2500.26934152825 0.00000000000 0.00000000000 0.00000000000 0.00000000000 0.00000000000 0.00000000000 0.24381513806
0.03146370281 -0.00685729311 0.24371869235 2500.34104517843 0.00000000000 0.00000000000 0.00000000000 0.00000000000 0.00000000000 0.00000000000 0.24381514200
0.03146265340 -0.00686001524 0.24371861977 2500.27975571522 0.00000000000 0.00000000000 0.00000000000 0.00000000000 0.00000000000 0.00000000000 0.24381514603
0.03146158415 -0.00686272963 0.24371854745 2500.35135333817 0.00000000000 0.00000000000 0.00000000000 0.00000000000 0.00000000000 0.00000000000 0.24381515012
0.03146049512 -0.00686543615 0.24371847540 2500.28995500998 0.00000000000 0.00000000000 0.00000000000 0.00000000000 0.00000000000 0.00000000000 0.24381515430
0.03145938636 -0.00686813466 0.24371840362 2500.36144149003 0.00000000000 0.00000000000 0.00000000000 0.00000000000 0.00000000000 0.00000000000 0.24381515855
0.03145825794 -0.00687082500 0.24371833212 2500.29992898616 0.00000000000 0.00000000000 0.00000000000 0.00000000000 0.00000000000 0.00000000000 0.24381516287
0.03145710991 -0.00687350705 0.24371826090 2500.37129938356 0.00000000000 0.00000000000 0.00000000000 0.00000000000 0.00000000000 0.00000000000 0.24381516727
0.03145594233 -0.00687618064 0.24371818995 2500.30967064850 0.00000000000 0.00000000000 0.00000000000 0.00000000000 0.00000000000 0.00000000000 0.24381517175
0.03145475528 -0.00687884565 0.24371811930 2500.38092354058 0.00000000000 0.00000000000 0.00000000000 0.00000000000 0.00000000000 0.00000000000 0.24381517630
0.03145354880 -0.00688150193 0.24371804894 2500.31917291128 0.00000000000 0.00000000000 0.00000000000 0.00000000000 0.00000000000 0.00000000000 0.24381518092
0.03145232297 -0.00688414933 0.24371797888 2500.39030227829 0.00000000000 0.00000000000 0.00000000000 0.00000000000 0.00000000000 0.00000000000 0.24381518562
0.03145107784 -0.00688678773 0.24371790911 2500.32842646728 0.00000000000 0.00000000000 0.00000000000 0.00000000000 0.00000000000 0.00000000000 0.24381519039
0.03144981350 -0.00688941697 0.24371783965 2500.39943011765 0.00000000000 0.00000000000 0.00000000000 0.00000000000 0.00000000000 0.00000000000 0.24381519524
0.03144852999 -0.00689203692 0.24371777050 2500.33742594095 0.00000000000 0.00000000000 0.00000000000 0.00000000000 0.00000000000 0.00000000000 0.24381520016
0.03144722740 -0.00689464743 0.24371770166 2500.40830029213 0.00000000000 0.00000000000 0.00000000000 0.00000000000 0.00000000000 0.00000000000 0.24381520515
0.03144590579 -0.00689724837 0.24371763313 2500.34616128839 0.00000000000 0.00000000000 0.00000000000 0.00000000000 0.00000000000 0.00000000000 0.24381521022
0.03144456523 -0.00689983961 0.24371756493 2500.41689984909 0.00000000000 0.00000000000 0.00000000000 0.00000000000 0.00000000000 0.00000000000 0.24381521536
0.03144320579 -0.00690242100 0.24371749704 2500.35462782878 0.00000000000 0.00000000000 0.00000000000 0.00000000000 0.00000000000 0.00000000000 0.24381522057
0.03144182755 -0.00690499240 0.24371742949 2500.42523306916 0.00000000000 0.00000000000 0.00000000000 0.00000000000 0.00000000000 0.00000000000 0.24381522585
0.03144043058 -0.00690755368 0.24371736227 2500.36281820856 0.00000000000 0.00000000000 0.00000000000 0.00000000000 0.00000000000 0.00000000000 0.24381523121
0.03143901495 -0.00691010470 0.24371729538 2500.43328022995 0.00000000000 0.00000000000 0.00000000000 0.00000000000 0.00000000000 0.00000000000 0.24381523663
0.03143758074 -0.00691264533 0.24371722883 2500.37072426835 0.00000000000 0.00000000000 0.00000000000 0.00000000000 0.00000000000 0.00000000000 0.24381524213
0.03143612803 -0.00691517542 0.24371716263 2500.44104512111 0.00000000000 0.00000000000 0.00000000000 0.00000000000 0.00000000000 0.00000000000 0.24381524770
0.03143465688 -0.00691769486 0.24371709677 2500.37834252141 0.00000000000 0.00000000000 0.00000000000 0.00000000000 0.00000000000 0.00000000000 0.24381525334
0.03143316739 -0.00692020349 0.24371703126 2500.44851639384 0.00000000000 0.00000000000 0.00000000000 0.00000000000 0.00000000000 0.00000000000 0.24381525905
0.03143165963 -0.00692270120 0.24371696611 2500.38566446789 0.00000000000 0.00000000000 0.00000000000 0.00000000000 0.00000000000 0.00000000000 0.24381526483
0.03143013367 -0.00692518784 0.24371690132 2500.45568981817 0.00000000000 0.00000000000 0.00000000000 0.00000000000 0.00000000000 0.00000000000 0.24381527067
0.03142858961 -0.00692766328 0.24371683689 2500.39268425952 0.00000000000 0.00000000000 0.00000000000 0.00000000000 0.00000000000 0.00000000000 0.24381527659
0.03142702752 -0.00693012740 0.24371677282 2500.46255581643 0.00000000000 0.00000000000 0.00000000000 0.00000000000 0.00000000000 0.00000000000 0.24381528258
0.03142544749 -0.00693258005 0.24371670913 2500.39939796696 0.00000000000 0.00000000000 0.00000000000 0.00000000000 0.00000000000 0.00000000000 0.24381528864
0.03142384960 -0.00693502112 0.24371664580 2500.46911796508 0.00000000000 0.00000000000 0.00000000000 0.00000000000 0.00000000000 0.00000000000 0.24381529476
0.03142223394 -0.00693745046 0.24371658286 2500.40580000988 0.00000000000 0.00000000000 0.00000000000 0.00000000000 0.00000000000 0.00000000000 0.24381530095
0.03142060058 -0.00693986795 0.24371652030 2500.47536036969 0.00000000000 0.00000000000 0.00000000000 0.00000000000 0.00000000000 0.00000000000 0.24381530722
0.03141894963 -0.00694227347 0.24371645812 2500.41188235031 0.00000000000 0.00000000000 0.00000000000 0.00000000000 0.00000000000 0.00000000000 0.24381531354
0.03141728116 -0.00694466688 0.24371639633 2500.48128324553 0.00000000000 0.00000000000 0.00000000000 0.00000000000 0.00000000000 0.00000000000 0.24381531994
0.03141559527 -0.00694704806 0.24371633493 2500.41764452053 0.00000000000 0.00000000000 0.00000000000 0.00000000000 0.00000000000 0.00000000000 0.24381532640
0.03141389205 -0.00694941687 0.24371627393 2500.48688606433 0.00000000000 0.00000000000 0.00000000000 0.00000000000 0.00000000000 0.00000000000 0.24381533293
0.03141217158 -0.00695177320 0.24371621332 2500.42307901564 0.00000000000 0.00000000000 0.00000000000 0.00000000000 0.00000000000 0.00000000000 0.24381533952
0.03141043395 -0.00695411692 0.24371615312 2500.49215369425 0.00000000000 0.00000000000 0.00000000000 0.00000000000 0.00000000000 0.00000000000 0.24381534618
0.03140867927 -0.00695644790 0.24371609333 2500.42818214020 0.00000000000 0.00000000000 0.00000000000 0.00000000000 0.00000000000 0.00000000000 0.24381535291
0.03140690762 -0.00695876602 0.24371603394 2500.49709416493 0.00000000000 0.00000000000 0.00000000000 0.00000000000 0.00000000000 0.00000000000 0.24381535970
0.03140511910 -0.00696107116 0.24371597497 2500.43295188701 0.00000000000 0.00000000000 0.00000000000 0.00000000000 0.00000000000 0.00000000000 0.24381536656
0.03140331380 -0.00696336319 0.24371591642 2500.50169472080 0.00000000000 0.00000000000 0.00000000000 0.00000000000 0.00000000000 0.00000000000 0.24381537348
0.03140149183 -0.00696564199 0.24371585829 2500.43738149425 0.00000000000 0.00000000000 0.00000000000 0.00000000000 0.00000000000 0.00000000000 0.24381538046
0.03139965326 -0.00696790744 0.24371580058 2500.50595484362 0.00000000000 0.00000000000 0.00000000000 0.00000000000 0.00000000000 0.00000000000 0.24381538751
0.03139779822 -0.00697015943 0.24371574329 2500.44146952377 0.00000000000 0.00000000000 0.00000000000 0.00000000000 0.00000000000 0.00000000000 0.24381539462
0.03139592678 -0.00697239782 0.24371568644 2500.50987254246 0.00000000000 0.00000000000 0.00000000000 0.00000000000 0.00000000000 0.00000000000 0.24381540179
0.03139403906 -0.00697462250 0.24371563003 2500.44521285166 0.00000000000 0.00000000000 0.00000000000 0.00000000000 0.00000000000 0.00000000000 0.24381540903
0.03139213515 -0.00697683335 0.24371557405 2500.51344367414 0.00000000000 0.00000000000 0.00000000000 0.00000000000 0.00000000000 0.00000000000 0.24381541632
0.03139021516 -0.00697903026 0.24371551851 2500.44860797317 0.00000000000 0.00000000000 0.00000000000 0.00000000000 0.00000000000 0.00000000000 0.24381542368
0.03138827918 -0.00698121310 0.24371546342 2500.51666543733 0.00000000000 0.00000000000 0.00000000000 0.00000000000 0.00000000000 0.00000000000 0.24381543110
0.03138632732 -0.00698338177 0.24371540877 2500.45165330847 0.00000000000 0.00000000000 0.00000000000 0.00000000000 0.00000000000 0.00000000000 0.24381543859
0.03138435969 -0.00698553614 0.24371535457 2500.51953675549 0.00000000000 0.00000000000 0.00000000000 0.00000000000 0.00000000000 0.00000000000 0.24381544613
0.03138237638 -0.00698767610 0.24371530083 2500.45434596735 0.00000000000 0.00000000000 0.00000000000 0.00000000000 0.00000000000 0.00000000000 0.24381545373
0.03138037751 -0.00698980154 0.24371524755 2500.52205328948 0.00000000000 0.00000000000 0.00000000000 0.00000000000 0.00000000000 0.00000000000 0.24381546139
0.03137836318 -0.00699191235 0.24371519473 2500.45668471525 0.00000000000 0.00000000000 0.00000000000 0.00000000000 0.00000000000 0.00000000000 0.24381546911
0.03137633349 -0.00699400840 0.24371514237 2500.52421737723 0.00000000000 0.00000000000 0.00000000000 0.00000000000 0.00000000000 0.00000000000 0.24381547689
0.03137428856 -0.00699608960 0.24371509047 2500.45866744350 0.00000000000 0.00000000000 0.00000000000 0.00000000000 0.00000000000 0.00000000000 0.24381548473
0.03137222850 -0.00699815583 0.24371503905 2500.52602268451 0.00000000000 0.00000000000 0.00000000000 0.00000000000 0.00000000000 0.00000000000 0.24381549263
0.03137015341 -0.00700020697 0.24371498810 2500.46029343322 0.00000000000 0.00000000000 0.00000000000 0.00000000000 0.00000000000 0.00000000000 0.24381550058
0.03136806341 -0.00700224293 0.24371493763 2500.52747223592 0.00000000000 0.00000000000 0.00000000000 0.00000000000 0.00000000000 0.00000000000 0.24381550859
0.03136595860 -0.00700426358 0.24371488764 2500.46156288060 0.00000000000 0.00000000000 0.00000000000 0.00000000000 0.00000000000 0.00000000000 0.24381551666
0.03136383910 -0.00700626884 0.24371483812 2500.52856472146 0.00000000000 0.00000000000 0.00000000000 0.00000000000 0.00000000000 0.00000000000 0.24381552478
0.03136170502 -0.00700825858 0.24371478910 2500.46247284890 0.00000000000 0.00000000000 0.00000000000 0.00000000000 0.00000000000 0.00000000000 0.24381553296
0.03135955647 -0.00701023270 0.24371474056 2500.52929587923 0.00000000000 0.00000000000 0.00000000000 0.00000000000 0.00000000000 0.00000000000 0.24381554120
0.03135739358 -0.00701219110 0.24371469252 2500.46302499188 0.00000000000 0.00000000000 0.00000000000 0.00000000000 0.00000000000 0.00000000000 0.24381554949
0.03135521644 -0.00701413367 0.24371464496 2500.52967287148 0.00000000000 0.00000000000 0.00000000000 0.00000000000 0.00000000000 0.00000000000 0.24381555783
0.03135302519 -0.00701606031 0.24371459791 2500.46321849691 0.00000000000 0.00000000000 0.00000000000 0.00000000000 0.00000000000 0.00000000000 0.24381556623
0.03135081994 -0.00701797092 0.24371455136 2500.52968745873 0.00000000000 0.00000000000 0.00000000000 0.00000000000 0.00000000000 0.00000000000 0.24381557469
0.03134860079 -0.00701986539 0.24371450531 2500.46305470239 0.00000000000 0.00000000000 0.00000000000 0.00000000000 0.00000000000 0.00000000000 0.24381558319
0.03134636788 -0.00702174363 0.24371445976 2500.52934963294 0.00000000000 0.00000000000 0.00000000000 0.00000000000 0.00000000000 0.00000000000 0.24381559175
0.03134412133 -0.00702360553 0.24371441472 2500.46253364149 0.00000000000 0.00000000000 0.00000000000 0.00000000000 0.00000000000 0.00000000000 0.24381560036
0.03134186124 -0.00702545099 0.24371437020 2500.52864976104 0.00000000000 0.00000000000 0.00000000000 0.00000000000 0.00000000000 0.00000000000 0.24381560902
0.03133958774 -0.00702727993 0.24371432619 2500.46165706242 0.00000000000 0.00000000000 0.00000000000 0.00000000000 0.00000000000 0.00000000000 0.24381561774
0.03133730096 -0.00702909223 0.24371428270 2500.52760086029 0.00000000000 0.00000000000 0.00000000000 0.00000000000 0.00000000000 0.00000000000 0.24381562650
0.03133500100 -0.00703088780 0.24371423972 2500.46042601947 0.00000000000 0.00000000000 0.00000000000 0.00000000000 0.00000000000 0.00000000000 0.24381563532
0.03133268801 -0.00703266656 0.24371419727 2500.52619264611 0.00000000000 0.00000000000 0.00000000000 0.00000000000 0.00000000000 0.00000000000 0.24381564418
0.03133036209 -0.00703442839 0.24371415534 2500.45884075009 0.00000000000 0.00000000000 0.00000000000 0.00000000000 0.00000000000 0.00000000000 0.24381565310
0.03132802338 -0.00703617322 0.24371411394 2500.52443537434 0.00000000000 0.00000000000 0.00000000000 0.00000000000 0.00000000000 0.00000000000 0.24381566206
0.03132567200 -0.00703790094 0.24371407307 2500.45690728334 0.00000000000 0.00000000000 0.00000000000 0.00000000000 0.00000000000 0.00000000000 0.24381567108
0.03132330806 -0.00703961147 0.24371403273 2500.52233101984 0.00000000000 0.00000000000 0.00000000000 0.00000000000 0.00000000000 0.00000000000 0.24381568014
0.03132093171 -0.00704130470 0.24371399293 2500.45462447549 0.00000000000 0.00000000000 0.00000000000 0.00000000000 0.00000000000 0.00000000000 0.24381568925
0.03131854306 -0.00704298057 0.24371395367 2500.51987540530 0.00000000000 0.00000000000 0.00000000000 0.00000000000 0.00000000000 0.00000000000 0.24381569840
0.03131614225 -0.00704463896 0.24371391494 2500.45199588459 0.00000000000 0.00000000000 0.00000000000 0.00000000000 0.00000000000 0.00000000000 0.24381570760
0.03131372939 -0.00704627980 0.24371387676 2500.51707955037 0.00000000000 0.00000000000 0.00000000000 0.00000000000 0.00000000000 0.00000000000 0.24381571685
0.03131130463 -0.00704790300 0.24371383912 2500.44902624186 0.00000000000 0.00000000000 0.00000000000 0.00000000000 0.00000000000 0.00000000000 0.24381572615
0.03130886808 -0.00704950848 0.24371380203 2500.51394183845 0.00000000000 0.00000000000 0.00000000000 0.00000000000 0.00000000000 0.00000000000 0.24381573549
0.03130641987 -0.00705109614 0.24371376549 2500.44571588021 0.00000000000 0.00000000000 0.00000000000 0.00000000000 0.00000000000 0.00000000000 0.24381574487
0.03130396015 -0.00705266590 0.24371372950 2500.51046467196 0.00000000000 0.00000000000 0.00000000000 0.00000000000 0.00000000000 0.00000000000 0.24381575430
0.03130148903 -0.00705421768 0.24371369407 2500.44207495849 0.00000000000 0.00000000000 0.00000000000 0.00000000000 0.00000000000 0.00000000000 0.24381576377
0.03129900666 -0.00705575139 0.24371365919 2500.50666622377 0.00000000000 0.00000000000 0.00000000000 0.00000000000 0.00000000000 0.00000000000 0.24381577329
0.03129651316 -0.00705726696 0.24371362487 2500.43808397216 0.00000000000 0.00000000000 0.00000000000 0.00000000000 0.00000000000 0.00000000000 0.24381578284
0.03129400866 -0.00705876431 0.24371359111 2500.50248901875 0.00000000000 0.00000000000 0.00000000000 0.00000000000 0.00000000000 0.00000000000 0.24381579244
0.03129149330 -0.00706024334 0.24371355791 2500.43383855946 0.00000000000 0.00000000000 0.00000000000 0.00000000000 0.00000000000 0.00000000000 0.24381580208
0.03128896721 -0.00706170400 0.24371352528 2500.49818196510 0.00000000000 0.00000000000 0.00000000000 0.00000000000 0.00000000000 0.00000000000 0.24381581177
0.03128643053 -0.00706314619 0.24371349321 2500.42900104432 0.00000000000 0.00000000000 0.00000000000 0.00000000000 0.00000000000 0.00000000000 0.24381582149
0.03128388340 -0.00706456984 0.24371346172 2500.49282055851 0.00000000000 0.00000000000 0.00000000000 0.00000000000 0.00000000000 0.00000000000 0.24381583125
0.03128132593 -0.00706597488 0.24371343079 2500.42485013417 0.00000000000 0.00000000000 0.00000000000 0.00000000000 0.00000000000 0.00000000000 0.24381584105
0.03127875829 -0.00706736122 0.24371340044 2500.48988854312 0.00000000000 0.00000000000 0.00000000000 0.00000000000 0.00000000000 0.00000000000 0.24381585090
0.03127618059 -0.00706872881 0.24371337066 2500.41641679855 0.00000000000 0.00000000000 0.00000000000 0.00000000000 0.00000000000 0.00000000000 0.24381586078
0.03127359298 -0.00707007756 0.24371334146 2500.47648009635 0.00000000000 0.00000000000 0.00000000000 0.00000000000 0.00000000000 0.00000000000 0.24381587069
0.03127099560 -0.00707140740 0.24371331284 2500.42267912514 0.00000000000 0.00000000000 0.00000000000 0.00000000000 0.00000000000 0.00000000000 0.24381588065
0.03126838858 -0.00707271826 0.24371328479 2500.50054021675 0.00000000000 0.00000000000 0.00000000000 0.00000000000 0.00000000000 0.00000000000 0.24381589064
0.03126577206 -0.00707401007 0.24371325733 2500.37487609057 0.00000000000 0.00000000000 0.00000000000 0.00000000000 0.00000000000 0.00000000000 0.24381590067
0.03126314619 -0.00707528276 0.24371323046 2500.38232736624 0.00000000000 0.00000000000 0.00000000000 0.00000000000 0.00000000000 0.00000000000 0.24381591074
0.03126051109 -0.00707653627 0.24371320417 2500.52288944370 0.00000000000 0.00000000000 0.00000000000 0.00000000000 0.00000000000 0.00000000000 0.24381592084
0.03125786692 -0.00707777053 0.24371317848 2500.79649414613 0.00000000000 0.00000000000 0.00000000000 0.00000000000 0.00000000000 0.00000000000 0.24381593098
