VARIABLES=
"CoordinateX"
"CoordinateY"
"CoordinateZ"
"Kappa1"
"Kappa2"
"dy"
"dz"
"d2x"
"d2y"
"d2z"
"R"
ZONE T="Konrollpunkte"
I=101, J=1, K=1
0.07163185026 0.00553154476 0.24257036693 0.00000000000 0.00000000000 0.00000000000 0.00000000000 0.00000000000 0.00000000000 0.00000000000 0.00000000000
0.07163219141 0.00553923456 0.24257020162 0.00000000000 0.00000000000 0.00000000000 0.00000000000 0.00000000000 0.00000000000 0.00000000000 0.00000000000
0.07163232861 0.00555100031 0.24256993675 0.00000000000 0.00000000000 0.00000000000 0.00000000000 0.00000000000 0.00000000000 0.00000000000 0.00000000000
0.07163199325 0.00556693705 0.24256956153 0.00000000000 0.00000000000 0.00000000000 0.00000000000 0.00000000000 0.00000000000 0.00000000000 0.00000000000
0.07163144556 0.00557922064 0.24256926297 0.00000000000 0.00000000000 0.00000000000 0.00000000000 0.00000000000 0.00000000000 0.00000000000 0.00000000000
0.07163057596 0.00559171103 0.24256894943 0.00000000000 0.00000000000 0.00000000000 0.00000000000 0.00000000000 0.00000000000 0.00000000000 0.00000000000
0.07162937802 0.00560430425 0.24256862307 0.00000000000 0.00000000000 0.00000000000 0.00000000000 0.00000000000 0.00000000000 0.00000000000 0.00000000000
0.07162785460 0.00561690793 0.24256828611 0.00000000000 0.00000000000 0.00000000000 0.00000000000 0.00000000000 0.00000000000 0.00000000000 0.00000000000
0.07162601534 0.00562943735 0.24256794079 0.00000000000 0.00000000000 0.00000000000 0.00000000000 0.00000000000 0.00000000000 0.00000000000 0.00000000000
0.07162387016 0.00564185461 0.24256758831 0.00000000000 0.00000000000 0.00000000000 0.00000000000 0.00000000000 0.00000000000 0.00000000000 0.00000000000
0.07162142380 0.00565415948 0.24256722883 0.00000000000 0.00000000000 0.00000000000 0.00000000000 0.00000000000 0.00000000000 0.00000000000 0.00000000000
0.07161867720 0.00566636428 0.24256686211 0.00000000000 0.00000000000 0.00000000000 0.00000000000 0.00000000000 0.00000000000 0.00000000000 0.00000000000
0.07161563127 0.00567847450 0.24256648806 0.00000000000 0.00000000000 0.00000000000 0.00000000000 0.00000000000 0.00000000000 0.00000000000 0.00000000000
0.07161228826 0.00569048732 0.24256610683 0.00000000000 0.00000000000 0.00000000000 0.00000000000 0.00000000000 0.00000000000 0.00000000000 0.00000000000
0.07160865062 0.00570239865 0.24256571860 0.00000000000 0.00000000000 0.00000000000 0.00000000000 0.00000000000 0.00000000000 0.00000000000 0.00000000000
0.07160472001 0.00571420636 0.24256532349 0.00000000000 0.00000000000 0.00000000000 0.00000000000 0.00000000000 0.00000000000 0.00000000000 0.00000000000
0.07160049743 0.00572590889 0.24256492157 0.00000000000 0.00000000000 0.00000000000 0.00000000000 0.00000000000 0.00000000000 0.00000000000 0.00000000000
0.07159598401 0.00573750340 0.24256451297 0.00000000000 0.00000000000 0.00000000000 0.00000000000 0.00000000000 0.00000000000 0.00000000000 0.00000000000
0.07159118144 0.00574898478 0.24256409788 0.00000000000 0.00000000000 0.00000000000 0.00000000000 0.00000000000 0.00000000000 0.00000000000 0.00000000000
0.07158609245 0.00576034616 0.24256367654 0.00000000000 0.00000000000 0.00000000000 0.00000000000 0.00000000000 0.00000000000 0.00000000000 0.00000000000
0.07158072023 0.00577157960 0.24256324927 0.00000000000 0.00000000000 0.00000000000 0.00000000000 0.00000000000 0.00000000000 0.00000000000 0.00000000000
0.07157506849 0.00578267708 0.24256281638 0.00000000000 0.00000000000 0.00000000000 0.00000000000 0.00000000000 0.00000000000 0.00000000000 0.00000000000
0.07156914092 0.00579363076 0.24256237819 0.00000000000 0.00000000000 0.00000000000 0.00000000000 0.00000000000 0.00000000000 0.00000000000 0.00000000000
0.07156294157 0.00580443338 0.24256193501 0.00000000000 0.00000000000 0.00000000000 0.00000000000 0.00000000000 0.00000000000 0.00000000000 0.00000000000
0.07155647437 0.00581507793 0.24256148715 0.00000000000 0.00000000000 0.00000000000 0.00000000000 0.00000000000 0.00000000000 0.00000000000 0.00000000000
0.07154974348 0.00582555772 0.24256103492 0.00000000000 0.00000000000 0.00000000000 0.00000000000 0.00000000000 0.00000000000 0.00000000000 0.00000000000
0.07154275300 0.00583586612 0.24256057861 0.00000000000 0.00000000000 0.00000000000 0.00000000000 0.00000000000 0.00000000000 0.00000000000 0.00000000000
0.07153550733 0.00584599671 0.24256011854 0.00000000000 0.00000000000 0.00000000000 0.00000000000 0.00000000000 0.00000000000 0.00000000000 0.00000000000
0.07152801101 0.00585594319 0.24255965501 0.00000000000 0.00000000000 0.00000000000 0.00000000000 0.00000000000 0.00000000000 0.00000000000 0.00000000000
0.07152026873 0.00586569937 0.24255918834 0.00000000000 0.00000000000 0.00000000000 0.00000000000 0.00000000000 0.00000000000 0.00000000000 0.00000000000
0.07151228530 0.00587525915 0.24255871884 0.00000000000 0.00000000000 0.00000000000 0.00000000000 0.00000000000 0.00000000000 0.00000000000 0.00000000000
0.07150406568 0.00588461655 0.24255824682 0.00000000000 0.00000000000 0.00000000000 0.00000000000 0.00000000000 0.00000000000 0.00000000000 0.00000000000
0.07149561500 0.00589376577 0.24255777262 0.00000000000 0.00000000000 0.00000000000 0.00000000000 0.00000000000 0.00000000000 0.00000000000 0.00000000000
0.07148693854 0.00590270107 0.24255729653 0.00000000000 0.00000000000 0.00000000000 0.00000000000 0.00000000000 0.00000000000 0.00000000000 0.00000000000
0.07147804172 0.00591141691 0.24255681890 0.00000000000 0.00000000000 0.00000000000 0.00000000000 0.00000000000 0.00000000000 0.00000000000 0.00000000000
0.07146893008 0.00591990786 0.24255634003 0.00000000000 0.00000000000 0.00000000000 0.00000000000 0.00000000000 0.00000000000 0.00000000000 0.00000000000
0.07145960930 0.00592816860 0.24255586025 0.00000000000 0.00000000000 0.00000000000 0.00000000000 0.00000000000 0.00000000000 0.00000000000 0.00000000000
0.07145008519 0.00593619399 0.24255537988 0.00000000000 0.00000000000 0.00000000000 0.00000000000 0.00000000000 0.00000000000 0.00000000000 0.00000000000
0.07144036365 0.00594397898 0.24255489925 0.00000000000 0.00000000000 0.00000000000 0.00000000000 0.00000000000 0.00000000000 0.00000000000 0.00000000000
0.07143045082 0.00595151881 0.24255441868 0.00000000000 0.00000000000 0.00000000000 0.00000000000 0.00000000000 0.00000000000 0.00000000000 0.00000000000
0.07142035283 0.00595880872 0.24255393849 0.00000000000 0.00000000000 0.00000000000 0.00000000000 0.00000000000 0.00000000000 0.00000000000 0.00000000000
0.07141007603 0.00596584422 0.24255345900 0.00000000000 0.00000000000 0.00000000000 0.00000000000 0.00000000000 0.00000000000 0.00000000000 0.00000000000
0.07139962671 0.00597262078 0.24255298054 0.00000000000 0.00000000000 0.00000000000 0.00000000000 0.00000000000 0.00000000000 0.00000000000 0.00000000000
0.07138901150 0.00597913431 0.24255250343 0.00000000000 0.00000000000 0.00000000000 0.00000000000 0.00000000000 0.00000000000 0.00000000000 0.00000000000
0.07137823698 0.00598538071 0.24255202798 0.00000000000 0.00000000000 0.00000000000 0.00000000000 0.00000000000 0.00000000000 0.00000000000 0.00000000000
0.07136730991 0.00599135615 0.24255155451 0.00000000000 0.00000000000 0.00000000000 0.00000000000 0.00000000000 0.00000000000 0.00000000000 0.00000000000
0.07135623702 0.00599705677 0.24255108334 0.00000000000 0.00000000000 0.00000000000 0.00000000000 0.00000000000 0.00000000000 0.00000000000 0.00000000000
0.07134502526 0.00600247908 0.24255061479 0.00000000000 0.00000000000 0.00000000000 0.00000000000 0.00000000000 0.00000000000 0.00000000000 0.00000000000
0.07133368162 0.00600761971 0.24255014915 0.00000000000 0.00000000000 0.00000000000 0.00000000000 0.00000000000 0.00000000000 0.00000000000 0.00000000000
0.07132221319 0.00601247548 0.24254968674 0.00000000000 0.00000000000 0.00000000000 0.00000000000 0.00000000000 0.00000000000 0.00000000000 0.00000000000
0.07131062711 0.00601704334 0.24254922787 0.00000000000 0.00000000000 0.00000000000 0.00000000000 0.00000000000 0.00000000000 0.00000000000 0.00000000000
0.07129893059 0.00602132040 0.24254877284 0.00000000000 0.00000000000 0.00000000000 0.00000000000 0.00000000000 0.00000000000 0.00000000000 0.00000000000
0.07128713093 0.00602530403 0.24254832194 0.00000000000 0.00000000000 0.00000000000 0.00000000000 0.00000000000 0.00000000000 0.00000000000 0.00000000000
0.07127523550 0.00602899173 0.24254787548 0.00000000000 0.00000000000 0.00000000000 0.00000000000 0.00000000000 0.00000000000 0.00000000000 0.00000000000
0.07126325171 0.00603238124 0.24254743374 0.00000000000 0.00000000000 0.00000000000 0.00000000000 0.00000000000 0.00000000000 0.00000000000 0.00000000000
0.07125118703 0.00603547042 0.24254699701 0.00000000000 0.00000000000 0.00000000000 0.00000000000 0.00000000000 0.00000000000 0.00000000000 0.00000000000
0.07123904899 0.00603825734 0.24254656558 0.00000000000 0.00000000000 0.00000000000 0.00000000000 0.00000000000 0.00000000000 0.00000000000 0.00000000000
0.07122684515 0.00604074027 0.24254613973 0.00000000000 0.00000000000 0.00000000000 0.00000000000 0.00000000000 0.00000000000 0.00000000000 0.00000000000
0.07121458312 0.00604291760 0.24254571973 0.00000000000 0.00000000000 0.00000000000 0.00000000000 0.00000000000 0.00000000000 0.00000000000 0.00000000000
0.07120227056 0.00604478810 0.24254530586 0.00000000000 0.00000000000 0.00000000000 0.00000000000 0.00000000000 0.00000000000 0.00000000000 0.00000000000
0.07118991514 0.00604635052 0.24254489836 0.00000000000 0.00000000000 0.00000000000 0.00000000000 0.00000000000 0.00000000000 0.00000000000 0.00000000000
0.07117752457 0.00604760393 0.24254449752 0.00000000000 0.00000000000 0.00000000000 0.00000000000 0.00000000000 0.00000000000 0.00000000000 0.00000000000
0.07116510656 0.00604854742 0.24254410358 0.00000000000 0.00000000000 0.00000000000 0.00000000000 0.00000000000 0.00000000000 0.00000000000 0.00000000000
0.07115266887 0.00604918055 0.24254371679 0.00000000000 0.00000000000 0.00000000000 0.00000000000 0.00000000000 0.00000000000 0.00000000000 0.00000000000
0.07114021925 0.00604950287 0.24254333739 0.00000000000 0.00000000000 0.00000000000 0.00000000000 0.00000000000 0.00000000000 0.00000000000 0.00000000000
0.07112776547 0.00604951425 0.24254296562 0.00000000000 0.00000000000 0.00000000000 0.00000000000 0.00000000000 0.00000000000 0.00000000000 0.00000000000
0.07111531528 0.00604921453 0.24254260172 0.00000000000 0.00000000000 0.00000000000 0.00000000000 0.00000000000 0.00000000000 0.00000000000 0.00000000000
0.07110287646 0.00604860398 0.24254224592 0.00000000000 0.00000000000 0.00000000000 0.00000000000 0.00000000000 0.00000000000 0.00000000000 0.00000000000
0.07109045676 0.00604768300 0.24254189842 0.00000000000 0.00000000000 0.00000000000 0.00000000000 0.00000000000 0.00000000000 0.00000000000 0.00000000000
0.07107806393 0.00604645218 0.24254155944 0.00000000000 0.00000000000 0.00000000000 0.00000000000 0.00000000000 0.00000000000 0.00000000000 0.00000000000
0.07106570569 0.00604491225 0.24254122919 0.00000000000 0.00000000000 0.00000000000 0.00000000000 0.00000000000 0.00000000000 0.00000000000 0.00000000000
0.07105338975 0.00604306413 0.24254090788 0.00000000000 0.00000000000 0.00000000000 0.00000000000 0.00000000000 0.00000000000 0.00000000000 0.00000000000
0.07104112379 0.00604090903 0.24254059568 0.00000000000 0.00000000000 0.00000000000 0.00000000000 0.00000000000 0.00000000000 0.00000000000 0.00000000000
0.07102891547 0.00603844828 0.24254029280 0.00000000000 0.00000000000 0.00000000000 0.00000000000 0.00000000000 0.00000000000 0.00000000000 0.00000000000
0.07101677238 0.00603568343 0.24253999941 0.00000000000 0.00000000000 0.00000000000 0.00000000000 0.00000000000 0.00000000000 0.00000000000 0.00000000000
0.07100470211 0.00603261619 0.24253971568 0.00000000000 0.00000000000 0.00000000000 0.00000000000 0.00000000000 0.00000000000 0.00000000000 0.00000000000
0.07099271218 0.00602924845 0.24253944177 0.00000000000 0.00000000000 0.00000000000 0.00000000000 0.00000000000 0.00000000000 0.00000000000 0.00000000000
0.07098081007 0.00602558234 0.24253917786 0.00000000000 0.00000000000 0.00000000000 0.00000000000 0.00000000000 0.00000000000 0.00000000000 0.00000000000
0.07096900322 0.00602162010 0.24253892408 0.00000000000 0.00000000000 0.00000000000 0.00000000000 0.00000000000 0.00000000000 0.00000000000 0.00000000000
0.07095729895 0.00601736429 0.24253868058 0.00000000000 0.00000000000 0.00000000000 0.00000000000 0.00000000000 0.00000000000 0.00000000000 0.00000000000
0.07094570459 0.00601281749 0.24253844750 0.00000000000 0.00000000000 0.00000000000 0.00000000000 0.00000000000 0.00000000000 0.00000000000 0.00000000000
0.07093422734 0.00600798258 0.24253822496 0.00000000000 0.00000000000 0.00000000000 0.00000000000 0.00000000000 0.00000000000 0.00000000000 0.00000000000
0.07092287439 0.00600286244 0.24253801309 0.00000000000 0.00000000000 0.00000000000 0.00000000000 0.00000000000 0.00000000000 0.00000000000 0.00000000000
0.07091165267 0.00599746037 0.24253781201 0.00000000000 0.00000000000 0.00000000000 0.00000000000 0.00000000000 0.00000000000 0.00000000000 0.00000000000
0.07090056896 0.00599177954 0.24253762180 0.00000000000 0.00000000000 0.00000000000 0.00000000000 0.00000000000 0.00000000000 0.00000000000 0.00000000000
0.07088962950 0.00598582299 0.24253744257 0.00000000000 0.00000000000 0.00000000000 0.00000000000 0.00000000000 0.00000000000 0.00000000000 0.00000000000
0.07087883996 0.00597959379 0.24253727439 0.00000000000 0.00000000000 0.00000000000 0.00000000000 0.00000000000 0.00000000000 0.00000000000 0.00000000000
0.07086820534 0.00597309404 0.24253711734 0.00000000000 0.00000000000 0.00000000000 0.00000000000 0.00000000000 0.00000000000 0.00000000000 0.00000000000
0.07085772990 0.00596632599 0.24253697146 0.00000000000 0.00000000000 0.00000000000 0.00000000000 0.00000000000 0.00000000000 0.00000000000 0.00000000000
0.07084741807 0.00595929565 0.24253683671 0.00000000000 0.00000000000 0.00000000000 0.00000000000 0.00000000000 0.00000000000 0.00000000000 0.00000000000
0.07083727460 0.00595201247 0.24253671299 0.00000000000 0.00000000000 0.00000000000 0.00000000000 0.00000000000 0.00000000000 0.00000000000 0.00000000000
0.07082730912 0.00594448850 0.24253660026 0.00000000000 0.00000000000 0.00000000000 0.00000000000 0.00000000000 0.00000000000 0.00000000000 0.00000000000
0.07081753851 0.00593673819 0.24253649865 0.00000000000 0.00000000000 0.00000000000 0.00000000000 0.00000000000 0.00000000000 0.00000000000 0.00000000000
0.07080798569 0.00592876701 0.24253640869 0.00000000000 0.00000000000 0.00000000000 0.00000000000 0.00000000000 0.00000000000 0.00000000000 0.00000000000
0.07079868352 0.00592056097 0.24253633168 0.00000000000 0.00000000000 0.00000000000 0.00000000000 0.00000000000 0.00000000000 0.00000000000 0.00000000000
0.07078966348 0.00591210653 0.24253626886 0.00000000000 0.00000000000 0.00000000000 0.00000000000 0.00000000000 0.00000000000 0.00000000000 0.00000000000
0.07078092919 0.00590341945 0.24253621993 0.00000000000 0.00000000000 0.00000000000 0.00000000000 0.00000000000 0.00000000000 0.00000000000 0.00000000000
0.07077246880 0.00589455890 0.24253618308 0.00000000000 0.00000000000 0.00000000000 0.00000000000 0.00000000000 0.00000000000 0.00000000000 0.00000000000
0.07076160082 0.00588267408 0.24253614746 0.00000000000 0.00000000000 0.00000000000 0.00000000000 0.00000000000 0.00000000000 0.00000000000 0.00000000000
0.07075395150 0.00587364192 0.24253613820 0.00000000000 0.00000000000 0.00000000000 0.00000000000 0.00000000000 0.00000000000 0.00000000000 0.00000000000
0.07074896873 0.00586745922 0.24253613922 0.00000000000 0.00000000000 0.00000000000 0.00000000000 0.00000000000 0.00000000000 0.00000000000 0.00000000000
ZONE T="NURB"
I=201, J=1, K=1
0.07163185026 0.00553154476 0.24257036693 2876.42244702506 0.00000000000 0.00000000000 0.00000000000 0.00000000000 0.00000000000 0.00000000000 0.24263342906
0.07163206405 0.00553746186 0.24257023822 2582.89660759561 0.00000000000 0.00000000000 0.00000000000 0.00000000000 0.00000000000 0.00000000000 0.24263343535
0.07163218786 0.00554342488 0.24257010565 2308.66461013419 0.00000000000 0.00000000000 0.00000000000 0.00000000000 0.00000000000 0.00000000000 0.24263343899
0.07163222952 0.00554942719 0.24256996962 2051.40397329518 0.00000000000 0.00000000000 0.00000000000 0.00000000000 0.00000000000 0.00000000000 0.24263344020
0.07163219685 0.00555546214 0.24256983050 1835.46781788871 0.00000000000 0.00000000000 0.00000000000 0.00000000000 0.00000000000 0.00000000000 0.24263343923
0.07163209518 0.00556152826 0.24256968849 1900.31403234381 0.00000000000 0.00000000000 0.00000000000 0.00000000000 0.00000000000 0.00000000000 0.24263343622
0.07163192204 0.00556764015 0.24256954315 1939.71805216930 0.00000000000 0.00000000000 0.00000000000 0.00000000000 0.00000000000 0.00000000000 0.24263343109
0.07163167369 0.00557380905 0.24256939408 1972.38626133514 0.00000000000 0.00000000000 0.00000000000 0.00000000000 0.00000000000 0.00000000000 0.24263342369
0.07163134707 0.00558002763 0.24256924137 2008.03962601271 0.00000000000 0.00000000000 0.00000000000 0.00000000000 0.00000000000 0.00000000000 0.24263341395
0.07163093982 0.00558628517 0.24256908519 2004.69976957172 0.00000000000 0.00000000000 0.00000000000 0.00000000000 0.00000000000 0.00000000000 0.24263340181
0.07163045104 0.00559257079 0.24256892577 2010.12992761568 0.00000000000 0.00000000000 0.00000000000 0.00000000000 0.00000000000 0.00000000000 0.24263338723
0.07162988040 0.00559887364 0.24256876335 2003.42879968615 0.00000000000 0.00000000000 0.00000000000 0.00000000000 0.00000000000 0.00000000000 0.24263337021
0.07162922825 0.00560518307 0.24256859819 2006.05213554427 0.00000000000 0.00000000000 0.00000000000 0.00000000000 0.00000000000 0.00000000000 0.24263335077
0.07162849531 0.00561148859 0.24256843054 2001.93357836798 0.00000000000 0.00000000000 0.00000000000 0.00000000000 0.00000000000 0.00000000000 0.24263332891
0.07162768282 0.00561777993 0.24256826068 2007.08553718674 0.00000000000 0.00000000000 0.00000000000 0.00000000000 0.00000000000 0.00000000000 0.24263330468
0.07162679213 0.00562404833 0.24256808886 2003.05497427578 0.00000000000 0.00000000000 0.00000000000 0.00000000000 0.00000000000 0.00000000000 0.24263327812
0.07162582455 0.00563028897 0.24256791523 2003.31532966454 0.00000000000 0.00000000000 0.00000000000 0.00000000000 0.00000000000 0.00000000000 0.24263324927
0.07162478121 0.00563649888 0.24256773989 2003.36325283667 0.00000000000 0.00000000000 0.00000000000 0.00000000000 0.00000000000 0.00000000000 0.24263321816
0.07162366275 0.00564267827 0.24256756286 2002.48107344120 0.00000000000 0.00000000000 0.00000000000 0.00000000000 0.00000000000 0.00000000000 0.24263318481
0.07162246960 0.00564882824 0.24256738413 2004.19333979168 0.00000000000 0.00000000000 0.00000000000 0.00000000000 0.00000000000 0.00000000000 0.24263314923
0.07162120184 0.00565495090 0.24256720366 2002.94267259265 0.00000000000 0.00000000000 0.00000000000 0.00000000000 0.00000000000 0.00000000000 0.24263311143
0.07161985947 0.00566104825 0.24256702140 2004.21874477747 0.00000000000 0.00000000000 0.00000000000 0.00000000000 0.00000000000 0.00000000000 0.24263307140
0.07161844250 0.00566712157 0.24256683732 2003.45912409280 0.00000000000 0.00000000000 0.00000000000 0.00000000000 0.00000000000 0.00000000000 0.24263302915
0.07161695097 0.00567317172 0.24256665140 2003.82244145388 0.00000000000 0.00000000000 0.00000000000 0.00000000000 0.00000000000 0.00000000000 0.24263298467
0.07161538506 0.00567919866 0.24256646366 2003.59027682954 0.00000000000 0.00000000000 0.00000000000 0.00000000000 0.00000000000 0.00000000000 0.24263293798
0.07161374499 0.00568520217 0.24256627411 2003.51532256643 0.00000000000 0.00000000000 0.00000000000 0.00000000000 0.00000000000 0.00000000000 0.24263288907
0.07161203103 0.00569118173 0.24256608277 2003.32405335890 0.00000000000 0.00000000000 0.00000000000 0.00000000000 0.00000000000 0.00000000000 0.24263283796
0.07161024344 0.00569713683 0.24256588965 2003.25220693172 0.00000000000 0.00000000000 0.00000000000 0.00000000000 0.00000000000 0.00000000000 0.24263278466
0.07160838245 0.00570306708 0.24256569479 2002.94930497913 0.00000000000 0.00000000000 0.00000000000 0.00000000000 0.00000000000 0.00000000000 0.24263272917
0.07160644825 0.00570897209 0.24256549819 2003.25662848768 0.00000000000 0.00000000000 0.00000000000 0.00000000000 0.00000000000 0.00000000000 0.24263267149
0.07160444101 0.00571485152 0.24256529987 2003.15732114367 0.00000000000 0.00000000000 0.00000000000 0.00000000000 0.00000000000 0.00000000000 0.24263261164
0.07160236086 0.00572070503 0.24256509985 2003.20109005629 0.00000000000 0.00000000000 0.00000000000 0.00000000000 0.00000000000 0.00000000000 0.24263254961
0.07160020798 0.00572653218 0.24256489813 2003.01484713910 0.00000000000 0.00000000000 0.00000000000 0.00000000000 0.00000000000 0.00000000000 0.24263248541
0.07159798254 0.00573233245 0.24256469475 2003.34613366388 0.00000000000 0.00000000000 0.00000000000 0.00000000000 0.00000000000 0.00000000000 0.24263241905
0.07159568477 0.00573810520 0.24256448972 2003.55559069030 0.00000000000 0.00000000000 0.00000000000 0.00000000000 0.00000000000 0.00000000000 0.24263235053
0.07159331491 0.00574384969 0.24256428307 2002.93124590354 0.00000000000 0.00000000000 0.00000000000 0.00000000000 0.00000000000 0.00000000000 0.24263227987
0.07159087330 0.00574956506 0.24256407484 2002.60160900138 0.00000000000 0.00000000000 0.00000000000 0.00000000000 0.00000000000 0.00000000000 0.24263220706
0.07158836029 0.00575525042 0.24256386506 2002.71732177750 0.00000000000 0.00000000000 0.00000000000 0.00000000000 0.00000000000 0.00000000000 0.24263213212
0.07158577629 0.00576090477 0.24256365376 2003.12757966391 0.00000000000 0.00000000000 0.00000000000 0.00000000000 0.00000000000 0.00000000000 0.24263205507
0.07158312171 0.00576652712 0.24256344098 2002.62091265726 0.00000000000 0.00000000000 0.00000000000 0.00000000000 0.00000000000 0.00000000000 0.24263197591
0.07158039700 0.00577211646 0.24256322677 2002.59311230307 0.00000000000 0.00000000000 0.00000000000 0.00000000000 0.00000000000 0.00000000000 0.24263189466
0.07157760262 0.00577767180 0.24256301116 2002.94889896317 0.00000000000 0.00000000000 0.00000000000 0.00000000000 0.00000000000 0.00000000000 0.24263181134
0.07157473904 0.00578319215 0.24256279419 2003.56593129435 0.00000000000 0.00000000000 0.00000000000 0.00000000000 0.00000000000 0.00000000000 0.24263172595
0.07157180673 0.00578867657 0.24256257590 2002.81713301913 0.00000000000 0.00000000000 0.00000000000 0.00000000000 0.00000000000 0.00000000000 0.24263163851
0.07156880618 0.00579412413 0.24256235634 2002.46843303816 0.00000000000 0.00000000000 0.00000000000 0.00000000000 0.00000000000 0.00000000000 0.24263154904
0.07156573790 0.00579953394 0.24256213553 2002.48350661699 0.00000000000 0.00000000000 0.00000000000 0.00000000000 0.00000000000 0.00000000000 0.24263145754
0.07156260237 0.00580490512 0.24256191353 2002.74947368044 0.00000000000 0.00000000000 0.00000000000 0.00000000000 0.00000000000 0.00000000000 0.24263136404
0.07155940010 0.00581023681 0.24256169036 2002.33633268759 0.00000000000 0.00000000000 0.00000000000 0.00000000000 0.00000000000 0.00000000000 0.24263126855
0.07155613159 0.00581552816 0.24256146606 2002.25479964862 0.00000000000 0.00000000000 0.00000000000 0.00000000000 0.00000000000 0.00000000000 0.24263117109
0.07155279737 0.00582077836 0.24256124067 2002.51228240365 0.00000000000 0.00000000000 0.00000000000 0.00000000000 0.00000000000 0.00000000000 0.24263107167
0.07154939794 0.00582598656 0.24256101424 2002.98237537028 0.00000000000 0.00000000000 0.00000000000 0.00000000000 0.00000000000 0.00000000000 0.24263097030
0.07154593383 0.00583115195 0.24256078679 2002.67189914149 0.00000000000 0.00000000000 0.00000000000 0.00000000000 0.00000000000 0.00000000000 0.24263086700
0.07154240557 0.00583627373 0.24256055837 2002.63063840821 0.00000000000 0.00000000000 0.00000000000 0.00000000000 0.00000000000 0.00000000000 0.24263076179
0.07153881372 0.00584135110 0.24256032901 2002.42442614579 0.00000000000 0.00000000000 0.00000000000 0.00000000000 0.00000000000 0.00000000000 0.24263065468
0.07153515885 0.00584638327 0.24256009876 2002.47871417518 0.00000000000 0.00000000000 0.00000000000 0.00000000000 0.00000000000 0.00000000000 0.24263054570
0.07153144152 0.00585136946 0.24255986764 2002.26500023774 0.00000000000 0.00000000000 0.00000000000 0.00000000000 0.00000000000 0.00000000000 0.24263043485
0.07152766231 0.00585630891 0.24255963571 2002.32253927413 0.00000000000 0.00000000000 0.00000000000 0.00000000000 0.00000000000 0.00000000000 0.24263032216
0.07152382180 0.00586120083 0.24255940300 2002.22304863501 0.00000000000 0.00000000000 0.00000000000 0.00000000000 0.00000000000 0.00000000000 0.24263020764
0.07151992061 0.00586604448 0.24255916954 2002.39305301953 0.00000000000 0.00000000000 0.00000000000 0.00000000000 0.00000000000 0.00000000000 0.24263009131
0.07151595933 0.00587083909 0.24255893539 2002.36637866336 0.00000000000 0.00000000000 0.00000000000 0.00000000000 0.00000000000 0.00000000000 0.24262997318
0.07151193857 0.00587558392 0.24255870057 2002.58912538192 0.00000000000 0.00000000000 0.00000000000 0.00000000000 0.00000000000 0.00000000000 0.24262985329
0.07150785896 0.00588027823 0.24255846512 2002.35427585007 0.00000000000 0.00000000000 0.00000000000 0.00000000000 0.00000000000 0.00000000000 0.24262973164
0.07150372114 0.00588492128 0.24255822909 2002.39584869022 0.00000000000 0.00000000000 0.00000000000 0.00000000000 0.00000000000 0.00000000000 0.24262960825
0.07149952574 0.00588951236 0.24255799252 2002.29013856337 0.00000000000 0.00000000000 0.00000000000 0.00000000000 0.00000000000 0.00000000000 0.24262948315
0.07149527343 0.00589405076 0.24255775545 2002.44683119635 0.00000000000 0.00000000000 0.00000000000 0.00000000000 0.00000000000 0.00000000000 0.24262935635
0.07149096486 0.00589853577 0.24255751790 2002.25622991841 0.00000000000 0.00000000000 0.00000000000 0.00000000000 0.00000000000 0.00000000000 0.24262922787
0.07148660070 0.00590296668 0.24255727994 2002.33571780320 0.00000000000 0.00000000000 0.00000000000 0.00000000000 0.00000000000 0.00000000000 0.24262909773
0.07148218163 0.00590734282 0.24255704159 2002.14881763055 0.00000000000 0.00000000000 0.00000000000 0.00000000000 0.00000000000 0.00000000000 0.24262896596
0.07147770835 0.00591166351 0.24255680289 2002.24458843338 0.00000000000 0.00000000000 0.00000000000 0.00000000000 0.00000000000 0.00000000000 0.24262883257
0.07147318154 0.00591592807 0.24255656389 2002.22669175846 0.00000000000 0.00000000000 0.00000000000 0.00000000000 0.00000000000 0.00000000000 0.24262869758
0.07146860192 0.00592013583 0.24255632462 2002.46976540179 0.00000000000 0.00000000000 0.00000000000 0.00000000000 0.00000000000 0.00000000000 0.24262856102
0.07146397018 0.00592428615 0.24255608513 2002.26587252566 0.00000000000 0.00000000000 0.00000000000 0.00000000000 0.00000000000 0.00000000000 0.24262842291
0.07145928706 0.00592837838 0.24255584546 2002.35586558660 0.00000000000 0.00000000000 0.00000000000 0.00000000000 0.00000000000 0.00000000000 0.24262828326
0.07145455327 0.00593241187 0.24255560564 2002.46542714145 0.00000000000 0.00000000000 0.00000000000 0.00000000000 0.00000000000 0.00000000000 0.24262814210
0.07144976956 0.00593638600 0.24255536572 2002.81052556922 0.00000000000 0.00000000000 0.00000000000 0.00000000000 0.00000000000 0.00000000000 0.24262799945
0.07144493666 0.00594030015 0.24255512574 2002.23179384991 0.00000000000 0.00000000000 0.00000000000 0.00000000000 0.00000000000 0.00000000000 0.24262785534
0.07144005533 0.00594415372 0.24255488573 2001.97372285279 0.00000000000 0.00000000000 0.00000000000 0.00000000000 0.00000000000 0.00000000000 0.24262770978
0.07143512634 0.00594794612 0.24255464574 2002.15732311292 0.00000000000 0.00000000000 0.00000000000 0.00000000000 0.00000000000 0.00000000000 0.24262756280
0.07143015045 0.00595167675 0.24255440580 2002.58955431022 0.00000000000 0.00000000000 0.00000000000 0.00000000000 0.00000000000 0.00000000000 0.24262741443
0.07142512843 0.00595534502 0.24255416597 2002.21224062892 0.00000000000 0.00000000000 0.00000000000 0.00000000000 0.00000000000 0.00000000000 0.24262726467
0.07142006106 0.00595895038 0.24255392627 2002.15720329358 0.00000000000 0.00000000000 0.00000000000 0.00000000000 0.00000000000 0.00000000000 0.24262711357
0.07141494914 0.00596249226 0.24255368675 2002.59021648768 0.00000000000 0.00000000000 0.00000000000 0.00000000000 0.00000000000 0.00000000000 0.24262696113
0.07140979345 0.00596597010 0.24255344745 2003.25100684209 0.00000000000 0.00000000000 0.00000000000 0.00000000000 0.00000000000 0.00000000000 0.24262680740
0.07140459479 0.00596938334 0.24255320840 2002.57231482755 0.00000000000 0.00000000000 0.00000000000 0.00000000000 0.00000000000 0.00000000000 0.24262665237
0.07139935396 0.00597273148 0.24255296965 2002.21337901675 0.00000000000 0.00000000000 0.00000000000 0.00000000000 0.00000000000 0.00000000000 0.24262649610
0.07139407181 0.00597601400 0.24255273124 2002.30832948347 0.00000000000 0.00000000000 0.00000000000 0.00000000000 0.00000000000 0.00000000000 0.24262633859
0.07138874913 0.00597923038 0.24255249321 2002.66793559700 0.00000000000 0.00000000000 0.00000000000 0.00000000000 0.00000000000 0.00000000000 0.24262617987
0.07138338677 0.00598238013 0.24255225559 2002.29823788460 0.00000000000 0.00000000000 0.00000000000 0.00000000000 0.00000000000 0.00000000000 0.24262601997
0.07137798555 0.00598546276 0.24255201843 2002.24437478538 0.00000000000 0.00000000000 0.00000000000 0.00000000000 0.00000000000 0.00000000000 0.24262585891
0.07137254632 0.00598847779 0.24255178177 2002.58195270076 0.00000000000 0.00000000000 0.00000000000 0.00000000000 0.00000000000 0.00000000000 0.24262569671
0.07136706993 0.00599142474 0.24255154564 2003.18221560585 0.00000000000 0.00000000000 0.00000000000 0.00000000000 0.00000000000 0.00000000000 0.24262553341
0.07136155720 0.00599430316 0.24255131008 2002.86483082455 0.00000000000 0.00000000000 0.00000000000 0.00000000000 0.00000000000 0.00000000000 0.24262536902
0.07135600901 0.00599711258 0.24255107514 2002.84271877939 0.00000000000 0.00000000000 0.00000000000 0.00000000000 0.00000000000 0.00000000000 0.24262520358
0.07135042622 0.00599985258 0.24255084085 2002.67883538488 0.00000000000 0.00000000000 0.00000000000 0.00000000000 0.00000000000 0.00000000000 0.24262503710
0.07134480970 0.00600252274 0.24255060726 2002.80544920026 0.00000000000 0.00000000000 0.00000000000 0.00000000000 0.00000000000 0.00000000000 0.24262486962
0.07133916033 0.00600512264 0.24255037439 2002.61520478999 0.00000000000 0.00000000000 0.00000000000 0.00000000000 0.00000000000 0.00000000000 0.24262470116
0.07133347897 0.00600765188 0.24255014229 2002.72277570378 0.00000000000 0.00000000000 0.00000000000 0.00000000000 0.00000000000 0.00000000000 0.24262453175
0.07132776653 0.00601011007 0.24254991100 2002.70306539012 0.00000000000 0.00000000000 0.00000000000 0.00000000000 0.00000000000 0.00000000000 0.24262436141
0.07132202388 0.00601249683 0.24254968055 2002.97867301703 0.00000000000 0.00000000000 0.00000000000 0.00000000000 0.00000000000 0.00000000000 0.24262419016
0.07131625191 0.00601481177 0.24254945098 2002.99520661719 0.00000000000 0.00000000000 0.00000000000 0.00000000000 0.00000000000 0.00000000000 0.24262401805
0.07131045153 0.00601705455 0.24254922234 2003.30053956233 0.00000000000 0.00000000000 0.00000000000 0.00000000000 0.00000000000 0.00000000000 0.24262384508
0.07130462364 0.00601922480 0.24254899465 2003.06600073426 0.00000000000 0.00000000000 0.00000000000 0.00000000000 0.00000000000 0.00000000000 0.24262367130
0.07129876913 0.00602132219 0.24254876796 2003.13278258809 0.00000000000 0.00000000000 0.00000000000 0.00000000000 0.00000000000 0.00000000000 0.24262349672
0.07129288893 0.00602334639 0.24254854230 2003.06198967853 0.00000000000 0.00000000000 0.00000000000 0.00000000000 0.00000000000 0.00000000000 0.24262332138
0.07128698395 0.00602529710 0.24254831772 2003.28759639771 0.00000000000 0.00000000000 0.00000000000 0.00000000000 0.00000000000 0.00000000000 0.24262314529
0.07128105510 0.00602717401 0.24254809423 2003.11601969605 0.00000000000 0.00000000000 0.00000000000 0.00000000000 0.00000000000 0.00000000000 0.24262296850
0.07127510331 0.00602897683 0.24254787189 2003.24626234475 0.00000000000 0.00000000000 0.00000000000 0.00000000000 0.00000000000 0.00000000000 0.24262279102
0.07126912950 0.00603070528 0.24254765073 2003.16507263499 0.00000000000 0.00000000000 0.00000000000 0.00000000000 0.00000000000 0.00000000000 0.24262261288
0.07126313461 0.00603235909 0.24254743079 2003.38626961260 0.00000000000 0.00000000000 0.00000000000 0.00000000000 0.00000000000 0.00000000000 0.24262243412
0.07125711957 0.00603393800 0.24254721209 2003.34980202410 0.00000000000 0.00000000000 0.00000000000 0.00000000000 0.00000000000 0.00000000000 0.24262225475
0.07125108530 0.00603544177 0.24254699469 2003.61462598450 0.00000000000 0.00000000000 0.00000000000 0.00000000000 0.00000000000 0.00000000000 0.24262207482
0.07124503275 0.00603687015 0.24254677860 2003.46440431406 0.00000000000 0.00000000000 0.00000000000 0.00000000000 0.00000000000 0.00000000000 0.24262189433
0.07123896286 0.00603822294 0.24254656387 2003.62165842485 0.00000000000 0.00000000000 0.00000000000 0.00000000000 0.00000000000 0.00000000000 0.24262171333
0.07123287658 0.00603949992 0.24254635053 2003.69332157226 0.00000000000 0.00000000000 0.00000000000 0.00000000000 0.00000000000 0.00000000000 0.24262153184
0.07122677485 0.00604070088 0.24254613861 2004.06557211272 0.00000000000 0.00000000000 0.00000000000 0.00000000000 0.00000000000 0.00000000000 0.24262134989
0.07122065861 0.00604182563 0.24254592816 2003.59070624562 0.00000000000 0.00000000000 0.00000000000 0.00000000000 0.00000000000 0.00000000000 0.24262116751
0.07121452883 0.00604287402 0.24254571920 2003.42834652936 0.00000000000 0.00000000000 0.00000000000 0.00000000000 0.00000000000 0.00000000000 0.24262098472
0.07120838645 0.00604384588 0.24254551176 2003.61323439958 0.00000000000 0.00000000000 0.00000000000 0.00000000000 0.00000000000 0.00000000000 0.24262080156
0.07120223243 0.00604474107 0.24254530589 2004.10434796379 0.00000000000 0.00000000000 0.00000000000 0.00000000000 0.00000000000 0.00000000000 0.24262061805
0.07119606773 0.00604555942 0.24254510161 2003.77845178590 0.00000000000 0.00000000000 0.00000000000 0.00000000000 0.00000000000 0.00000000000 0.24262043422
0.07118989331 0.00604630083 0.24254489895 2003.76488668272 0.00000000000 0.00000000000 0.00000000000 0.00000000000 0.00000000000 0.00000000000 0.24262025010
0.07118371012 0.00604696518 0.24254469795 2004.17259605069 0.00000000000 0.00000000000 0.00000000000 0.00000000000 0.00000000000 0.00000000000 0.24262006572
0.07117751912 0.00604755236 0.24254449864 2004.89228823070 0.00000000000 0.00000000000 0.00000000000 0.00000000000 0.00000000000 0.00000000000 0.24261988111
0.07117132129 0.00604806224 0.24254430105 2004.24156986246 0.00000000000 0.00000000000 0.00000000000 0.00000000000 0.00000000000 0.00000000000 0.24261969629
0.07116511758 0.00604849479 0.24254410522 2003.90282436349 0.00000000000 0.00000000000 0.00000000000 0.00000000000 0.00000000000 0.00000000000 0.24261951130
0.07115890896 0.00604884993 0.24254391116 2004.02802187385 0.00000000000 0.00000000000 0.00000000000 0.00000000000 0.00000000000 0.00000000000 0.24261932616
0.07115269639 0.00604912762 0.24254371893 2004.46547626587 0.00000000000 0.00000000000 0.00000000000 0.00000000000 0.00000000000 0.00000000000 0.24261914091
0.07114648084 0.00604932780 0.24254352853 2004.12069120106 0.00000000000 0.00000000000 0.00000000000 0.00000000000 0.00000000000 0.00000000000 0.24261895556
0.07114026328 0.00604945045 0.24254334001 2004.08219422170 0.00000000000 0.00000000000 0.00000000000 0.00000000000 0.00000000000 0.00000000000 0.24261877016
0.07113404468 0.00604949555 0.24254315339 2004.45501240610 0.00000000000 0.00000000000 0.00000000000 0.00000000000 0.00000000000 0.00000000000 0.24261858472
0.07112782600 0.00604946309 0.24254296870 2005.14064599241 0.00000000000 0.00000000000 0.00000000000 0.00000000000 0.00000000000 0.00000000000 0.24261839929
0.07112160820 0.00604935305 0.24254278598 2004.80611517781 0.00000000000 0.00000000000 0.00000000000 0.00000000000 0.00000000000 0.00000000000 0.24261821387
0.07111539226 0.00604916547 0.24254260524 2004.77028912261 0.00000000000 0.00000000000 0.00000000000 0.00000000000 0.00000000000 0.00000000000 0.24261802852
0.07110917915 0.00604890036 0.24254242653 2004.62397264286 0.00000000000 0.00000000000 0.00000000000 0.00000000000 0.00000000000 0.00000000000 0.24261784324
0.07110296982 0.00604855779 0.24254224985 2004.78439711490 0.00000000000 0.00000000000 0.00000000000 0.00000000000 0.00000000000 0.00000000000 0.24261765808
0.07109676525 0.00604813780 0.24254207525 2004.60091025286 0.00000000000 0.00000000000 0.00000000000 0.00000000000 0.00000000000 0.00000000000 0.24261747307
0.07109056639 0.00604764047 0.24254190275 2004.71901465692 0.00000000000 0.00000000000 0.00000000000 0.00000000000 0.00000000000 0.00000000000 0.24261728822
0.07108437422 0.00604706586 0.24254173237 2004.74809670295 0.00000000000 0.00000000000 0.00000000000 0.00000000000 0.00000000000 0.00000000000 0.24261710357
0.07107818969 0.00604641408 0.24254156414 2005.08196815012 0.00000000000 0.00000000000 0.00000000000 0.00000000000 0.00000000000 0.00000000000 0.24261691915
0.07107201378 0.00604568520 0.24254139809 2005.11116006976 0.00000000000 0.00000000000 0.00000000000 0.00000000000 0.00000000000 0.00000000000 0.24261673499
0.07106584743 0.00604487936 0.24254123424 2005.43958748306 0.00000000000 0.00000000000 0.00000000000 0.00000000000 0.00000000000 0.00000000000 0.24261655111
0.07105969161 0.00604399665 0.24254107262 2005.18481881216 0.00000000000 0.00000000000 0.00000000000 0.00000000000 0.00000000000 0.00000000000 0.24261636755
0.07105354727 0.00604303724 0.24254091324 2005.22169653856 0.00000000000 0.00000000000 0.00000000000 0.00000000000 0.00000000000 0.00000000000 0.24261618432
0.07104741538 0.00604200126 0.24254075615 2005.15823255093 0.00000000000 0.00000000000 0.00000000000 0.00000000000 0.00000000000 0.00000000000 0.24261600147
0.07104129688 0.00604088889 0.24254060135 2005.39583581276 0.00000000000 0.00000000000 0.00000000000 0.00000000000 0.00000000000 0.00000000000 0.24261581902
0.07103519273 0.00603970029 0.24254044887 2005.22419675574 0.00000000000 0.00000000000 0.00000000000 0.00000000000 0.00000000000 0.00000000000 0.24261563700
0.07102910387 0.00603843565 0.24254029873 2005.34399494285 0.00000000000 0.00000000000 0.00000000000 0.00000000000 0.00000000000 0.00000000000 0.24261545543
0.07102303125 0.00603709518 0.24254015096 2005.33494964146 0.00000000000 0.00000000000 0.00000000000 0.00000000000 0.00000000000 0.00000000000 0.24261527435
0.07101697582 0.00603567907 0.24254000558 2005.62368253537 0.00000000000 0.00000000000 0.00000000000 0.00000000000 0.00000000000 0.00000000000 0.24261509378
0.07101093851 0.00603418754 0.24253986261 2005.53741315913 0.00000000000 0.00000000000 0.00000000000 0.00000000000 0.00000000000 0.00000000000 0.24261491375
0.07100492028 0.00603262083 0.24253972206 2005.73863608938 0.00000000000 0.00000000000 0.00000000000 0.00000000000 0.00000000000 0.00000000000 0.24261473428
0.07099892204 0.00603097917 0.24253958397 2005.62039521123 0.00000000000 0.00000000000 0.00000000000 0.00000000000 0.00000000000 0.00000000000 0.24261455542
0.07099294474 0.00602926283 0.24253944834 2005.78694479695 0.00000000000 0.00000000000 0.00000000000 0.00000000000 0.00000000000 0.00000000000 0.24261437718
0.07098698929 0.00602747206 0.24253931521 2005.79222192643 0.00000000000 0.00000000000 0.00000000000 0.00000000000 0.00000000000 0.00000000000 0.24261419959
0.07098105662 0.00602560714 0.24253918458 2006.07910508649 0.00000000000 0.00000000000 0.00000000000 0.00000000000 0.00000000000 0.00000000000 0.24261402268
0.07097514763 0.00602366836 0.24253905648 2005.71787357708 0.00000000000 0.00000000000 0.00000000000 0.00000000000 0.00000000000 0.00000000000 0.24261384647
0.07096926324 0.00602165601 0.24253893093 2005.60356222194 0.00000000000 0.00000000000 0.00000000000 0.00000000000 0.00000000000 0.00000000000 0.24261367100
0.07096340433 0.00601957042 0.24253880794 2005.74726428325 0.00000000000 0.00000000000 0.00000000000 0.00000000000 0.00000000000 0.00000000000 0.24261349629
0.07095757178 0.00601741187 0.24253868752 2006.15416629797 0.00000000000 0.00000000000 0.00000000000 0.00000000000 0.00000000000 0.00000000000 0.24261332237
0.07095176647 0.00601518069 0.24253856970 2005.90853140101 0.00000000000 0.00000000000 0.00000000000 0.00000000000 0.00000000000 0.00000000000 0.24261314925
0.07094598925 0.00601287720 0.24253845449 2005.86432724443 0.00000000000 0.00000000000 0.00000000000 0.00000000000 0.00000000000 0.00000000000 0.24261297698
0.07094024098 0.00601050173 0.24253834191 2006.21281734530 0.00000000000 0.00000000000 0.00000000000 0.00000000000 0.00000000000 0.00000000000 0.24261280557
0.07093452251 0.00600805462 0.24253823196 2006.80499906369 0.00000000000 0.00000000000 0.00000000000 0.00000000000 0.00000000000 0.00000000000 0.24261263504
0.07092883469 0.00600553619 0.24253812467 2006.24751367412 0.00000000000 0.00000000000 0.00000000000 0.00000000000 0.00000000000 0.00000000000 0.24261246544
0.07092317835 0.00600294683 0.24253802005 2005.87958887025 0.00000000000 0.00000000000 0.00000000000 0.00000000000 0.00000000000 0.00000000000 0.24261229677
0.07091755436 0.00600028692 0.24253791811 2005.97832496066 0.00000000000 0.00000000000 0.00000000000 0.00000000000 0.00000000000 0.00000000000 0.24261212906
0.07091196360 0.00599755686 0.24253781887 2006.41589775791 0.00000000000 0.00000000000 0.00000000000 0.00000000000 0.00000000000 0.00000000000 0.24261196234
0.07090640697 0.00599475706 0.24253772234 2006.52320049966 0.00000000000 0.00000000000 0.00000000000 0.00000000000 0.00000000000 0.00000000000 0.24261179665
0.07090088538 0.00599188796 0.24253762854 2006.97217105569 0.00000000000 0.00000000000 0.00000000000 0.00000000000 0.00000000000 0.00000000000 0.24261163199
0.07089539976 0.00598895001 0.24253753747 2006.40513351772 0.00000000000 0.00000000000 0.00000000000 0.00000000000 0.00000000000 0.00000000000 0.24261146841
0.07088995103 0.00598594372 0.24253744916 2006.19644963251 0.00000000000 0.00000000000 0.00000000000 0.00000000000 0.00000000000 0.00000000000 0.24261130593
0.07088454013 0.00598286959 0.24253736361 2007.35652414304 0.00000000000 0.00000000000 0.00000000000 0.00000000000 0.00000000000 0.00000000000 0.24261114458
0.07087916794 0.00597972809 0.24253728084 2008.89597221279 0.00000000000 0.00000000000 0.00000000000 0.00000000000 0.00000000000 0.00000000000 0.24261098439
0.07087383532 0.00597651964 0.24253720086 2008.27859738439 0.00000000000 0.00000000000 0.00000000000 0.00000000000 0.00000000000 0.00000000000 0.24261082537
0.07086854304 0.00597324474 0.24253712367 2007.72085957030 0.00000000000 0.00000000000 0.00000000000 0.00000000000 0.00000000000 0.00000000000 0.24261066755
0.07086329184 0.00596990391 0.24253704929 1997.61580812989 0.00000000000 0.00000000000 0.00000000000 0.00000000000 0.00000000000 0.00000000000 0.24261051096
0.07085808250 0.00596649805 0.24253697771 1987.47047250278 0.00000000000 0.00000000000 0.00000000000 0.00000000000 0.00000000000 0.00000000000 0.24261035562
0.07085291580 0.00596302820 0.24253690893 1969.11788096150 0.00000000000 0.00000000000 0.00000000000 0.00000000000 0.00000000000 0.00000000000 0.24261020155
0.07084779264 0.00595949577 0.24253684293 1951.34012786200 0.00000000000 0.00000000000 0.00000000000 0.00000000000 0.00000000000 0.00000000000 0.24261004878
0.07084271407 0.00595590238 0.24253677971 1935.96296623224 0.00000000000 0.00000000000 0.00000000000 0.00000000000 0.00000000000 0.00000000000 0.24260989734
0.07083768165 0.00595224997 0.24253671927 1922.98492454233 0.00000000000 0.00000000000 0.00000000000 0.00000000000 0.00000000000 0.00000000000 0.24260974727
0.07083269721 0.00594854063 0.24253666159 1918.08066324694 0.00000000000 0.00000000000 0.00000000000 0.00000000000 0.00000000000 0.00000000000 0.24260959864
0.07082776306 0.00594477662 0.24253660670 1916.92480760277 0.00000000000 0.00000000000 0.00000000000 0.00000000000 0.00000000000 0.00000000000 0.24260945150
0.07082288167 0.00594096005 0.24253655461 1949.49753846651 0.00000000000 0.00000000000 0.00000000000 0.00000000000 0.00000000000 0.00000000000 0.24260930594
0.07081805547 0.00593709194 0.24253650537 1987.25668163157 0.00000000000 0.00000000000 0.00000000000 0.00000000000 0.00000000000 0.00000000000 0.24260916202
0.07081328688 0.00593317250 0.24253645904 2090.17500162414 0.00000000000 0.00000000000 0.00000000000 0.00000000000 0.00000000000 0.00000000000 0.24260901983
0.07080857829 0.00592919965 0.24253641575 2200.03097837477 0.00000000000 0.00000000000 0.00000000000 0.00000000000 0.00000000000 0.00000000000 0.24260887942
0.07080393192 0.00592517039 0.24253637562 2312.17763525530 0.00000000000 0.00000000000 0.00000000000 0.00000000000 0.00000000000 0.00000000000 0.24260874086
0.07079934907 0.00592108077 0.24253633879 2421.01741799150 0.00000000000 0.00000000000 0.00000000000 0.00000000000 0.00000000000 0.00000000000 0.24260860420
0.07079483032 0.00591692679 0.24253630538 2424.49687572067 0.00000000000 0.00000000000 0.00000000000 0.00000000000 0.00000000000 0.00000000000 0.24260846945
0.07079037376 0.00591270602 0.24253627538 2405.11437498436 0.00000000000 0.00000000000 0.00000000000 0.00000000000 0.00000000000 0.00000000000 0.24260833656
0.07078597642 0.00590841717 0.24253624873 2275.31066154962 0.00000000000 0.00000000000 0.00000000000 0.00000000000 0.00000000000 0.00000000000 0.24260820543
0.07078163462 0.00590406246 0.24253622527 2125.11136411499 0.00000000000 0.00000000000 0.00000000000 0.00000000000 0.00000000000 0.00000000000 0.24260807596
0.07077734469 0.00589964594 0.24253620478 1958.31612461408 0.00000000000 0.00000000000 0.00000000000 0.00000000000 0.00000000000 0.00000000000 0.24260794804
0.07077310485 0.00589517436 0.24253618703 1793.98600921282 0.00000000000 0.00000000000 0.00000000000 0.00000000000 0.00000000000 0.00000000000 0.24260782160
0.07076891588 0.00589065569 0.24253617185 1906.64758942208 0.00000000000 0.00000000000 0.00000000000 0.00000000000 0.00000000000 0.00000000000 0.24260769667
0.07076478966 0.00588609857 0.24253615940 2089.11581626989 0.00000000000 0.00000000000 0.00000000000 0.00000000000 0.00000000000 0.00000000000 0.24260757361
0.07076073931 0.00588150952 0.24253614991 2123.61137468501 0.00000000000 0.00000000000 0.00000000000 0.00000000000 0.00000000000 0.00000000000 0.24260745283
0.07075675990 0.00587688134 0.24253614341 2113.67531696855 0.00000000000 0.00000000000 0.00000000000 0.00000000000 0.00000000000 0.00000000000 0.24260733418
0.07075284014 0.00587220193 0.24253613987 2079.86081236184 0.00000000000 0.00000000000 0.00000000000 0.00000000000 0.00000000000 0.00000000000 0.24260721732
0.07074896873 0.00586745922 0.24253613922 2023.23161615136 0.00000000000 0.00000000000 0.00000000000 0.00000000000 0.00000000000 0.00000000000 0.24260710193
