VARIABLES=
"CoordinateX"
"CoordinateY"
"CoordinateZ"
"Kappa1"
"Kappa2"
"dy"
"dz"
"d2x"
"d2y"
"d2z"
"R"
ZONE T="Konrollpunkte"
I=101, J=1, K=1
0.05872793541 -0.00389198501 0.23315552239 0.00000000000 0.00000000000 0.00000000000 0.00000000000 0.00000000000 0.00000000000 0.00000000000 0.00000000000
0.05869815425 -0.00389754330 0.23315490962 0.00000000000 0.00000000000 0.00000000000 0.00000000000 0.00000000000 0.00000000000 0.00000000000 0.00000000000
0.05865375050 -0.00390565518 0.23315399868 0.00000000000 0.00000000000 0.00000000000 0.00000000000 0.00000000000 0.00000000000 0.00000000000 0.00000000000
0.05859478405 -0.00391607779 0.23315279441 0.00000000000 0.00000000000 0.00000000000 0.00000000000 0.00000000000 0.00000000000 0.00000000000 0.00000000000
0.05855070424 -0.00392369444 0.23315189681 0.00000000000 0.00000000000 0.00000000000 0.00000000000 0.00000000000 0.00000000000 0.00000000000 0.00000000000
0.05850664822 -0.00393113165 0.23315100240 0.00000000000 0.00000000000 0.00000000000 0.00000000000 0.00000000000 0.00000000000 0.00000000000 0.00000000000
0.05846258175 -0.00393839429 0.23315011052 0.00000000000 0.00000000000 0.00000000000 0.00000000000 0.00000000000 0.00000000000 0.00000000000 0.00000000000
0.05841849208 -0.00394548326 0.23314922094 0.00000000000 0.00000000000 0.00000000000 0.00000000000 0.00000000000 0.00000000000 0.00000000000 0.00000000000
0.05837437543 -0.00395239781 0.23314833363 0.00000000000 0.00000000000 0.00000000000 0.00000000000 0.00000000000 0.00000000000 0.00000000000 0.00000000000
0.05833023125 -0.00395913661 0.23314744863 0.00000000000 0.00000000000 0.00000000000 0.00000000000 0.00000000000 0.00000000000 0.00000000000 0.00000000000
0.05828605986 -0.00396569822 0.23314656596 0.00000000000 0.00000000000 0.00000000000 0.00000000000 0.00000000000 0.00000000000 0.00000000000 0.00000000000
0.05824186181 -0.00397208112 0.23314568569 0.00000000000 0.00000000000 0.00000000000 0.00000000000 0.00000000000 0.00000000000 0.00000000000 0.00000000000
0.05819763773 -0.00397828382 0.23314480786 0.00000000000 0.00000000000 0.00000000000 0.00000000000 0.00000000000 0.00000000000 0.00000000000 0.00000000000
0.05815338833 -0.00398430497 0.23314393253 0.00000000000 0.00000000000 0.00000000000 0.00000000000 0.00000000000 0.00000000000 0.00000000000 0.00000000000
0.05810911435 -0.00399014321 0.23314305975 0.00000000000 0.00000000000 0.00000000000 0.00000000000 0.00000000000 0.00000000000 0.00000000000 0.00000000000
0.05806481655 -0.00399579730 0.23314218955 0.00000000000 0.00000000000 0.00000000000 0.00000000000 0.00000000000 0.00000000000 0.00000000000 0.00000000000
0.05802049570 -0.00400126612 0.23314132200 0.00000000000 0.00000000000 0.00000000000 0.00000000000 0.00000000000 0.00000000000 0.00000000000 0.00000000000
0.05797615251 -0.00400654857 0.23314045713 0.00000000000 0.00000000000 0.00000000000 0.00000000000 0.00000000000 0.00000000000 0.00000000000 0.00000000000
0.05793178764 -0.00401164358 0.23313959499 0.00000000000 0.00000000000 0.00000000000 0.00000000000 0.00000000000 0.00000000000 0.00000000000 0.00000000000
0.05788740169 -0.00401655009 0.23313873561 0.00000000000 0.00000000000 0.00000000000 0.00000000000 0.00000000000 0.00000000000 0.00000000000 0.00000000000
0.05784299529 -0.00402126712 0.23313787905 0.00000000000 0.00000000000 0.00000000000 0.00000000000 0.00000000000 0.00000000000 0.00000000000 0.00000000000
0.05779856914 -0.00402579371 0.23313702533 0.00000000000 0.00000000000 0.00000000000 0.00000000000 0.00000000000 0.00000000000 0.00000000000 0.00000000000
0.05775412397 -0.00403012893 0.23313617450 0.00000000000 0.00000000000 0.00000000000 0.00000000000 0.00000000000 0.00000000000 0.00000000000 0.00000000000
0.05770966053 -0.00403427196 0.23313532659 0.00000000000 0.00000000000 0.00000000000 0.00000000000 0.00000000000 0.00000000000 0.00000000000 0.00000000000
0.05766517960 -0.00403822203 0.23313448165 0.00000000000 0.00000000000 0.00000000000 0.00000000000 0.00000000000 0.00000000000 0.00000000000 0.00000000000
0.05762068194 -0.00404197836 0.23313363970 0.00000000000 0.00000000000 0.00000000000 0.00000000000 0.00000000000 0.00000000000 0.00000000000 0.00000000000
0.05757616832 -0.00404554020 0.23313280079 0.00000000000 0.00000000000 0.00000000000 0.00000000000 0.00000000000 0.00000000000 0.00000000000 0.00000000000
0.05753163949 -0.00404890681 0.23313196496 0.00000000000 0.00000000000 0.00000000000 0.00000000000 0.00000000000 0.00000000000 0.00000000000 0.00000000000
0.05748709627 -0.00405207752 0.23313113222 0.00000000000 0.00000000000 0.00000000000 0.00000000000 0.00000000000 0.00000000000 0.00000000000 0.00000000000
0.05744253951 -0.00405505172 0.23313030263 0.00000000000 0.00000000000 0.00000000000 0.00000000000 0.00000000000 0.00000000000 0.00000000000 0.00000000000
0.05739797010 -0.00405782883 0.23312947620 0.00000000000 0.00000000000 0.00000000000 0.00000000000 0.00000000000 0.00000000000 0.00000000000 0.00000000000
0.05735338889 -0.00406040835 0.23312865298 0.00000000000 0.00000000000 0.00000000000 0.00000000000 0.00000000000 0.00000000000 0.00000000000 0.00000000000
0.05730879674 -0.00406278987 0.23312783299 0.00000000000 0.00000000000 0.00000000000 0.00000000000 0.00000000000 0.00000000000 0.00000000000 0.00000000000
0.05726419448 -0.00406497293 0.23312701626 0.00000000000 0.00000000000 0.00000000000 0.00000000000 0.00000000000 0.00000000000 0.00000000000 0.00000000000
0.05721958293 -0.00406695713 0.23312620282 0.00000000000 0.00000000000 0.00000000000 0.00000000000 0.00000000000 0.00000000000 0.00000000000 0.00000000000
0.05717496295 -0.00406874208 0.23312539269 0.00000000000 0.00000000000 0.00000000000 0.00000000000 0.00000000000 0.00000000000 0.00000000000 0.00000000000
0.05713033547 -0.00407032750 0.23312458589 0.00000000000 0.00000000000 0.00000000000 0.00000000000 0.00000000000 0.00000000000 0.00000000000 0.00000000000
0.05708570145 -0.00407171311 0.23312378247 0.00000000000 0.00000000000 0.00000000000 0.00000000000 0.00000000000 0.00000000000 0.00000000000 0.00000000000
0.05704106184 -0.00407289874 0.23312298243 0.00000000000 0.00000000000 0.00000000000 0.00000000000 0.00000000000 0.00000000000 0.00000000000 0.00000000000
0.05699641754 -0.00407388432 0.23312218579 0.00000000000 0.00000000000 0.00000000000 0.00000000000 0.00000000000 0.00000000000 0.00000000000 0.00000000000
0.05695176944 -0.00407466978 0.23312139259 0.00000000000 0.00000000000 0.00000000000 0.00000000000 0.00000000000 0.00000000000 0.00000000000 0.00000000000
0.05690711839 -0.00407525510 0.23312060283 0.00000000000 0.00000000000 0.00000000000 0.00000000000 0.00000000000 0.00000000000 0.00000000000 0.00000000000
0.05686246523 -0.00407564023 0.23311981653 0.00000000000 0.00000000000 0.00000000000 0.00000000000 0.00000000000 0.00000000000 0.00000000000 0.00000000000
0.05681781085 -0.00407582522 0.23311903371 0.00000000000 0.00000000000 0.00000000000 0.00000000000 0.00000000000 0.00000000000 0.00000000000 0.00000000000
0.05677315622 -0.00407581014 0.23311825438 0.00000000000 0.00000000000 0.00000000000 0.00000000000 0.00000000000 0.00000000000 0.00000000000 0.00000000000
0.05672850231 -0.00407559512 0.23311747856 0.00000000000 0.00000000000 0.00000000000 0.00000000000 0.00000000000 0.00000000000 0.00000000000 0.00000000000
0.05668385008 -0.00407518038 0.23311670627 0.00000000000 0.00000000000 0.00000000000 0.00000000000 0.00000000000 0.00000000000 0.00000000000 0.00000000000
0.05663920044 -0.00407456620 0.23311593750 0.00000000000 0.00000000000 0.00000000000 0.00000000000 0.00000000000 0.00000000000 0.00000000000 0.00000000000
0.05659455425 -0.00407375287 0.23311517227 0.00000000000 0.00000000000 0.00000000000 0.00000000000 0.00000000000 0.00000000000 0.00000000000 0.00000000000
0.05654991234 -0.00407274071 0.23311441059 0.00000000000 0.00000000000 0.00000000000 0.00000000000 0.00000000000 0.00000000000 0.00000000000 0.00000000000
0.05650527553 -0.00407153004 0.23311365246 0.00000000000 0.00000000000 0.00000000000 0.00000000000 0.00000000000 0.00000000000 0.00000000000 0.00000000000
0.05646064467 -0.00407012122 0.23311289788 0.00000000000 0.00000000000 0.00000000000 0.00000000000 0.00000000000 0.00000000000 0.00000000000 0.00000000000
0.05641602063 -0.00406851460 0.23311214687 0.00000000000 0.00000000000 0.00000000000 0.00000000000 0.00000000000 0.00000000000 0.00000000000 0.00000000000
0.05637140432 -0.00406671055 0.23311139943 0.00000000000 0.00000000000 0.00000000000 0.00000000000 0.00000000000 0.00000000000 0.00000000000 0.00000000000
0.05632679660 -0.00406470948 0.23311065556 0.00000000000 0.00000000000 0.00000000000 0.00000000000 0.00000000000 0.00000000000 0.00000000000 0.00000000000
0.05628219831 -0.00406251178 0.23310991526 0.00000000000 0.00000000000 0.00000000000 0.00000000000 0.00000000000 0.00000000000 0.00000000000 0.00000000000
0.05623761028 -0.00406011785 0.23310917854 0.00000000000 0.00000000000 0.00000000000 0.00000000000 0.00000000000 0.00000000000 0.00000000000 0.00000000000
0.05619303331 -0.00405752810 0.23310844540 0.00000000000 0.00000000000 0.00000000000 0.00000000000 0.00000000000 0.00000000000 0.00000000000 0.00000000000
0.05614847252 -0.00405474291 0.23310751846 0.00000000000 0.00000000000 0.00000000000 0.00000000000 0.00000000000 0.00000000000 0.00000000000 0.00000000000
0.05610392856 -0.00405176264 0.23310640598 0.00000000000 0.00000000000 0.00000000000 0.00000000000 0.00000000000 0.00000000000 0.00000000000 0.00000000000
0.05605939811 -0.00404858764 0.23310529719 0.00000000000 0.00000000000 0.00000000000 0.00000000000 0.00000000000 0.00000000000 0.00000000000 0.00000000000
0.05601488202 -0.00404521825 0.23310419211 0.00000000000 0.00000000000 0.00000000000 0.00000000000 0.00000000000 0.00000000000 0.00000000000 0.00000000000
0.05597038110 -0.00404165473 0.23310309074 0.00000000000 0.00000000000 0.00000000000 0.00000000000 0.00000000000 0.00000000000 0.00000000000 0.00000000000
0.05592589617 -0.00403789736 0.23310199310 0.00000000000 0.00000000000 0.00000000000 0.00000000000 0.00000000000 0.00000000000 0.00000000000 0.00000000000
0.05588142808 -0.00403394637 0.23310089919 0.00000000000 0.00000000000 0.00000000000 0.00000000000 0.00000000000 0.00000000000 0.00000000000 0.00000000000
0.05583697766 -0.00402980203 0.23309980901 0.00000000000 0.00000000000 0.00000000000 0.00000000000 0.00000000000 0.00000000000 0.00000000000 0.00000000000
0.05579254575 -0.00402546452 0.23309872258 0.00000000000 0.00000000000 0.00000000000 0.00000000000 0.00000000000 0.00000000000 0.00000000000 0.00000000000
0.05574813317 -0.00402093402 0.23309763991 0.00000000000 0.00000000000 0.00000000000 0.00000000000 0.00000000000 0.00000000000 0.00000000000 0.00000000000
0.05570374071 -0.00401621066 0.23309656100 0.00000000000 0.00000000000 0.00000000000 0.00000000000 0.00000000000 0.00000000000 0.00000000000 0.00000000000
0.05565936918 -0.00401129449 0.23309548586 0.00000000000 0.00000000000 0.00000000000 0.00000000000 0.00000000000 0.00000000000 0.00000000000 0.00000000000
0.05561501940 -0.00400618545 0.23309441450 0.00000000000 0.00000000000 0.00000000000 0.00000000000 0.00000000000 0.00000000000 0.00000000000 0.00000000000
0.05557069224 -0.00400088353 0.23309334693 0.00000000000 0.00000000000 0.00000000000 0.00000000000 0.00000000000 0.00000000000 0.00000000000 0.00000000000
0.05552638862 -0.00399538865 0.23309228316 0.00000000000 0.00000000000 0.00000000000 0.00000000000 0.00000000000 0.00000000000 0.00000000000 0.00000000000
0.05548210949 -0.00398970075 0.23309122321 0.00000000000 0.00000000000 0.00000000000 0.00000000000 0.00000000000 0.00000000000 0.00000000000 0.00000000000
0.05543785578 -0.00398381971 0.23309016708 0.00000000000 0.00000000000 0.00000000000 0.00000000000 0.00000000000 0.00000000000 0.00000000000 0.00000000000
0.05539362836 -0.00397774539 0.23308911480 0.00000000000 0.00000000000 0.00000000000 0.00000000000 0.00000000000 0.00000000000 0.00000000000 0.00000000000
0.05534942809 -0.00397147763 0.23308806636 0.00000000000 0.00000000000 0.00000000000 0.00000000000 0.00000000000 0.00000000000 0.00000000000 0.00000000000
0.05530525582 -0.00396501603 0.23308702178 0.00000000000 0.00000000000 0.00000000000 0.00000000000 0.00000000000 0.00000000000 0.00000000000 0.00000000000
0.05526111242 -0.00395836023 0.23308598108 0.00000000000 0.00000000000 0.00000000000 0.00000000000 0.00000000000 0.00000000000 0.00000000000 0.00000000000
0.05521699882 -0.00395150982 0.23308494427 0.00000000000 0.00000000000 0.00000000000 0.00000000000 0.00000000000 0.00000000000 0.00000000000 0.00000000000
0.05517291607 -0.00394446435 0.23308391137 0.00000000000 0.00000000000 0.00000000000 0.00000000000 0.00000000000 0.00000000000 0.00000000000 0.00000000000
0.05512886518 -0.00393722335 0.23308288238 0.00000000000 0.00000000000 0.00000000000 0.00000000000 0.00000000000 0.00000000000 0.00000000000 0.00000000000
0.05508484709 -0.00392978627 0.23308185734 0.00000000000 0.00000000000 0.00000000000 0.00000000000 0.00000000000 0.00000000000 0.00000000000 0.00000000000
0.05504086265 -0.00392215258 0.23308083625 0.00000000000 0.00000000000 0.00000000000 0.00000000000 0.00000000000 0.00000000000 0.00000000000 0.00000000000
0.05499691276 -0.00391432153 0.23307981913 0.00000000000 0.00000000000 0.00000000000 0.00000000000 0.00000000000 0.00000000000 0.00000000000 0.00000000000
0.05495299865 -0.00390629210 0.23307880601 0.00000000000 0.00000000000 0.00000000000 0.00000000000 0.00000000000 0.00000000000 0.00000000000 0.00000000000
0.05490912290 -0.00389806357 0.23307779695 0.00000000000 0.00000000000 0.00000000000 0.00000000000 0.00000000000 0.00000000000 0.00000000000 0.00000000000
0.05486529217 -0.00388963588 0.23307679209 0.00000000000 0.00000000000 0.00000000000 0.00000000000 0.00000000000 0.00000000000 0.00000000000 0.00000000000
0.05482152176 -0.00388101066 0.23307579180 0.00000000000 0.00000000000 0.00000000000 0.00000000000 0.00000000000 0.00000000000 0.00000000000 0.00000000000
0.05477784036 -0.00387219259 0.23307479672 0.00000000000 0.00000000000 0.00000000000 0.00000000000 0.00000000000 0.00000000000 0.00000000000 0.00000000000
0.05473428947 -0.00386318961 0.23307380779 0.00000000000 0.00000000000 0.00000000000 0.00000000000 0.00000000000 0.00000000000 0.00000000000 0.00000000000
0.05469091071 -0.00385401046 0.23307282592 0.00000000000 0.00000000000 0.00000000000 0.00000000000 0.00000000000 0.00000000000 0.00000000000 0.00000000000
0.05464772203 -0.00384465971 0.23307185149 0.00000000000 0.00000000000 0.00000000000 0.00000000000 0.00000000000 0.00000000000 0.00000000000 0.00000000000
0.05460469718 -0.00383513240 0.23307088387 0.00000000000 0.00000000000 0.00000000000 0.00000000000 0.00000000000 0.00000000000 0.00000000000 0.00000000000
0.05456176820 -0.00382541370 0.23306992151 0.00000000000 0.00000000000 0.00000000000 0.00000000000 0.00000000000 0.00000000000 0.00000000000 0.00000000000
0.05451887250 -0.00381548804 0.23306896301 0.00000000000 0.00000000000 0.00000000000 0.00000000000 0.00000000000 0.00000000000 0.00000000000 0.00000000000
0.05447603384 -0.00380535907 0.23306800890 0.00000000000 0.00000000000 0.00000000000 0.00000000000 0.00000000000 0.00000000000 0.00000000000 0.00000000000
0.05443345077 -0.00379508422 0.23306706340 0.00000000000 0.00000000000 0.00000000000 0.00000000000 0.00000000000 0.00000000000 0.00000000000 0.00000000000
0.05437761882 -0.00378135483 0.23306582723 0.00000000000 0.00000000000 0.00000000000 0.00000000000 0.00000000000 0.00000000000 0.00000000000 0.00000000000
0.05433660684 -0.00377092131 0.23306492431 0.00000000000 0.00000000000 0.00000000000 0.00000000000 0.00000000000 0.00000000000 0.00000000000 0.00000000000
0.05430932416 -0.00376379453 0.23306432640 0.00000000000 0.00000000000 0.00000000000 0.00000000000 0.00000000000 0.00000000000 0.00000000000 0.00000000000
ZONE T="NURB"
I=201, J=1, K=1
0.05872793541 -0.00389198501 0.23315552239 83.63586144764 0.00000000000 0.00000000000 0.00000000000 0.00000000000 0.00000000000 0.00000000000 0.23318800391
0.05870578612 -0.00389609726 0.23315506698 84.18188736235 0.00000000000 0.00000000000 0.00000000000 0.00000000000 0.00000000000 0.00000000000 0.23318761724
0.05868368149 -0.00390015791 0.23315461316 84.61800149998 0.00000000000 0.00000000000 0.00000000000 0.00000000000 0.00000000000 0.00000000000 0.23318723136
0.05866161406 -0.00390416839 0.23315416078 84.94177062692 0.00000000000 0.00000000000 0.00000000000 0.00000000000 0.00000000000 0.00000000000 0.23318684615
0.05863957640 -0.00390813013 0.23315370967 85.15125364491 0.00000000000 0.00000000000 0.00000000000 0.00000000000 0.00000000000 0.00000000000 0.23318646147
0.05861756094 -0.00391204455 0.23315325969 85.54915481751 0.00000000000 0.00000000000 0.00000000000 0.00000000000 0.00000000000 0.00000000000 0.23318607720
0.05859555972 -0.00391591306 0.23315281067 85.83081701474 0.00000000000 0.00000000000 0.00000000000 0.00000000000 0.00000000000 0.00000000000 0.23318569317
0.05857356517 -0.00391973692 0.23315236244 86.18227931552 0.00000000000 0.00000000000 0.00000000000 0.00000000000 0.00000000000 0.00000000000 0.23318530925
0.05855157232 -0.00392351691 0.23315191491 86.47305887774 0.00000000000 0.00000000000 0.00000000000 0.00000000000 0.00000000000 0.00000000000 0.23318492535
0.05852957729 -0.00392725357 0.23315146801 86.80882025090 0.00000000000 0.00000000000 0.00000000000 0.00000000000 0.00000000000 0.00000000000 0.23318454142
0.05850757795 -0.00393094714 0.23315102170 87.12238880652 0.00000000000 0.00000000000 0.00000000000 0.00000000000 0.00000000000 0.00000000000 0.23318415741
0.05848557287 -0.00393459769 0.23315057596 87.45381764224 0.00000000000 0.00000000000 0.00000000000 0.00000000000 0.00000000000 0.00000000000 0.23318377330
0.05846356139 -0.00393820519 0.23315013078 87.77968613262 0.00000000000 0.00000000000 0.00000000000 0.00000000000 0.00000000000 0.00000000000 0.23318338908
0.05844154315 -0.00394176953 0.23314968615 88.12239239031 0.00000000000 0.00000000000 0.00000000000 0.00000000000 0.00000000000 0.00000000000 0.23318300474
0.05841951803 -0.00394529055 0.23314924208 88.46456160346 0.00000000000 0.00000000000 0.00000000000 0.00000000000 0.00000000000 0.00000000000 0.23318262028
0.05839748598 -0.00394876810 0.23314879857 88.81434030657 0.00000000000 0.00000000000 0.00000000000 0.00000000000 0.00000000000 0.00000000000 0.23318223569
0.05837544702 -0.00395220199 0.23314835563 89.16463262819 0.00000000000 0.00000000000 0.00000000000 0.00000000000 0.00000000000 0.00000000000 0.23318185099
0.05835340121 -0.00395559204 0.23314791326 89.50955281595 0.00000000000 0.00000000000 0.00000000000 0.00000000000 0.00000000000 0.00000000000 0.23318146617
0.05833134860 -0.00395893806 0.23314747147 89.85455531493 0.00000000000 0.00000000000 0.00000000000 0.00000000000 0.00000000000 0.00000000000 0.23318108123
0.05830928926 -0.00396223988 0.23314703027 90.20662621182 0.00000000000 0.00000000000 0.00000000000 0.00000000000 0.00000000000 0.00000000000 0.23318069617
0.05828722325 -0.00396549730 0.23314658966 90.55950833492 0.00000000000 0.00000000000 0.00000000000 0.00000000000 0.00000000000 0.00000000000 0.23318031100
0.05826515064 -0.00396871014 0.23314614965 90.90572169475 0.00000000000 0.00000000000 0.00000000000 0.00000000000 0.00000000000 0.00000000000 0.23317992571
0.05824307151 -0.00397187821 0.23314571024 91.25199691087 0.00000000000 0.00000000000 0.00000000000 0.00000000000 0.00000000000 0.00000000000 0.23317954031
0.05822098593 -0.00397500133 0.23314527144 91.56312913876 0.00000000000 0.00000000000 0.00000000000 0.00000000000 0.00000000000 0.00000000000 0.23317915479
0.05819889397 -0.00397807933 0.23314483326 91.87272645016 0.00000000000 0.00000000000 0.00000000000 0.00000000000 0.00000000000 0.00000000000 0.23317876917
0.05817679571 -0.00398111205 0.23314439570 92.18525392322 0.00000000000 0.00000000000 0.00000000000 0.00000000000 0.00000000000 0.00000000000 0.23317838343
0.05815469125 -0.00398409930 0.23314395877 92.49850080834 0.00000000000 0.00000000000 0.00000000000 0.00000000000 0.00000000000 0.00000000000 0.23317799758
0.05813258066 -0.00398704094 0.23314352247 92.78272274384 0.00000000000 0.00000000000 0.00000000000 0.00000000000 0.00000000000 0.00000000000 0.23317761163
0.05811046403 -0.00398993679 0.23314308682 93.06565317197 0.00000000000 0.00000000000 0.00000000000 0.00000000000 0.00000000000 0.00000000000 0.23317722558
0.05808834144 -0.00399278672 0.23314265181 93.32106179745 0.00000000000 0.00000000000 0.00000000000 0.00000000000 0.00000000000 0.00000000000 0.23317683941
0.05806621299 -0.00399559057 0.23314221745 93.57518345634 0.00000000000 0.00000000000 0.00000000000 0.00000000000 0.00000000000 0.00000000000 0.23317645315
0.05804407876 -0.00399834822 0.23314178376 93.82773597452 0.00000000000 0.00000000000 0.00000000000 0.00000000000 0.00000000000 0.00000000000 0.23317606679
0.05802193883 -0.00400105951 0.23314135072 94.08063866900 0.00000000000 0.00000000000 0.00000000000 0.00000000000 0.00000000000 0.00000000000 0.23317568032
0.05799979330 -0.00400372433 0.23314091835 94.33034594490 0.00000000000 0.00000000000 0.00000000000 0.00000000000 0.00000000000 0.00000000000 0.23317529376
0.05797764225 -0.00400634252 0.23314048666 94.58019411832 0.00000000000 0.00000000000 0.00000000000 0.00000000000 0.00000000000 0.00000000000 0.23317490710
0.05795548575 -0.00400891397 0.23314005565 94.82365320480 0.00000000000 0.00000000000 0.00000000000 0.00000000000 0.00000000000 0.00000000000 0.23317452035
0.05793332389 -0.00401143853 0.23313962532 95.06694167248 0.00000000000 0.00000000000 0.00000000000 0.00000000000 0.00000000000 0.00000000000 0.23317413350
0.05791115674 -0.00401391608 0.23313919568 95.30081107675 0.00000000000 0.00000000000 0.00000000000 0.00000000000 0.00000000000 0.00000000000 0.23317374656
0.05788898439 -0.00401634648 0.23313876674 95.53428922980 0.00000000000 0.00000000000 0.00000000000 0.00000000000 0.00000000000 0.00000000000 0.23317335953
0.05786680692 -0.00401872962 0.23313833849 95.75012207485 0.00000000000 0.00000000000 0.00000000000 0.00000000000 0.00000000000 0.00000000000 0.23317297241
0.05784462442 -0.00402106538 0.23313791095 95.96498447168 0.00000000000 0.00000000000 0.00000000000 0.00000000000 0.00000000000 0.00000000000 0.23317258520
0.05782243697 -0.00402335364 0.23313748412 96.18010863618 0.00000000000 0.00000000000 0.00000000000 0.00000000000 0.00000000000 0.00000000000 0.23317219791
0.05780024468 -0.00402559428 0.23313705801 96.39567473532 0.00000000000 0.00000000000 0.00000000000 0.00000000000 0.00000000000 0.00000000000 0.23317181053
0.05777804762 -0.00402778719 0.23313663261 96.58591973530 0.00000000000 0.00000000000 0.00000000000 0.00000000000 0.00000000000 0.00000000000 0.23317142307
0.05775584589 -0.00402993226 0.23313620794 96.77451345457 0.00000000000 0.00000000000 0.00000000000 0.00000000000 0.00000000000 0.00000000000 0.23317103553
0.05773363960 -0.00403202939 0.23313578400 96.94967493594 0.00000000000 0.00000000000 0.00000000000 0.00000000000 0.00000000000 0.00000000000 0.23317064790
0.05771142882 -0.00403407849 0.23313536080 97.12413187046 0.00000000000 0.00000000000 0.00000000000 0.00000000000 0.00000000000 0.00000000000 0.23317026020
0.05768921367 -0.00403607944 0.23313493833 97.30031309059 0.00000000000 0.00000000000 0.00000000000 0.00000000000 0.00000000000 0.00000000000 0.23316987243
0.05766699424 -0.00403803217 0.23313451660 97.47705819438 0.00000000000 0.00000000000 0.00000000000 0.00000000000 0.00000000000 0.00000000000 0.23316948457
0.05764477062 -0.00403993657 0.23313409563 97.65022989325 0.00000000000 0.00000000000 0.00000000000 0.00000000000 0.00000000000 0.00000000000 0.23316909665
0.05762254291 -0.00404179255 0.23313367540 97.82346331602 0.00000000000 0.00000000000 0.00000000000 0.00000000000 0.00000000000 0.00000000000 0.23316870865
0.05760031120 -0.00404360002 0.23313325594 97.99165824539 0.00000000000 0.00000000000 0.00000000000 0.00000000000 0.00000000000 0.00000000000 0.23316832058
0.05757807560 -0.00404535888 0.23313283723 98.15976975012 0.00000000000 0.00000000000 0.00000000000 0.00000000000 0.00000000000 0.00000000000 0.23316793245
0.05755583619 -0.00404706903 0.23313241929 98.31261064140 0.00000000000 0.00000000000 0.00000000000 0.00000000000 0.00000000000 0.00000000000 0.23316754425
0.05753359309 -0.00404873041 0.23313200212 98.46444751375 0.00000000000 0.00000000000 0.00000000000 0.00000000000 0.00000000000 0.00000000000 0.23316715598
0.05751134638 -0.00405034292 0.23313158572 98.60468036790 0.00000000000 0.00000000000 0.00000000000 0.00000000000 0.00000000000 0.00000000000 0.23316676766
0.05748909618 -0.00405190649 0.23313117010 98.74427949434 0.00000000000 0.00000000000 0.00000000000 0.00000000000 0.00000000000 0.00000000000 0.23316637927
0.05746684260 -0.00405342103 0.23313075527 98.87688953047 0.00000000000 0.00000000000 0.00000000000 0.00000000000 0.00000000000 0.00000000000 0.23316599082
0.05744458573 -0.00405488649 0.23313034122 99.00929334089 0.00000000000 0.00000000000 0.00000000000 0.00000000000 0.00000000000 0.00000000000 0.23316560231
0.05742232568 -0.00405630277 0.23312992796 99.11847220223 0.00000000000 0.00000000000 0.00000000000 0.00000000000 0.00000000000 0.00000000000 0.23316521375
0.05740006257 -0.00405766983 0.23312951550 99.22575095663 0.00000000000 0.00000000000 0.00000000000 0.00000000000 0.00000000000 0.00000000000 0.23316482514
0.05737779650 -0.00405898761 0.23312910383 99.32123813289 0.00000000000 0.00000000000 0.00000000000 0.00000000000 0.00000000000 0.00000000000 0.23316443647
0.05735552757 -0.00406025604 0.23312869297 99.41593552250 0.00000000000 0.00000000000 0.00000000000 0.00000000000 0.00000000000 0.00000000000 0.23316404775
0.05733325589 -0.00406147507 0.23312828291 99.51718196990 0.00000000000 0.00000000000 0.00000000000 0.00000000000 0.00000000000 0.00000000000 0.23316365899
0.05731098157 -0.00406264466 0.23312787366 99.61953415046 0.00000000000 0.00000000000 0.00000000000 0.00000000000 0.00000000000 0.00000000000 0.23316327018
0.05728870471 -0.00406376474 0.23312746523 99.71184815395 0.00000000000 0.00000000000 0.00000000000 0.00000000000 0.00000000000 0.00000000000 0.23316288132
0.05726642542 -0.00406483526 0.23312705761 99.80344728974 0.00000000000 0.00000000000 0.00000000000 0.00000000000 0.00000000000 0.00000000000 0.23316249243
0.05724414380 -0.00406585617 0.23312665081 99.89273115286 0.00000000000 0.00000000000 0.00000000000 0.00000000000 0.00000000000 0.00000000000 0.23316210349
0.05722185996 -0.00406682742 0.23312624483 99.98217108002 0.00000000000 0.00000000000 0.00000000000 0.00000000000 0.00000000000 0.00000000000 0.23316171451
0.05719957401 -0.00406774897 0.23312583968 100.04523771424 0.00000000000 0.00000000000 0.00000000000 0.00000000000 0.00000000000 0.00000000000 0.23316132550
0.05717728605 -0.00406862078 0.23312543536 100.10580955599 0.00000000000 0.00000000000 0.00000000000 0.00000000000 0.00000000000 0.00000000000 0.23316093645
0.05715499620 -0.00406944281 0.23312503187 100.16488903858 0.00000000000 0.00000000000 0.00000000000 0.00000000000 0.00000000000 0.00000000000 0.23316054737
0.05713270458 -0.00407021502 0.23312462922 100.22433584602 0.00000000000 0.00000000000 0.00000000000 0.00000000000 0.00000000000 0.00000000000 0.23316015825
0.05711041130 -0.00407093740 0.23312422740 100.26644542066 0.00000000000 0.00000000000 0.00000000000 0.00000000000 0.00000000000 0.00000000000 0.23315976911
0.05708811648 -0.00407160990 0.23312382643 100.30699739503 0.00000000000 0.00000000000 0.00000000000 0.00000000000 0.00000000000 0.00000000000 0.23315937994
0.05706582023 -0.00407223252 0.23312342630 100.31928651639 0.00000000000 0.00000000000 0.00000000000 0.00000000000 0.00000000000 0.00000000000 0.23315899075
0.05704352267 -0.00407280523 0.23312302702 100.32859520652 0.00000000000 0.00000000000 0.00000000000 0.00000000000 0.00000000000 0.00000000000 0.23315860153
0.05702122390 -0.00407332803 0.23312262859 100.34094597722 0.00000000000 0.00000000000 0.00000000000 0.00000000000 0.00000000000 0.00000000000 0.23315821230
0.05699892405 -0.00407380092 0.23312223101 100.35409587125 0.00000000000 0.00000000000 0.00000000000 0.00000000000 0.00000000000 0.00000000000 0.23315782304
0.05697662321 -0.00407422388 0.23312183429 100.36080432961 0.00000000000 0.00000000000 0.00000000000 0.00000000000 0.00000000000 0.00000000000 0.23315743377
0.05695432151 -0.00407459691 0.23312143842 100.36707216989 0.00000000000 0.00000000000 0.00000000000 0.00000000000 0.00000000000 0.00000000000 0.23315704448
0.05693201904 -0.00407492001 0.23312104341 100.37267722551 0.00000000000 0.00000000000 0.00000000000 0.00000000000 0.00000000000 0.00000000000 0.23315665518
0.05690971591 -0.00407519317 0.23312064926 100.37855837620 0.00000000000 0.00000000000 0.00000000000 0.00000000000 0.00000000000 0.00000000000 0.23315626586
0.05688741223 -0.00407541638 0.23312025598 100.37027897016 0.00000000000 0.00000000000 0.00000000000 0.00000000000 0.00000000000 0.00000000000 0.23315587654
0.05686510812 -0.00407558965 0.23311986356 100.36056844352 0.00000000000 0.00000000000 0.00000000000 0.00000000000 0.00000000000 0.00000000000 0.23315548721
0.05684280368 -0.00407571299 0.23311947200 100.33902529498 0.00000000000 0.00000000000 0.00000000000 0.00000000000 0.00000000000 0.00000000000 0.23315509787
0.05682049902 -0.00407578640 0.23311908132 100.31641237473 0.00000000000 0.00000000000 0.00000000000 0.00000000000 0.00000000000 0.00000000000 0.23315470853
0.05679819427 -0.00407580989 0.23311869151 100.28880526804 0.00000000000 0.00000000000 0.00000000000 0.00000000000 0.00000000000 0.00000000000 0.23315431919
0.05677588955 -0.00407578349 0.23311830257 100.26104513199 0.00000000000 0.00000000000 0.00000000000 0.00000000000 0.00000000000 0.00000000000 0.23315392985
0.05675358497 -0.00407570719 0.23311791450 100.21154943056 0.00000000000 0.00000000000 0.00000000000 0.00000000000 0.00000000000 0.00000000000 0.23315354051
0.05673128064 -0.00407558104 0.23311752732 100.15951177864 0.00000000000 0.00000000000 0.00000000000 0.00000000000 0.00000000000 0.00000000000 0.23315315117
0.05670897668 -0.00407540505 0.23311714100 100.09147370873 0.00000000000 0.00000000000 0.00000000000 0.00000000000 0.00000000000 0.00000000000 0.23315276185
0.05668667321 -0.00407517926 0.23311675557 100.02160841380 0.00000000000 0.00000000000 0.00000000000 0.00000000000 0.00000000000 0.00000000000 0.23315237253
0.05666437034 -0.00407490371 0.23311637102 99.95334520055 0.00000000000 0.00000000000 0.00000000000 0.00000000000 0.00000000000 0.00000000000 0.23315198322
0.05664206818 -0.00407457843 0.23311598735 99.88570750878 0.00000000000 0.00000000000 0.00000000000 0.00000000000 0.00000000000 0.00000000000 0.23315159392
0.05661976683 -0.00407420346 0.23311560456 99.81272246059 0.00000000000 0.00000000000 0.00000000000 0.00000000000 0.00000000000 0.00000000000 0.23315120464
0.05659746641 -0.00407377883 0.23311522266 99.73929193221 0.00000000000 0.00000000000 0.00000000000 0.00000000000 0.00000000000 0.00000000000 0.23315081537
0.05657516701 -0.00407330459 0.23311484164 99.66201117832 0.00000000000 0.00000000000 0.00000000000 0.00000000000 0.00000000000 0.00000000000 0.23315042612
0.05655286874 -0.00407278078 0.23311446150 99.58449917723 0.00000000000 0.00000000000 0.00000000000 0.00000000000 0.00000000000 0.00000000000 0.23315003689
0.05653057171 -0.00407220743 0.23311408225 99.50537348902 0.00000000000 0.00000000000 0.00000000000 0.00000000000 0.00000000000 0.00000000000 0.23314964769
0.05650827602 -0.00407158459 0.23311370388 99.42640286988 0.00000000000 0.00000000000 0.00000000000 0.00000000000 0.00000000000 0.00000000000 0.23314925850
0.05648598178 -0.00407091230 0.23311332641 99.34284232843 0.00000000000 0.00000000000 0.00000000000 0.00000000000 0.00000000000 0.00000000000 0.23314886934
0.05646368911 -0.00407019061 0.23311294982 99.25901069812 0.00000000000 0.00000000000 0.00000000000 0.00000000000 0.00000000000 0.00000000000 0.23314848021
0.05644139811 -0.00406941956 0.23311257412 99.17590269192 0.00000000000 0.00000000000 0.00000000000 0.00000000000 0.00000000000 0.00000000000 0.23314809111
0.05641910888 -0.00406859920 0.23311219931 99.09334613506 0.00000000000 0.00000000000 0.00000000000 0.00000000000 0.00000000000 0.00000000000 0.23314770204
0.05639682155 -0.00406772958 0.23311182539 99.00353458500 0.00000000000 0.00000000000 0.00000000000 0.00000000000 0.00000000000 0.00000000000 0.23314731300
0.05637453621 -0.00406681073 0.23311145236 98.91297237230 0.00000000000 0.00000000000 0.00000000000 0.00000000000 0.00000000000 0.00000000000 0.23314692400
0.05635225298 -0.00406584272 0.23311108022 98.82181976954 0.00000000000 0.00000000000 0.00000000000 0.00000000000 0.00000000000 0.00000000000 0.23314653503
0.05632997196 -0.00406482559 0.23311070897 98.73095990100 0.00000000000 0.00000000000 0.00000000000 0.00000000000 0.00000000000 0.00000000000 0.23314614610
0.05630769326 -0.00406375940 0.23311033861 98.64228271093 0.00000000000 0.00000000000 0.00000000000 0.00000000000 0.00000000000 0.00000000000 0.23314575721
0.05628541698 -0.00406264418 0.23310996914 98.55433202465 0.00000000000 0.00000000000 0.00000000000 0.00000000000 0.00000000000 0.00000000000 0.23314536837
0.05626314322 -0.00406148000 0.23310960057 98.46557407697 0.00000000000 0.00000000000 0.00000000000 0.00000000000 0.00000000000 0.00000000000 0.23314497957
0.05624087210 -0.00406026690 0.23310923289 98.37703913926 0.00000000000 0.00000000000 0.00000000000 0.00000000000 0.00000000000 0.00000000000 0.23314459081
0.05621860376 -0.00405900493 0.23310886355 106.31050606732 0.00000000000 0.00000000000 0.00000000000 0.00000000000 0.00000000000 0.00000000000 0.23314419955
0.05619633871 -0.00405769414 0.23310847409 133.19432809867 0.00000000000 0.00000000000 0.00000000000 0.00000000000 0.00000000000 0.00000000000 0.23314378734
0.05617407753 -0.00405633457 0.23310804257 136.97153880236 0.00000000000 0.00000000000 0.00000000000 0.00000000000 0.00000000000 0.00000000000 0.23314333222
0.05615182045 -0.00405492628 0.23310756358 135.48477619365 0.00000000000 0.00000000000 0.00000000000 0.00000000000 0.00000000000 0.00000000000 0.23314282881
0.05612956749 -0.00405346931 0.23310704044 111.34463674729 0.00000000000 0.00000000000 0.00000000000 0.00000000000 0.00000000000 0.00000000000 0.23314228041
0.05610731837 -0.00405196370 0.23310649107 98.04646371122 0.00000000000 0.00000000000 0.00000000000 0.00000000000 0.00000000000 0.00000000000 0.23314170495
0.05608507273 -0.00405040950 0.23310593663 97.83786487582 0.00000000000 0.00000000000 0.00000000000 0.00000000000 0.00000000000 0.00000000000 0.23314112359
0.05606283054 -0.00404880675 0.23310538310 97.77077882984 0.00000000000 0.00000000000 0.00000000000 0.00000000000 0.00000000000 0.00000000000 0.23314054230
0.05604059191 -0.00404715548 0.23310483049 97.71784607100 0.00000000000 0.00000000000 0.00000000000 0.00000000000 0.00000000000 0.00000000000 0.23313996111
0.05601835693 -0.00404545574 0.23310427881 97.66786772905 0.00000000000 0.00000000000 0.00000000000 0.00000000000 0.00000000000 0.00000000000 0.23313938001
0.05599612572 -0.00404370756 0.23310372805 97.61582033185 0.00000000000 0.00000000000 0.00000000000 0.00000000000 0.00000000000 0.00000000000 0.23313879901
0.05597389838 -0.00404191096 0.23310317823 97.56375182926 0.00000000000 0.00000000000 0.00000000000 0.00000000000 0.00000000000 0.00000000000 0.23313821811
0.05595167500 -0.00404006599 0.23310262933 97.51920347437 0.00000000000 0.00000000000 0.00000000000 0.00000000000 0.00000000000 0.00000000000 0.23313763732
0.05592945569 -0.00403817268 0.23310208136 97.47644822125 0.00000000000 0.00000000000 0.00000000000 0.00000000000 0.00000000000 0.00000000000 0.23313705663
0.05590724056 -0.00403623105 0.23310153432 97.43336018579 0.00000000000 0.00000000000 0.00000000000 0.00000000000 0.00000000000 0.00000000000 0.23313647605
0.05588502971 -0.00403424114 0.23310098821 97.39061053772 0.00000000000 0.00000000000 0.00000000000 0.00000000000 0.00000000000 0.00000000000 0.23313589558
0.05586282324 -0.00403220298 0.23310044304 97.35915077729 0.00000000000 0.00000000000 0.00000000000 0.00000000000 0.00000000000 0.00000000000 0.23313531523
0.05584062126 -0.00403011659 0.23309989880 97.33025099262 0.00000000000 0.00000000000 0.00000000000 0.00000000000 0.00000000000 0.00000000000 0.23313473499
0.05581842387 -0.00402798200 0.23309935549 97.30670405212 0.00000000000 0.00000000000 0.00000000000 0.00000000000 0.00000000000 0.00000000000 0.23313415488
0.05579623118 -0.00402579923 0.23309881312 97.28455127357 0.00000000000 0.00000000000 0.00000000000 0.00000000000 0.00000000000 0.00000000000 0.23313357488
0.05577404329 -0.00402356830 0.23309827169 97.26924072901 0.00000000000 0.00000000000 0.00000000000 0.00000000000 0.00000000000 0.00000000000 0.23313299501
0.05575186029 -0.00402128922 0.23309773119 97.25562461778 0.00000000000 0.00000000000 0.00000000000 0.00000000000 0.00000000000 0.00000000000 0.23313241528
0.05572968229 -0.00401896203 0.23309719163 97.26351164904 0.00000000000 0.00000000000 0.00000000000 0.00000000000 0.00000000000 0.00000000000 0.23313183567
0.05570750940 -0.00401658672 0.23309665301 97.27606403720 0.00000000000 0.00000000000 0.00000000000 0.00000000000 0.00000000000 0.00000000000 0.23313125619
0.05568534171 -0.00401416329 0.23309611533 97.30486351540 0.00000000000 0.00000000000 0.00000000000 0.00000000000 0.00000000000 0.00000000000 0.23313067685
0.05566317933 -0.00401169175 0.23309557859 97.33731387834 0.00000000000 0.00000000000 0.00000000000 0.00000000000 0.00000000000 0.00000000000 0.23313009765
0.05564102236 -0.00400917209 0.23309504280 97.37123867634 0.00000000000 0.00000000000 0.00000000000 0.00000000000 0.00000000000 0.00000000000 0.23312951859
0.05561887091 -0.00400660431 0.23309450795 97.40583810339 0.00000000000 0.00000000000 0.00000000000 0.00000000000 0.00000000000 0.00000000000 0.23312893967
0.05559672508 -0.00400398839 0.23309397404 97.44519050923 0.00000000000 0.00000000000 0.00000000000 0.00000000000 0.00000000000 0.00000000000 0.23312836091
0.05557458499 -0.00400132434 0.23309344109 97.48598554705 0.00000000000 0.00000000000 0.00000000000 0.00000000000 0.00000000000 0.00000000000 0.23312778229
0.05555245074 -0.00399861215 0.23309290908 97.53487302064 0.00000000000 0.00000000000 0.00000000000 0.00000000000 0.00000000000 0.00000000000 0.23312720382
0.05553032246 -0.00399585181 0.23309237802 97.58595649968 0.00000000000 0.00000000000 0.00000000000 0.00000000000 0.00000000000 0.00000000000 0.23312662551
0.05550820025 -0.00399304330 0.23309184791 97.64050219838 0.00000000000 0.00000000000 0.00000000000 0.00000000000 0.00000000000 0.00000000000 0.23312604736
0.05548608423 -0.00399018661 0.23309131876 97.69620549185 0.00000000000 0.00000000000 0.00000000000 0.00000000000 0.00000000000 0.00000000000 0.23312546937
0.05546397451 -0.00398728174 0.23309079056 97.76146335956 0.00000000000 0.00000000000 0.00000000000 0.00000000000 0.00000000000 0.00000000000 0.23312489155
0.05544187121 -0.00398432865 0.23309026331 97.82915439388 0.00000000000 0.00000000000 0.00000000000 0.00000000000 0.00000000000 0.00000000000 0.23312431389
0.05541977442 -0.00398132734 0.23308973703 97.89790504548 0.00000000000 0.00000000000 0.00000000000 0.00000000000 0.00000000000 0.00000000000 0.23312373640
0.05539768426 -0.00397827778 0.23308921170 97.96722038579 0.00000000000 0.00000000000 0.00000000000 0.00000000000 0.00000000000 0.00000000000 0.23312315909
0.05537560084 -0.00397517996 0.23308868733 98.08243948308 0.00000000000 0.00000000000 0.00000000000 0.00000000000 0.00000000000 0.00000000000 0.23312258195
0.05535352426 -0.00397203382 0.23308816392 98.20826656154 0.00000000000 0.00000000000 0.00000000000 0.00000000000 0.00000000000 0.00000000000 0.23312200499
0.05533145464 -0.00396883933 0.23308764147 98.33415041717 0.00000000000 0.00000000000 0.00000000000 0.00000000000 0.00000000000 0.00000000000 0.23312142822
0.05530939208 -0.00396559643 0.23308711999 98.46033439255 0.00000000000 0.00000000000 0.00000000000 0.00000000000 0.00000000000 0.00000000000 0.23312085162
0.05528733670 -0.00396230509 0.23308659948 98.59454214537 0.00000000000 0.00000000000 0.00000000000 0.00000000000 0.00000000000 0.00000000000 0.23312027522
0.05526528860 -0.00395896524 0.23308607993 98.73099343830 0.00000000000 0.00000000000 0.00000000000 0.00000000000 0.00000000000 0.00000000000 0.23311969900
0.05524324792 -0.00395557684 0.23308556136 98.87829547982 0.00000000000 0.00000000000 0.00000000000 0.00000000000 0.00000000000 0.00000000000 0.23311912298
0.05522121476 -0.00395213984 0.23308504375 99.02861780752 0.00000000000 0.00000000000 0.00000000000 0.00000000000 0.00000000000 0.00000000000 0.23311854716
0.05519918927 -0.00394865417 0.23308452712 99.18477227004 0.00000000000 0.00000000000 0.00000000000 0.00000000000 0.00000000000 0.00000000000 0.23311797154
0.05517717155 -0.00394511978 0.23308401147 99.34275296242 0.00000000000 0.00000000000 0.00000000000 0.00000000000 0.00000000000 0.00000000000 0.23311739611
0.05515516175 -0.00394153661 0.23308349679 99.51219196513 0.00000000000 0.00000000000 0.00000000000 0.00000000000 0.00000000000 0.00000000000 0.23311682090
0.05513315998 -0.00393790460 0.23308298310 99.68468696231 0.00000000000 0.00000000000 0.00000000000 0.00000000000 0.00000000000 0.00000000000 0.23311624590
0.05511116635 -0.00393422367 0.23308247038 99.85710683220 0.00000000000 0.00000000000 0.00000000000 0.00000000000 0.00000000000 0.00000000000 0.23311567111
0.05508918099 -0.00393049376 0.23308195865 100.02973838401 0.00000000000 0.00000000000 0.00000000000 0.00000000000 0.00000000000 0.00000000000 0.23311509653
0.05506720401 -0.00392671480 0.23308144791 100.24019994530 0.00000000000 0.00000000000 0.00000000000 0.00000000000 0.00000000000 0.00000000000 0.23311452218
0.05504523552 -0.00392288671 0.23308093815 100.46011393588 0.00000000000 0.00000000000 0.00000000000 0.00000000000 0.00000000000 0.00000000000 0.23311394804
0.05502327564 -0.00391900939 0.23308042939 100.74842593903 0.00000000000 0.00000000000 0.00000000000 0.00000000000 0.00000000000 0.00000000000 0.23311337413
0.05500132448 -0.00391508273 0.23307992162 101.05386375276 0.00000000000 0.00000000000 0.00000000000 0.00000000000 0.00000000000 0.00000000000 0.23311280045
0.05497938218 -0.00391110657 0.23307941484 101.34992623170 0.00000000000 0.00000000000 0.00000000000 0.00000000000 0.00000000000 0.00000000000 0.23311222700
0.05495744888 -0.00390708082 0.23307890906 101.64443861724 0.00000000000 0.00000000000 0.00000000000 0.00000000000 0.00000000000 0.00000000000 0.23311165379
0.05493552476 -0.00390300534 0.23307840429 101.97370365713 0.00000000000 0.00000000000 0.00000000000 0.00000000000 0.00000000000 0.00000000000 0.23311108081
0.05491361012 -0.00389888003 0.23307790053 102.31568462663 0.00000000000 0.00000000000 0.00000000000 0.00000000000 0.00000000000 0.00000000000 0.23311050808
0.05489170535 -0.00389470479 0.23307739778 102.67097571059 0.00000000000 0.00000000000 0.00000000000 0.00000000000 0.00000000000 0.00000000000 0.23310993562
0.05486981119 -0.00389047959 0.23307689608 103.04195683177 0.00000000000 0.00000000000 0.00000000000 0.00000000000 0.00000000000 0.00000000000 0.23310936342
0.05484792861 -0.00388620443 0.23307639543 103.39195925836 0.00000000000 0.00000000000 0.00000000000 0.00000000000 0.00000000000 0.00000000000 0.23310879154
0.05482605919 -0.00388187947 0.23307589588 103.76411909934 0.00000000000 0.00000000000 0.00000000000 0.00000000000 0.00000000000 0.00000000000 0.23310821999
0.05480420488 -0.00387750494 0.23307539746 104.10047784541 0.00000000000 0.00000000000 0.00000000000 0.00000000000 0.00000000000 0.00000000000 0.23310764884
0.05478236837 -0.00387308124 0.23307490025 104.47232242046 0.00000000000 0.00000000000 0.00000000000 0.00000000000 0.00000000000 0.00000000000 0.23310707815
0.05476055270 -0.00386860888 0.23307440431 104.81101517102 0.00000000000 0.00000000000 0.00000000000 0.00000000000 0.00000000000 0.00000000000 0.23310650801
0.05473876115 -0.00386408843 0.23307390971 105.18938462284 0.00000000000 0.00000000000 0.00000000000 0.00000000000 0.00000000000 0.00000000000 0.23310593850
0.05471699696 -0.00385952049 0.23307341652 105.51563750234 0.00000000000 0.00000000000 0.00000000000 0.00000000000 0.00000000000 0.00000000000 0.23310536971
0.05469526242 -0.00385490551 0.23307292480 105.85016257635 0.00000000000 0.00000000000 0.00000000000 0.00000000000 0.00000000000 0.00000000000 0.23310480169
0.05467355910 -0.00385024380 0.23307243457 106.19218291219 0.00000000000 0.00000000000 0.00000000000 0.00000000000 0.00000000000 0.00000000000 0.23310423449
0.05465188643 -0.00384553521 0.23307194583 106.50275954571 0.00000000000 0.00000000000 0.00000000000 0.00000000000 0.00000000000 0.00000000000 0.23310366808
0.05463024251 -0.00384077930 0.23307145852 106.82458902853 0.00000000000 0.00000000000 0.00000000000 0.00000000000 0.00000000000 0.00000000000 0.23310310243
0.05460862299 -0.00383597509 0.23307097255 107.05532656184 0.00000000000 0.00000000000 0.00000000000 0.00000000000 0.00000000000 0.00000000000 0.23310253742
0.05458702235 -0.00383112127 0.23307048779 107.48369720672 0.00000000000 0.00000000000 0.00000000000 0.00000000000 0.00000000000 0.00000000000 0.23310197290
0.05456543442 -0.00382621632 0.23307000410 107.85125893010 0.00000000000 0.00000000000 0.00000000000 0.00000000000 0.00000000000 0.00000000000 0.23310140871
0.05454385325 -0.00382125865 0.23306952134 108.27512565254 0.00000000000 0.00000000000 0.00000000000 0.00000000000 0.00000000000 0.00000000000 0.23310084469
0.05452227604 -0.00381624738 0.23306903947 108.69569368223 0.00000000000 0.00000000000 0.00000000000 0.00000000000 0.00000000000 0.00000000000 0.23310028079
0.05450070289 -0.00381118239 0.23306855847 106.71508861528 0.00000000000 0.00000000000 0.00000000000 0.00000000000 0.00000000000 0.00000000000 0.23309971698
0.05447914389 -0.00380606688 0.23306807855 104.54588661327 0.00000000000 0.00000000000 0.00000000000 0.00000000000 0.00000000000 0.00000000000 0.23309915355
0.05445761504 -0.00380090585 0.23306760006 102.14346491581 0.00000000000 0.00000000000 0.00000000000 0.00000000000 0.00000000000 0.00000000000 0.23309859091
0.05443614456 -0.00379570746 0.23306712357 100.23432213848 0.00000000000 0.00000000000 0.00000000000 0.00000000000 0.00000000000 0.00000000000 0.23309802978
0.05441476346 -0.00379047989 0.23306664977 110.36197084804 0.00000000000 0.00000000000 0.00000000000 0.00000000000 0.00000000000 0.00000000000 0.23309747097
0.05439349217 -0.00378522446 0.23306617917 122.74049366400 0.00000000000 0.00000000000 0.00000000000 0.00000000000 0.00000000000 0.00000000000 0.23309691504
0.05437234086 -0.00377993868 0.23306571211 131.29153144554 0.00000000000 0.00000000000 0.00000000000 0.00000000000 0.00000000000 0.00000000000 0.23309636226
0.05435128577 -0.00377461301 0.23306524811 138.68061776119 0.00000000000 0.00000000000 0.00000000000 0.00000000000 0.00000000000 0.00000000000 0.23309581201
0.05433029189 -0.00376923558 0.23306478645 145.19690685278 0.00000000000 0.00000000000 0.00000000000 0.00000000000 0.00000000000 0.00000000000 0.23309526340
0.05430932416 -0.00376379453 0.23306432640 150.73452606507 0.00000000000 0.00000000000 0.00000000000 0.00000000000 0.00000000000 0.00000000000 0.23309471549
