VARIABLES=
"CoordinateX"
"CoordinateY"
"CoordinateZ"
"Kappa1"
"Kappa2"
"dy"
"dz"
"d2x"
"d2y"
"d2z"
"R"
ZONE T="Konrollpunkte"
I=101, J=1, K=1
0.05906372212 -0.00771806565 0.24580635366 0.00000000000 0.00000000000 0.00000000000 0.00000000000 0.00000000000 0.00000000000 0.00000000000 0.00000000000
0.05906372541 -0.00769951426 0.24580693556 0.00000000000 0.00000000000 0.00000000000 0.00000000000 0.00000000000 0.00000000000 0.00000000000 0.00000000000
0.05906373034 -0.00767175621 0.24580780362 0.00000000000 0.00000000000 0.00000000000 0.00000000000 0.00000000000 0.00000000000 0.00000000000 0.00000000000
0.05906373690 -0.00763481304 0.24580895406 0.00000000000 0.00000000000 0.00000000000 0.00000000000 0.00000000000 0.00000000000 0.00000000000 0.00000000000
0.05906374180 -0.00760724504 0.24580980893 0.00000000000 0.00000000000 0.00000000000 0.00000000000 0.00000000000 0.00000000000 0.00000000000 0.00000000000
0.05906374668 -0.00757977450 0.24581065769 0.00000000000 0.00000000000 0.00000000000 0.00000000000 0.00000000000 0.00000000000 0.00000000000 0.00000000000
0.05906375155 -0.00755234146 0.24581150224 0.00000000000 0.00000000000 0.00000000000 0.00000000000 0.00000000000 0.00000000000 0.00000000000 0.00000000000
0.05906375642 -0.00752492745 0.24581234313 0.00000000000 0.00000000000 0.00000000000 0.00000000000 0.00000000000 0.00000000000 0.00000000000 0.00000000000
0.05906376129 -0.00749751816 0.24581318082 0.00000000000 0.00000000000 0.00000000000 0.00000000000 0.00000000000 0.00000000000 0.00000000000 0.00000000000
0.05906376615 -0.00747010947 0.24581401544 0.00000000000 0.00000000000 0.00000000000 0.00000000000 0.00000000000 0.00000000000 0.00000000000 0.00000000000
0.05906377102 -0.00744269905 0.24581484704 0.00000000000 0.00000000000 0.00000000000 0.00000000000 0.00000000000 0.00000000000 0.00000000000 0.00000000000
0.05906377589 -0.00741528462 0.24581567571 0.00000000000 0.00000000000 0.00000000000 0.00000000000 0.00000000000 0.00000000000 0.00000000000 0.00000000000
0.05906378076 -0.00738786300 0.24581650154 0.00000000000 0.00000000000 0.00000000000 0.00000000000 0.00000000000 0.00000000000 0.00000000000 0.00000000000
0.05906378563 -0.00736043028 0.24581732463 0.00000000000 0.00000000000 0.00000000000 0.00000000000 0.00000000000 0.00000000000 0.00000000000 0.00000000000
0.05906379050 -0.00733298249 0.24581814511 0.00000000000 0.00000000000 0.00000000000 0.00000000000 0.00000000000 0.00000000000 0.00000000000 0.00000000000
0.05906379538 -0.00730551593 0.24581896308 0.00000000000 0.00000000000 0.00000000000 0.00000000000 0.00000000000 0.00000000000 0.00000000000 0.00000000000
0.05906380026 -0.00727802832 0.24581977861 0.00000000000 0.00000000000 0.00000000000 0.00000000000 0.00000000000 0.00000000000 0.00000000000 0.00000000000
0.05906380515 -0.00725052064 0.24582059165 0.00000000000 0.00000000000 0.00000000000 0.00000000000 0.00000000000 0.00000000000 0.00000000000 0.00000000000
0.05906381004 -0.00722299635 0.24582140209 0.00000000000 0.00000000000 0.00000000000 0.00000000000 0.00000000000 0.00000000000 0.00000000000 0.00000000000
0.05906381493 -0.00719545933 0.24582220983 0.00000000000 0.00000000000 0.00000000000 0.00000000000 0.00000000000 0.00000000000 0.00000000000 0.00000000000
0.05906381982 -0.00716791267 0.24582301475 0.00000000000 0.00000000000 0.00000000000 0.00000000000 0.00000000000 0.00000000000 0.00000000000 0.00000000000
0.05906382471 -0.00714035878 0.24582381680 0.00000000000 0.00000000000 0.00000000000 0.00000000000 0.00000000000 0.00000000000 0.00000000000 0.00000000000
0.05906382961 -0.00711279926 0.24582461592 0.00000000000 0.00000000000 0.00000000000 0.00000000000 0.00000000000 0.00000000000 0.00000000000 0.00000000000
0.05906383450 -0.00708523496 0.24582541209 0.00000000000 0.00000000000 0.00000000000 0.00000000000 0.00000000000 0.00000000000 0.00000000000 0.00000000000
0.05906383940 -0.00705766648 0.24582620528 0.00000000000 0.00000000000 0.00000000000 0.00000000000 0.00000000000 0.00000000000 0.00000000000 0.00000000000
0.05906384429 -0.00703009472 0.24582699547 0.00000000000 0.00000000000 0.00000000000 0.00000000000 0.00000000000 0.00000000000 0.00000000000 0.00000000000
0.05906384919 -0.00700252105 0.24582778263 0.00000000000 0.00000000000 0.00000000000 0.00000000000 0.00000000000 0.00000000000 0.00000000000 0.00000000000
0.05906385409 -0.00697494715 0.24582856669 0.00000000000 0.00000000000 0.00000000000 0.00000000000 0.00000000000 0.00000000000 0.00000000000 0.00000000000
0.05906385898 -0.00694737487 0.24582934761 0.00000000000 0.00000000000 0.00000000000 0.00000000000 0.00000000000 0.00000000000 0.00000000000 0.00000000000
0.05906386388 -0.00691980609 0.24583012534 0.00000000000 0.00000000000 0.00000000000 0.00000000000 0.00000000000 0.00000000000 0.00000000000 0.00000000000
0.05906386877 -0.00689224271 0.24583089982 0.00000000000 0.00000000000 0.00000000000 0.00000000000 0.00000000000 0.00000000000 0.00000000000 0.00000000000
0.05906387366 -0.00686468654 0.24583167101 0.00000000000 0.00000000000 0.00000000000 0.00000000000 0.00000000000 0.00000000000 0.00000000000 0.00000000000
0.05906387856 -0.00683713888 0.24583243887 0.00000000000 0.00000000000 0.00000000000 0.00000000000 0.00000000000 0.00000000000 0.00000000000 0.00000000000
0.05906388345 -0.00680960054 0.24583320338 0.00000000000 0.00000000000 0.00000000000 0.00000000000 0.00000000000 0.00000000000 0.00000000000 0.00000000000
0.05906388834 -0.00678207235 0.24583396453 0.00000000000 0.00000000000 0.00000000000 0.00000000000 0.00000000000 0.00000000000 0.00000000000 0.00000000000
0.05906389322 -0.00675455503 0.24583472229 0.00000000000 0.00000000000 0.00000000000 0.00000000000 0.00000000000 0.00000000000 0.00000000000 0.00000000000
0.05906389811 -0.00672704886 0.24583547666 0.00000000000 0.00000000000 0.00000000000 0.00000000000 0.00000000000 0.00000000000 0.00000000000 0.00000000000
0.05906390299 -0.00669955332 0.24583622767 0.00000000000 0.00000000000 0.00000000000 0.00000000000 0.00000000000 0.00000000000 0.00000000000 0.00000000000
0.05906390787 -0.00667206706 0.24583697534 0.00000000000 0.00000000000 0.00000000000 0.00000000000 0.00000000000 0.00000000000 0.00000000000 0.00000000000
0.05906391275 -0.00664458820 0.24583771974 0.00000000000 0.00000000000 0.00000000000 0.00000000000 0.00000000000 0.00000000000 0.00000000000 0.00000000000
0.05906391763 -0.00661711467 0.24583846092 0.00000000000 0.00000000000 0.00000000000 0.00000000000 0.00000000000 0.00000000000 0.00000000000 0.00000000000
0.05906392250 -0.00658964463 0.24583919894 0.00000000000 0.00000000000 0.00000000000 0.00000000000 0.00000000000 0.00000000000 0.00000000000 0.00000000000
0.05906392738 -0.00656217658 0.24583993383 0.00000000000 0.00000000000 0.00000000000 0.00000000000 0.00000000000 0.00000000000 0.00000000000 0.00000000000
0.05906393226 -0.00653470950 0.24584066562 0.00000000000 0.00000000000 0.00000000000 0.00000000000 0.00000000000 0.00000000000 0.00000000000 0.00000000000
0.05906393714 -0.00650724269 0.24584139434 0.00000000000 0.00000000000 0.00000000000 0.00000000000 0.00000000000 0.00000000000 0.00000000000 0.00000000000
0.05906394201 -0.00647977567 0.24584211999 0.00000000000 0.00000000000 0.00000000000 0.00000000000 0.00000000000 0.00000000000 0.00000000000 0.00000000000
0.05906394689 -0.00645230805 0.24584284259 0.00000000000 0.00000000000 0.00000000000 0.00000000000 0.00000000000 0.00000000000 0.00000000000 0.00000000000
0.05906395177 -0.00642483947 0.24584356214 0.00000000000 0.00000000000 0.00000000000 0.00000000000 0.00000000000 0.00000000000 0.00000000000 0.00000000000
0.05906395665 -0.00639736948 0.24584427865 0.00000000000 0.00000000000 0.00000000000 0.00000000000 0.00000000000 0.00000000000 0.00000000000 0.00000000000
0.05906396152 -0.00636989761 0.24584499214 0.00000000000 0.00000000000 0.00000000000 0.00000000000 0.00000000000 0.00000000000 0.00000000000 0.00000000000
0.05906396640 -0.00634242340 0.24584570263 0.00000000000 0.00000000000 0.00000000000 0.00000000000 0.00000000000 0.00000000000 0.00000000000 0.00000000000
0.05906397128 -0.00631494648 0.24584641010 0.00000000000 0.00000000000 0.00000000000 0.00000000000 0.00000000000 0.00000000000 0.00000000000 0.00000000000
0.05906397616 -0.00628746668 0.24584711458 0.00000000000 0.00000000000 0.00000000000 0.00000000000 0.00000000000 0.00000000000 0.00000000000 0.00000000000
0.05906398104 -0.00625998407 0.24584781606 0.00000000000 0.00000000000 0.00000000000 0.00000000000 0.00000000000 0.00000000000 0.00000000000 0.00000000000
0.05906398592 -0.00623249892 0.24584851453 0.00000000000 0.00000000000 0.00000000000 0.00000000000 0.00000000000 0.00000000000 0.00000000000 0.00000000000
0.05906399080 -0.00620501155 0.24584920997 0.00000000000 0.00000000000 0.00000000000 0.00000000000 0.00000000000 0.00000000000 0.00000000000 0.00000000000
0.05906399568 -0.00617752228 0.24584990240 0.00000000000 0.00000000000 0.00000000000 0.00000000000 0.00000000000 0.00000000000 0.00000000000 0.00000000000
0.05906400057 -0.00615003112 0.24585059179 0.00000000000 0.00000000000 0.00000000000 0.00000000000 0.00000000000 0.00000000000 0.00000000000 0.00000000000
0.05906400545 -0.00612253773 0.24585127816 0.00000000000 0.00000000000 0.00000000000 0.00000000000 0.00000000000 0.00000000000 0.00000000000 0.00000000000
0.05906401033 -0.00609504150 0.24585196153 0.00000000000 0.00000000000 0.00000000000 0.00000000000 0.00000000000 0.00000000000 0.00000000000 0.00000000000
0.05906401521 -0.00606754162 0.24585264190 0.00000000000 0.00000000000 0.00000000000 0.00000000000 0.00000000000 0.00000000000 0.00000000000 0.00000000000
0.05906402010 -0.00604003712 0.24585331932 0.00000000000 0.00000000000 0.00000000000 0.00000000000 0.00000000000 0.00000000000 0.00000000000 0.00000000000
0.05906402498 -0.00601252710 0.24585399379 0.00000000000 0.00000000000 0.00000000000 0.00000000000 0.00000000000 0.00000000000 0.00000000000 0.00000000000
0.05906402987 -0.00598501099 0.24585466533 0.00000000000 0.00000000000 0.00000000000 0.00000000000 0.00000000000 0.00000000000 0.00000000000 0.00000000000
0.05906403475 -0.00595748903 0.24585533393 0.00000000000 0.00000000000 0.00000000000 0.00000000000 0.00000000000 0.00000000000 0.00000000000 0.00000000000
0.05906403964 -0.00592996206 0.24585599957 0.00000000000 0.00000000000 0.00000000000 0.00000000000 0.00000000000 0.00000000000 0.00000000000 0.00000000000
0.05906404453 -0.00590243104 0.24585666222 0.00000000000 0.00000000000 0.00000000000 0.00000000000 0.00000000000 0.00000000000 0.00000000000 0.00000000000
0.05906404942 -0.00587489696 0.24585732186 0.00000000000 0.00000000000 0.00000000000 0.00000000000 0.00000000000 0.00000000000 0.00000000000 0.00000000000
0.05906405431 -0.00584736072 0.24585797846 0.00000000000 0.00000000000 0.00000000000 0.00000000000 0.00000000000 0.00000000000 0.00000000000 0.00000000000
0.05906405920 -0.00581982318 0.24585863201 0.00000000000 0.00000000000 0.00000000000 0.00000000000 0.00000000000 0.00000000000 0.00000000000 0.00000000000
0.05906406409 -0.00579228504 0.24585928249 0.00000000000 0.00000000000 0.00000000000 0.00000000000 0.00000000000 0.00000000000 0.00000000000 0.00000000000
0.05906406898 -0.00576474700 0.24585992988 0.00000000000 0.00000000000 0.00000000000 0.00000000000 0.00000000000 0.00000000000 0.00000000000 0.00000000000
0.05906407386 -0.00573721000 0.24586057416 0.00000000000 0.00000000000 0.00000000000 0.00000000000 0.00000000000 0.00000000000 0.00000000000 0.00000000000
0.05906407875 -0.00570967578 0.24586121529 0.00000000000 0.00000000000 0.00000000000 0.00000000000 0.00000000000 0.00000000000 0.00000000000 0.00000000000
0.05906408364 -0.00568214699 0.24586185321 0.00000000000 0.00000000000 0.00000000000 0.00000000000 0.00000000000 0.00000000000 0.00000000000 0.00000000000
0.05906408853 -0.00565462697 0.24586248784 0.00000000000 0.00000000000 0.00000000000 0.00000000000 0.00000000000 0.00000000000 0.00000000000 0.00000000000
0.05906409341 -0.00562711965 0.24586311910 0.00000000000 0.00000000000 0.00000000000 0.00000000000 0.00000000000 0.00000000000 0.00000000000 0.00000000000
0.05906409829 -0.00559962957 0.24586374689 0.00000000000 0.00000000000 0.00000000000 0.00000000000 0.00000000000 0.00000000000 0.00000000000 0.00000000000
0.05906410317 -0.00557216009 0.24586437113 0.00000000000 0.00000000000 0.00000000000 0.00000000000 0.00000000000 0.00000000000 0.00000000000 0.00000000000
0.05906410804 -0.00554471164 0.24586499183 0.00000000000 0.00000000000 0.00000000000 0.00000000000 0.00000000000 0.00000000000 0.00000000000 0.00000000000
0.05906411291 -0.00551728196 0.24586560905 0.00000000000 0.00000000000 0.00000000000 0.00000000000 0.00000000000 0.00000000000 0.00000000000 0.00000000000
0.05906411778 -0.00548986771 0.24586622285 0.00000000000 0.00000000000 0.00000000000 0.00000000000 0.00000000000 0.00000000000 0.00000000000 0.00000000000
0.05906412265 -0.00546246535 0.24586683334 0.00000000000 0.00000000000 0.00000000000 0.00000000000 0.00000000000 0.00000000000 0.00000000000 0.00000000000
0.05906412751 -0.00543507148 0.24586744058 0.00000000000 0.00000000000 0.00000000000 0.00000000000 0.00000000000 0.00000000000 0.00000000000 0.00000000000
0.05906413237 -0.00540768332 0.24586804464 0.00000000000 0.00000000000 0.00000000000 0.00000000000 0.00000000000 0.00000000000 0.00000000000 0.00000000000
0.05906413723 -0.00538029879 0.24586864557 0.00000000000 0.00000000000 0.00000000000 0.00000000000 0.00000000000 0.00000000000 0.00000000000 0.00000000000
0.05906414210 -0.00535291597 0.24586924341 0.00000000000 0.00000000000 0.00000000000 0.00000000000 0.00000000000 0.00000000000 0.00000000000 0.00000000000
0.05906414696 -0.00532553267 0.24586983821 0.00000000000 0.00000000000 0.00000000000 0.00000000000 0.00000000000 0.00000000000 0.00000000000 0.00000000000
0.05906415182 -0.00529814654 0.24587043002 0.00000000000 0.00000000000 0.00000000000 0.00000000000 0.00000000000 0.00000000000 0.00000000000 0.00000000000
0.05906415668 -0.00527075524 0.24587101889 0.00000000000 0.00000000000 0.00000000000 0.00000000000 0.00000000000 0.00000000000 0.00000000000 0.00000000000
0.05906416155 -0.00524335662 0.24587160487 0.00000000000 0.00000000000 0.00000000000 0.00000000000 0.00000000000 0.00000000000 0.00000000000 0.00000000000
0.05906416641 -0.00521594917 0.24587218797 0.00000000000 0.00000000000 0.00000000000 0.00000000000 0.00000000000 0.00000000000 0.00000000000 0.00000000000
0.05906417128 -0.00518853256 0.24587276821 0.00000000000 0.00000000000 0.00000000000 0.00000000000 0.00000000000 0.00000000000 0.00000000000 0.00000000000
0.05906417615 -0.00516110783 0.24587334557 0.00000000000 0.00000000000 0.00000000000 0.00000000000 0.00000000000 0.00000000000 0.00000000000 0.00000000000
0.05906418102 -0.00513367564 0.24587392002 0.00000000000 0.00000000000 0.00000000000 0.00000000000 0.00000000000 0.00000000000 0.00000000000 0.00000000000
0.05906418589 -0.00510623618 0.24587449156 0.00000000000 0.00000000000 0.00000000000 0.00000000000 0.00000000000 0.00000000000 0.00000000000 0.00000000000
0.05906419077 -0.00507878904 0.24587506019 0.00000000000 0.00000000000 0.00000000000 0.00000000000 0.00000000000 0.00000000000 0.00000000000 0.00000000000
0.05906419564 -0.00505133328 0.24587562594 0.00000000000 0.00000000000 0.00000000000 0.00000000000 0.00000000000 0.00000000000 0.00000000000 0.00000000000
0.05906420214 -0.00501470992 0.24587637581 0.00000000000 0.00000000000 0.00000000000 0.00000000000 0.00000000000 0.00000000000 0.00000000000 0.00000000000
0.05906420702 -0.00498723205 0.24587693485 0.00000000000 0.00000000000 0.00000000000 0.00000000000 0.00000000000 0.00000000000 0.00000000000 0.00000000000
0.05906421028 -0.00496890881 0.24587730593 0.00000000000 0.00000000000 0.00000000000 0.00000000000 0.00000000000 0.00000000000 0.00000000000 0.00000000000
ZONE T="NURB"
I=201, J=1, K=1
0.05906372212 -0.00771806565 0.24580635366 3.37535727443 0.00000000000 0.00000000000 0.00000000000 0.00000000000 0.00000000000 0.00000000000 0.24592749345
0.05906372459 -0.00770415603 0.24580678963 3.32616141696 0.00000000000 0.00000000000 0.00000000000 0.00000000000 0.00000000000 0.00000000000 0.24592749307
0.05906372706 -0.00769026095 0.24580722451 3.27462458424 0.00000000000 0.00000000000 0.00000000000 0.00000000000 0.00000000000 0.00000000000 0.24592749284
0.05906372952 -0.00767637825 0.24580765836 3.22080824930 0.00000000000 0.00000000000 0.00000000000 0.00000000000 0.00000000000 0.00000000000 0.24592749276
0.05906373199 -0.00766250577 0.24580809128 3.16575100411 0.00000000000 0.00000000000 0.00000000000 0.00000000000 0.00000000000 0.00000000000 0.24592749284
0.05906373445 -0.00764864381 0.24580852323 3.94659917098 0.00000000000 0.00000000000 0.00000000000 0.00000000000 0.00000000000 0.00000000000 0.24592749307
0.05906373691 -0.00763480250 0.24580895378 4.74509320510 0.00000000000 0.00000000000 0.00000000000 0.00000000000 0.00000000000 0.00000000000 0.24592749332
0.05906373936 -0.00762099145 0.24580938252 4.40995245695 0.00000000000 0.00000000000 0.00000000000 0.00000000000 0.00000000000 0.00000000000 0.24592749347
0.05906374181 -0.00760720865 0.24580980954 4.06628440806 0.00000000000 0.00000000000 0.00000000000 0.00000000000 0.00000000000 0.00000000000 0.24592749356
0.05906374425 -0.00759344872 0.24581023507 4.07067160459 0.00000000000 0.00000000000 0.00000000000 0.00000000000 0.00000000000 0.00000000000 0.24592749364
0.05906374669 -0.00757970462 0.24581065934 4.06626919778 0.00000000000 0.00000000000 0.00000000000 0.00000000000 0.00000000000 0.00000000000 0.24592749372
0.05906374913 -0.00756596977 0.24581108255 4.06760173184 0.00000000000 0.00000000000 0.00000000000 0.00000000000 0.00000000000 0.00000000000 0.24592749380
0.05906375157 -0.00755224102 0.24581150481 4.06625731425 0.00000000000 0.00000000000 0.00000000000 0.00000000000 0.00000000000 0.00000000000 0.24592749387
0.05906375400 -0.00753851618 0.24581192619 4.06730350160 0.00000000000 0.00000000000 0.00000000000 0.00000000000 0.00000000000 0.00000000000 0.24592749395
0.05906375644 -0.00752479334 0.24581234673 4.06623359123 0.00000000000 0.00000000000 0.00000000000 0.00000000000 0.00000000000 0.00000000000 0.24592749403
0.05906375888 -0.00751107093 0.24581276649 4.06654921218 0.00000000000 0.00000000000 0.00000000000 0.00000000000 0.00000000000 0.00000000000 0.24592749411
0.05906376132 -0.00749734819 0.24581318550 4.06622669207 0.00000000000 0.00000000000 0.00000000000 0.00000000000 0.00000000000 0.00000000000 0.24592749418
0.05906376375 -0.00748362461 0.24581360376 4.06641493882 0.00000000000 0.00000000000 0.00000000000 0.00000000000 0.00000000000 0.00000000000 0.24592749426
0.05906376619 -0.00746989984 0.24581402130 4.06623876263 0.00000000000 0.00000000000 0.00000000000 0.00000000000 0.00000000000 0.00000000000 0.24592749434
0.05906376863 -0.00745617356 0.24581443811 4.06640363495 0.00000000000 0.00000000000 0.00000000000 0.00000000000 0.00000000000 0.00000000000 0.24592749441
0.05906377107 -0.00744244551 0.24581485421 4.06626558437 0.00000000000 0.00000000000 0.00000000000 0.00000000000 0.00000000000 0.00000000000 0.24592749449
0.05906377350 -0.00742871541 0.24581526961 4.06646119580 0.00000000000 0.00000000000 0.00000000000 0.00000000000 0.00000000000 0.00000000000 0.24592749457
0.05906377594 -0.00741498295 0.24581568430 4.06629137449 0.00000000000 0.00000000000 0.00000000000 0.00000000000 0.00000000000 0.00000000000 0.24592749464
0.05906377838 -0.00740124779 0.24581609832 4.06650620549 0.00000000000 0.00000000000 0.00000000000 0.00000000000 0.00000000000 0.00000000000 0.24592749472
0.05906378082 -0.00738750956 0.24581651165 4.06630436070 0.00000000000 0.00000000000 0.00000000000 0.00000000000 0.00000000000 0.00000000000 0.24592749480
0.05906378326 -0.00737376792 0.24581692432 4.06650503832 0.00000000000 0.00000000000 0.00000000000 0.00000000000 0.00000000000 0.00000000000 0.24592749488
0.05906378570 -0.00736002249 0.24581733633 4.06630761922 0.00000000000 0.00000000000 0.00000000000 0.00000000000 0.00000000000 0.00000000000 0.24592749495
0.05906378814 -0.00734627292 0.24581774770 4.06648615932 0.00000000000 0.00000000000 0.00000000000 0.00000000000 0.00000000000 0.00000000000 0.24592749503
0.05906379059 -0.00733251890 0.24581815843 4.06629944953 0.00000000000 0.00000000000 0.00000000000 0.00000000000 0.00000000000 0.00000000000 0.24592749511
0.05906379303 -0.00731876012 0.24581856854 4.06638146342 0.00000000000 0.00000000000 0.00000000000 0.00000000000 0.00000000000 0.00000000000 0.24592749518
0.05906379547 -0.00730499641 0.24581897801 4.06627852666 0.00000000000 0.00000000000 0.00000000000 0.00000000000 0.00000000000 0.00000000000 0.24592749526
0.05906379792 -0.00729122769 0.24581938687 4.06613854704 0.00000000000 0.00000000000 0.00000000000 0.00000000000 0.00000000000 0.00000000000 0.24592749534
0.05906380037 -0.00727745416 0.24581979510 4.06626317832 0.00000000000 0.00000000000 0.00000000000 0.00000000000 0.00000000000 0.00000000000 0.24592749541
0.05906380281 -0.00726367615 0.24582020268 4.06595580856 0.00000000000 0.00000000000 0.00000000000 0.00000000000 0.00000000000 0.00000000000 0.24592749549
0.05906380526 -0.00724989418 0.24582060961 4.06626599933 0.00000000000 0.00000000000 0.00000000000 0.00000000000 0.00000000000 0.00000000000 0.24592749557
0.05906380771 -0.00723610884 0.24582101587 4.06592030027 0.00000000000 0.00000000000 0.00000000000 0.00000000000 0.00000000000 0.00000000000 0.24592749564
0.05906381016 -0.00722232080 0.24582142143 4.06628063225 0.00000000000 0.00000000000 0.00000000000 0.00000000000 0.00000000000 0.00000000000 0.24592749572
0.05906381261 -0.00720853069 0.24582182628 4.06597111064 0.00000000000 0.00000000000 0.00000000000 0.00000000000 0.00000000000 0.00000000000 0.24592749580
0.05906381505 -0.00719473913 0.24582223040 4.06629305693 0.00000000000 0.00000000000 0.00000000000 0.00000000000 0.00000000000 0.00000000000 0.24592749588
0.05906381750 -0.00718094668 0.24582263376 4.06602168731 0.00000000000 0.00000000000 0.00000000000 0.00000000000 0.00000000000 0.00000000000 0.24592749595
0.05906381995 -0.00716715388 0.24582303637 4.06629890023 0.00000000000 0.00000000000 0.00000000000 0.00000000000 0.00000000000 0.00000000000 0.24592749603
0.05906382240 -0.00715336121 0.24582343819 4.06608794695 0.00000000000 0.00000000000 0.00000000000 0.00000000000 0.00000000000 0.00000000000 0.24592749611
0.05906382485 -0.00713956908 0.24582383923 4.06628811295 0.00000000000 0.00000000000 0.00000000000 0.00000000000 0.00000000000 0.00000000000 0.24592749619
0.05906382730 -0.00712577783 0.24582423946 4.06615773339 0.00000000000 0.00000000000 0.00000000000 0.00000000000 0.00000000000 0.00000000000 0.24592749626
0.05906382975 -0.00711198770 0.24582463889 4.06625119680 0.00000000000 0.00000000000 0.00000000000 0.00000000000 0.00000000000 0.00000000000 0.24592749634
0.05906383220 -0.00709819886 0.24582503751 4.06619982685 0.00000000000 0.00000000000 0.00000000000 0.00000000000 0.00000000000 0.00000000000 0.24592749642
0.05906383465 -0.00708441136 0.24582543531 4.06619719682 0.00000000000 0.00000000000 0.00000000000 0.00000000000 0.00000000000 0.00000000000 0.24592749649
0.05906383709 -0.00707062524 0.24582583231 4.06620124414 0.00000000000 0.00000000000 0.00000000000 0.00000000000 0.00000000000 0.00000000000 0.24592749657
0.05906383954 -0.00705684045 0.24582622848 4.06615375800 0.00000000000 0.00000000000 0.00000000000 0.00000000000 0.00000000000 0.00000000000 0.24592749665
0.05906384199 -0.00704305695 0.24582662385 4.06618150077 0.00000000000 0.00000000000 0.00000000000 0.00000000000 0.00000000000 0.00000000000 0.24592749673
0.05906384444 -0.00702927466 0.24582701841 4.06613870104 0.00000000000 0.00000000000 0.00000000000 0.00000000000 0.00000000000 0.00000000000 0.24592749680
0.05906384689 -0.00701549352 0.24582741217 4.06616100539 0.00000000000 0.00000000000 0.00000000000 0.00000000000 0.00000000000 0.00000000000 0.24592749688
0.05906384933 -0.00700171351 0.24582780512 4.06614596141 0.00000000000 0.00000000000 0.00000000000 0.00000000000 0.00000000000 0.00000000000 0.24592749696
0.05906385178 -0.00698793459 0.24582819726 4.06614545677 0.00000000000 0.00000000000 0.00000000000 0.00000000000 0.00000000000 0.00000000000 0.24592749704
0.05906385423 -0.00697415678 0.24582858860 4.06616148314 0.00000000000 0.00000000000 0.00000000000 0.00000000000 0.00000000000 0.00000000000 0.24592749711
0.05906385667 -0.00696038011 0.24582897914 4.06613188590 0.00000000000 0.00000000000 0.00000000000 0.00000000000 0.00000000000 0.00000000000 0.24592749719
0.05906385912 -0.00694660465 0.24582936886 4.06617846264 0.00000000000 0.00000000000 0.00000000000 0.00000000000 0.00000000000 0.00000000000 0.24592749727
0.05906386156 -0.00693283048 0.24582975778 4.06612209083 0.00000000000 0.00000000000 0.00000000000 0.00000000000 0.00000000000 0.00000000000 0.24592749735
0.05906386401 -0.00691905772 0.24583014589 4.06619537764 0.00000000000 0.00000000000 0.00000000000 0.00000000000 0.00000000000 0.00000000000 0.24592749742
0.05906386646 -0.00690528651 0.24583053318 4.06612181277 0.00000000000 0.00000000000 0.00000000000 0.00000000000 0.00000000000 0.00000000000 0.24592749750
0.05906386890 -0.00689151698 0.24583091966 4.06621027536 0.00000000000 0.00000000000 0.00000000000 0.00000000000 0.00000000000 0.00000000000 0.24592749758
0.05906387135 -0.00687774929 0.24583130530 4.06615330405 0.00000000000 0.00000000000 0.00000000000 0.00000000000 0.00000000000 0.00000000000 0.24592749765
0.05906387379 -0.00686398354 0.24583169013 4.06621800182 0.00000000000 0.00000000000 0.00000000000 0.00000000000 0.00000000000 0.00000000000 0.24592749773
0.05906387623 -0.00685021985 0.24583207412 4.06618880840 0.00000000000 0.00000000000 0.00000000000 0.00000000000 0.00000000000 0.00000000000 0.24592749781
0.05906387868 -0.00683645827 0.24583245729 4.06621680619 0.00000000000 0.00000000000 0.00000000000 0.00000000000 0.00000000000 0.00000000000 0.24592749789
0.05906388112 -0.00682269886 0.24583283962 4.06618793285 0.00000000000 0.00000000000 0.00000000000 0.00000000000 0.00000000000 0.00000000000 0.24592749796
0.05906388356 -0.00680894167 0.24583322112 4.06621565600 0.00000000000 0.00000000000 0.00000000000 0.00000000000 0.00000000000 0.00000000000 0.24592749804
0.05906388601 -0.00679518675 0.24583360179 4.06619720858 0.00000000000 0.00000000000 0.00000000000 0.00000000000 0.00000000000 0.00000000000 0.24592749812
0.05906388845 -0.00678143413 0.24583398162 4.06621663573 0.00000000000 0.00000000000 0.00000000000 0.00000000000 0.00000000000 0.00000000000 0.24592749820
0.05906389089 -0.00676768384 0.24583436062 4.06622911468 0.00000000000 0.00000000000 0.00000000000 0.00000000000 0.00000000000 0.00000000000 0.24592749827
0.05906389333 -0.00675393586 0.24583473879 4.06622088255 0.00000000000 0.00000000000 0.00000000000 0.00000000000 0.00000000000 0.00000000000 0.24592749835
0.05906389577 -0.00674019015 0.24583511613 4.06628780860 0.00000000000 0.00000000000 0.00000000000 0.00000000000 0.00000000000 0.00000000000 0.24592749843
0.05906389821 -0.00672644660 0.24583549263 4.06622860544 0.00000000000 0.00000000000 0.00000000000 0.00000000000 0.00000000000 0.00000000000 0.24592749851
0.05906390065 -0.00671270507 0.24583586832 4.06634575765 0.00000000000 0.00000000000 0.00000000000 0.00000000000 0.00000000000 0.00000000000 0.24592749858
0.05906390309 -0.00669896537 0.24583624318 4.06624016809 0.00000000000 0.00000000000 0.00000000000 0.00000000000 0.00000000000 0.00000000000 0.24592749866
0.05906390553 -0.00668522729 0.24583661723 4.06638095851 0.00000000000 0.00000000000 0.00000000000 0.00000000000 0.00000000000 0.00000000000 0.24592749874
0.05906390797 -0.00667149059 0.24583699048 4.06625386845 0.00000000000 0.00000000000 0.00000000000 0.00000000000 0.00000000000 0.00000000000 0.24592749882
0.05906391041 -0.00665775501 0.24583736292 4.06638625880 0.00000000000 0.00000000000 0.00000000000 0.00000000000 0.00000000000 0.00000000000 0.24592749889
0.05906391285 -0.00664402033 0.24583773458 4.06626451693 0.00000000000 0.00000000000 0.00000000000 0.00000000000 0.00000000000 0.00000000000 0.24592749897
0.05906391529 -0.00663028633 0.24583810545 4.06636829315 0.00000000000 0.00000000000 0.00000000000 0.00000000000 0.00000000000 0.00000000000 0.24592749905
0.05906391773 -0.00661655280 0.24583847554 4.06626755107 0.00000000000 0.00000000000 0.00000000000 0.00000000000 0.00000000000 0.00000000000 0.24592749912
0.05906392017 -0.00660281959 0.24583884485 4.06633779829 0.00000000000 0.00000000000 0.00000000000 0.00000000000 0.00000000000 0.00000000000 0.24592749920
0.05906392260 -0.00658908654 0.24583921339 4.06626438726 0.00000000000 0.00000000000 0.00000000000 0.00000000000 0.00000000000 0.00000000000 0.24592749928
0.05906392504 -0.00657535354 0.24583958116 4.06630528496 0.00000000000 0.00000000000 0.00000000000 0.00000000000 0.00000000000 0.00000000000 0.24592749936
0.05906392748 -0.00656162051 0.24583994816 4.06625886561 0.00000000000 0.00000000000 0.00000000000 0.00000000000 0.00000000000 0.00000000000 0.24592749943
0.05906392992 -0.00654788736 0.24584031440 4.06628392119 0.00000000000 0.00000000000 0.00000000000 0.00000000000 0.00000000000 0.00000000000 0.24592749951
0.05906393236 -0.00653415405 0.24584067988 4.06625205070 0.00000000000 0.00000000000 0.00000000000 0.00000000000 0.00000000000 0.00000000000 0.24592749959
0.05906393480 -0.00652042051 0.24584104459 4.06627010160 0.00000000000 0.00000000000 0.00000000000 0.00000000000 0.00000000000 0.00000000000 0.24592749966
0.05906393724 -0.00650668672 0.24584140855 4.06624474654 0.00000000000 0.00000000000 0.00000000000 0.00000000000 0.00000000000 0.00000000000 0.24592749974
0.05906393967 -0.00649295263 0.24584177174 4.06626651434 0.00000000000 0.00000000000 0.00000000000 0.00000000000 0.00000000000 0.00000000000 0.24592749982
0.05906394211 -0.00647921819 0.24584213418 4.06623830323 0.00000000000 0.00000000000 0.00000000000 0.00000000000 0.00000000000 0.00000000000 0.24592749990
0.05906394455 -0.00646548336 0.24584249585 4.06626933687 0.00000000000 0.00000000000 0.00000000000 0.00000000000 0.00000000000 0.00000000000 0.24592749997
0.05906394699 -0.00645174807 0.24584285678 4.06623489063 0.00000000000 0.00000000000 0.00000000000 0.00000000000 0.00000000000 0.00000000000 0.24592750005
0.05906394943 -0.00643801226 0.24584321694 4.06627402539 0.00000000000 0.00000000000 0.00000000000 0.00000000000 0.00000000000 0.00000000000 0.24592750013
0.05906395187 -0.00642427587 0.24584357636 4.06623551509 0.00000000000 0.00000000000 0.00000000000 0.00000000000 0.00000000000 0.00000000000 0.24592750020
0.05906395431 -0.00641053882 0.24584393502 4.06627644692 0.00000000000 0.00000000000 0.00000000000 0.00000000000 0.00000000000 0.00000000000 0.24592750028
0.05906395675 -0.00639680104 0.24584429293 4.06623807640 0.00000000000 0.00000000000 0.00000000000 0.00000000000 0.00000000000 0.00000000000 0.24592750036
0.05906395919 -0.00638306246 0.24584465010 4.06627393381 0.00000000000 0.00000000000 0.00000000000 0.00000000000 0.00000000000 0.00000000000 0.24592750043
0.05906396163 -0.00636932302 0.24584500652 4.06624207941 0.00000000000 0.00000000000 0.00000000000 0.00000000000 0.00000000000 0.00000000000 0.24592750051
0.05906396407 -0.00635558265 0.24584536220 4.06626430789 0.00000000000 0.00000000000 0.00000000000 0.00000000000 0.00000000000 0.00000000000 0.24592750059
0.05906396651 -0.00634184132 0.24584571713 4.06624543379 0.00000000000 0.00000000000 0.00000000000 0.00000000000 0.00000000000 0.00000000000 0.24592750067
0.05906396895 -0.00632809900 0.24584607132 4.06624837437 0.00000000000 0.00000000000 0.00000000000 0.00000000000 0.00000000000 0.00000000000 0.24592750074
0.05906397139 -0.00631435569 0.24584642477 4.06624684343 0.00000000000 0.00000000000 0.00000000000 0.00000000000 0.00000000000 0.00000000000 0.24592750082
0.05906397383 -0.00630061138 0.24584677747 4.06622796118 0.00000000000 0.00000000000 0.00000000000 0.00000000000 0.00000000000 0.00000000000 0.24592750090
0.05906397627 -0.00628686611 0.24584712943 4.06624729612 0.00000000000 0.00000000000 0.00000000000 0.00000000000 0.00000000000 0.00000000000 0.24592750097
0.05906397871 -0.00627311992 0.24584748065 4.06621481792 0.00000000000 0.00000000000 0.00000000000 0.00000000000 0.00000000000 0.00000000000 0.24592750105
0.05906398115 -0.00625937287 0.24584783111 4.06624630234 0.00000000000 0.00000000000 0.00000000000 0.00000000000 0.00000000000 0.00000000000 0.24592750113
0.05906398359 -0.00624562501 0.24584818083 4.06620800267 0.00000000000 0.00000000000 0.00000000000 0.00000000000 0.00000000000 0.00000000000 0.24592750121
0.05906398603 -0.00623187642 0.24584852980 4.06624576332 0.00000000000 0.00000000000 0.00000000000 0.00000000000 0.00000000000 0.00000000000 0.24592750128
0.05906398847 -0.00621812717 0.24584887801 4.06621243816 0.00000000000 0.00000000000 0.00000000000 0.00000000000 0.00000000000 0.00000000000 0.24592750136
0.05906399092 -0.00620437731 0.24584922547 4.06624678223 0.00000000000 0.00000000000 0.00000000000 0.00000000000 0.00000000000 0.00000000000 0.24592750144
0.05906399336 -0.00619062691 0.24584957218 4.06623135984 0.00000000000 0.00000000000 0.00000000000 0.00000000000 0.00000000000 0.00000000000 0.24592750151
0.05906399580 -0.00617687600 0.24584991812 4.06625022258 0.00000000000 0.00000000000 0.00000000000 0.00000000000 0.00000000000 0.00000000000 0.24592750159
0.05906399824 -0.00616312459 0.24585026332 4.06625693130 0.00000000000 0.00000000000 0.00000000000 0.00000000000 0.00000000000 0.00000000000 0.24592750167
0.05906400068 -0.00614937270 0.24585060775 4.06625558923 0.00000000000 0.00000000000 0.00000000000 0.00000000000 0.00000000000 0.00000000000 0.24592750175
0.05906400312 -0.00613562030 0.24585095142 4.06627584798 0.00000000000 0.00000000000 0.00000000000 0.00000000000 0.00000000000 0.00000000000 0.24592750182
0.05906400557 -0.00612186736 0.24585129434 4.06626285479 0.00000000000 0.00000000000 0.00000000000 0.00000000000 0.00000000000 0.00000000000 0.24592750190
0.05906400801 -0.00610811386 0.24585163651 4.06628575346 0.00000000000 0.00000000000 0.00000000000 0.00000000000 0.00000000000 0.00000000000 0.24592750198
0.05906401045 -0.00609435977 0.24585197792 4.06627195482 0.00000000000 0.00000000000 0.00000000000 0.00000000000 0.00000000000 0.00000000000 0.24592750205
0.05906401289 -0.00608060504 0.24585231857 4.06629153284 0.00000000000 0.00000000000 0.00000000000 0.00000000000 0.00000000000 0.00000000000 0.24592750213
0.05906401533 -0.00606684965 0.24585265847 4.06628005024 0.00000000000 0.00000000000 0.00000000000 0.00000000000 0.00000000000 0.00000000000 0.24592750221
0.05906401778 -0.00605309358 0.24585299762 4.06628464826 0.00000000000 0.00000000000 0.00000000000 0.00000000000 0.00000000000 0.00000000000 0.24592750229
0.05906402022 -0.00603933682 0.24585333601 4.06628375187 0.00000000000 0.00000000000 0.00000000000 0.00000000000 0.00000000000 0.00000000000 0.24592750236
0.05906402266 -0.00602557938 0.24585367365 4.06625849454 0.00000000000 0.00000000000 0.00000000000 0.00000000000 0.00000000000 0.00000000000 0.24592750244
0.05906402511 -0.00601182129 0.24585401054 4.06627805596 0.00000000000 0.00000000000 0.00000000000 0.00000000000 0.00000000000 0.00000000000 0.24592750252
0.05906402755 -0.00599806264 0.24585434667 4.06620043633 0.00000000000 0.00000000000 0.00000000000 0.00000000000 0.00000000000 0.00000000000 0.24592750259
0.05906402999 -0.00598430353 0.24585468204 4.06626665143 0.00000000000 0.00000000000 0.00000000000 0.00000000000 0.00000000000 0.00000000000 0.24592750267
0.05906403243 -0.00597054412 0.24585501665 4.06616293865 0.00000000000 0.00000000000 0.00000000000 0.00000000000 0.00000000000 0.00000000000 0.24592750275
0.05906403488 -0.00595678458 0.24585535049 4.06625153486 0.00000000000 0.00000000000 0.00000000000 0.00000000000 0.00000000000 0.00000000000 0.24592750283
0.05906403732 -0.00594302508 0.24585568356 4.06615987647 0.00000000000 0.00000000000 0.00000000000 0.00000000000 0.00000000000 0.00000000000 0.24592750290
0.05906403976 -0.00592926579 0.24585601585 4.06623528668 0.00000000000 0.00000000000 0.00000000000 0.00000000000 0.00000000000 0.00000000000 0.24592750298
0.05906404221 -0.00591550685 0.24585634736 4.06616752960 0.00000000000 0.00000000000 0.00000000000 0.00000000000 0.00000000000 0.00000000000 0.24592750306
0.05906404465 -0.00590174838 0.24585667809 4.06622335539 0.00000000000 0.00000000000 0.00000000000 0.00000000000 0.00000000000 0.00000000000 0.24592750313
0.05906404709 -0.00588799048 0.24585700804 4.06617771247 0.00000000000 0.00000000000 0.00000000000 0.00000000000 0.00000000000 0.00000000000 0.24592750321
0.05906404954 -0.00587423325 0.24585733720 4.06621772204 0.00000000000 0.00000000000 0.00000000000 0.00000000000 0.00000000000 0.00000000000 0.24592750329
0.05906405198 -0.00586047676 0.24585766558 4.06618675816 0.00000000000 0.00000000000 0.00000000000 0.00000000000 0.00000000000 0.00000000000 0.24592750337
0.05906405442 -0.00584672106 0.24585799316 4.06621547795 0.00000000000 0.00000000000 0.00000000000 0.00000000000 0.00000000000 0.00000000000 0.24592750344
0.05906405686 -0.00583296621 0.24585831996 4.06619813491 0.00000000000 0.00000000000 0.00000000000 0.00000000000 0.00000000000 0.00000000000 0.24592750352
0.05906405930 -0.00581921223 0.24585864596 4.06621063552 0.00000000000 0.00000000000 0.00000000000 0.00000000000 0.00000000000 0.00000000000 0.24592750360
0.05906406175 -0.00580545914 0.24585897118 4.06620498735 0.00000000000 0.00000000000 0.00000000000 0.00000000000 0.00000000000 0.00000000000 0.24592750367
0.05906406419 -0.00579170696 0.24585929560 4.06620072264 0.00000000000 0.00000000000 0.00000000000 0.00000000000 0.00000000000 0.00000000000 0.24592750375
0.05906406663 -0.00577795569 0.24585961923 4.06618805819 0.00000000000 0.00000000000 0.00000000000 0.00000000000 0.00000000000 0.00000000000 0.24592750383
0.05906406907 -0.00576420534 0.24585994207 4.06618996641 0.00000000000 0.00000000000 0.00000000000 0.00000000000 0.00000000000 0.00000000000 0.24592750391
0.05906407151 -0.00575045594 0.24586026412 4.06613317621 0.00000000000 0.00000000000 0.00000000000 0.00000000000 0.00000000000 0.00000000000 0.24592750398
0.05906407395 -0.00573670758 0.24586058537 4.06618316104 0.00000000000 0.00000000000 0.00000000000 0.00000000000 0.00000000000 0.00000000000 0.24592750406
0.05906407639 -0.00572296039 0.24586090583 4.06606641111 0.00000000000 0.00000000000 0.00000000000 0.00000000000 0.00000000000 0.00000000000 0.24592750414
0.05906407884 -0.00570921456 0.24586122549 4.06618095198 0.00000000000 0.00000000000 0.00000000000 0.00000000000 0.00000000000 0.00000000000 0.24592750421
0.05906408128 -0.00569547033 0.24586154434 4.06601433758 0.00000000000 0.00000000000 0.00000000000 0.00000000000 0.00000000000 0.00000000000 0.24592750429
0.05906408372 -0.00568172797 0.24586186238 4.06618200227 0.00000000000 0.00000000000 0.00000000000 0.00000000000 0.00000000000 0.00000000000 0.24592750437
0.05906408616 -0.00566798782 0.24586217960 4.06596801002 0.00000000000 0.00000000000 0.00000000000 0.00000000000 0.00000000000 0.00000000000 0.24592750445
0.05906408859 -0.00565425024 0.24586249599 4.06618641002 0.00000000000 0.00000000000 0.00000000000 0.00000000000 0.00000000000 0.00000000000 0.24592750452
0.05906409103 -0.00564051565 0.24586281155 4.06591935013 0.00000000000 0.00000000000 0.00000000000 0.00000000000 0.00000000000 0.00000000000 0.24592750460
0.05906409347 -0.00562678451 0.24586312626 4.06620108254 0.00000000000 0.00000000000 0.00000000000 0.00000000000 0.00000000000 0.00000000000 0.24592750468
0.05906409591 -0.00561305729 0.24586344011 4.06600349675 0.00000000000 0.00000000000 0.00000000000 0.00000000000 0.00000000000 0.00000000000 0.24592750476
0.05906409835 -0.00559933436 0.24586375310 4.06621884657 0.00000000000 0.00000000000 0.00000000000 0.00000000000 0.00000000000 0.00000000000 0.24592750483
0.05906410078 -0.00558561602 0.24586406522 4.06621746448 0.00000000000 0.00000000000 0.00000000000 0.00000000000 0.00000000000 0.00000000000 0.24592750491
0.05906410322 -0.00557190233 0.24586437646 4.06622641130 0.00000000000 0.00000000000 0.00000000000 0.00000000000 0.00000000000 0.00000000000 0.24592750499
0.05906410565 -0.00555819323 0.24586468684 4.06642150047 0.00000000000 0.00000000000 0.00000000000 0.00000000000 0.00000000000 0.00000000000 0.24592750507
0.05906410808 -0.00554448842 0.24586499636 4.06621803633 0.00000000000 0.00000000000 0.00000000000 0.00000000000 0.00000000000 0.00000000000 0.24592750514
0.05906411052 -0.00553078753 0.24586530502 4.06650656125 0.00000000000 0.00000000000 0.00000000000 0.00000000000 0.00000000000 0.00000000000 0.24592750522
0.05906411295 -0.00551709006 0.24586561284 4.06619996375 0.00000000000 0.00000000000 0.00000000000 0.00000000000 0.00000000000 0.00000000000 0.24592750530
0.05906411538 -0.00550339549 0.24586591984 4.06652972652 0.00000000000 0.00000000000 0.00000000000 0.00000000000 0.00000000000 0.00000000000 0.24592750537
0.05906411781 -0.00548970325 0.24586622602 4.06617855974 0.00000000000 0.00000000000 0.00000000000 0.00000000000 0.00000000000 0.00000000000 0.24592750545
0.05906412024 -0.00547601273 0.24586653139 4.06652869476 0.00000000000 0.00000000000 0.00000000000 0.00000000000 0.00000000000 0.00000000000 0.24592750553
0.05906412267 -0.00546232333 0.24586683598 4.06615940640 0.00000000000 0.00000000000 0.00000000000 0.00000000000 0.00000000000 0.00000000000 0.24592750561
0.05906412510 -0.00544863444 0.24586713980 4.06648474643 0.00000000000 0.00000000000 0.00000000000 0.00000000000 0.00000000000 0.00000000000 0.24592750568
0.05906412753 -0.00543494550 0.24586744286 4.06615974335 0.00000000000 0.00000000000 0.00000000000 0.00000000000 0.00000000000 0.00000000000 0.24592750576
0.05906412996 -0.00542125596 0.24586774516 4.06642105471 0.00000000000 0.00000000000 0.00000000000 0.00000000000 0.00000000000 0.00000000000 0.24592750584
0.05906413239 -0.00540756540 0.24586804673 4.06619380904 0.00000000000 0.00000000000 0.00000000000 0.00000000000 0.00000000000 0.00000000000 0.24592750591
0.05906413482 -0.00539387341 0.24586834756 4.06639015960 0.00000000000 0.00000000000 0.00000000000 0.00000000000 0.00000000000 0.00000000000 0.24592750599
0.05906413726 -0.00538017970 0.24586864767 4.06625249327 0.00000000000 0.00000000000 0.00000000000 0.00000000000 0.00000000000 0.00000000000 0.24592750607
0.05906413969 -0.00536648398 0.24586894706 4.06638413510 0.00000000000 0.00000000000 0.00000000000 0.00000000000 0.00000000000 0.00000000000 0.24592750614
0.05906414212 -0.00535278608 0.24586924573 4.06630584423 0.00000000000 0.00000000000 0.00000000000 0.00000000000 0.00000000000 0.00000000000 0.24592750622
0.05906414455 -0.00533908582 0.24586954369 4.06637752754 0.00000000000 0.00000000000 0.00000000000 0.00000000000 0.00000000000 0.00000000000 0.24592750630
0.05906414699 -0.00532538308 0.24586984095 4.06633319433 0.00000000000 0.00000000000 0.00000000000 0.00000000000 0.00000000000 0.00000000000 0.24592750637
0.05906414942 -0.00531167779 0.24587013749 4.06636762215 0.00000000000 0.00000000000 0.00000000000 0.00000000000 0.00000000000 0.00000000000 0.24592750645
0.05906415185 -0.00529796987 0.24587043332 4.06633560890 0.00000000000 0.00000000000 0.00000000000 0.00000000000 0.00000000000 0.00000000000 0.24592750653
0.05906415429 -0.00528425927 0.24587072845 4.06635362865 0.00000000000 0.00000000000 0.00000000000 0.00000000000 0.00000000000 0.00000000000 0.24592750661
0.05906415672 -0.00527054596 0.24587102287 4.06632362666 0.00000000000 0.00000000000 0.00000000000 0.00000000000 0.00000000000 0.00000000000 0.24592750668
0.05906415916 -0.00525682988 0.24587131659 4.06631484321 0.00000000000 0.00000000000 0.00000000000 0.00000000000 0.00000000000 0.00000000000 0.24592750676
0.05906416159 -0.00524311104 0.24587160960 4.06630298564 0.00000000000 0.00000000000 0.00000000000 0.00000000000 0.00000000000 0.00000000000 0.24592750684
0.05906416403 -0.00522938947 0.24587190190 4.06622714246 0.00000000000 0.00000000000 0.00000000000 0.00000000000 0.00000000000 0.00000000000 0.24592750691
0.05906416647 -0.00521566526 0.24587219349 4.06628894577 0.00000000000 0.00000000000 0.00000000000 0.00000000000 0.00000000000 0.00000000000 0.24592750699
0.05906416890 -0.00520193857 0.24587248436 4.06612044614 0.00000000000 0.00000000000 0.00000000000 0.00000000000 0.00000000000 0.00000000000 0.24592750707
0.05906417134 -0.00518820971 0.24587277452 4.06631601417 0.00000000000 0.00000000000 0.00000000000 0.00000000000 0.00000000000 0.00000000000 0.24592750714
0.05906417378 -0.00517447903 0.24587306395 4.06610024909 0.00000000000 0.00000000000 0.00000000000 0.00000000000 0.00000000000 0.00000000000 0.24592750722
0.05906417622 -0.00516074698 0.24587335263 4.06641894503 0.00000000000 0.00000000000 0.00000000000 0.00000000000 0.00000000000 0.00000000000 0.24592750730
0.05906417865 -0.00514701418 0.24587364057 4.06599129028 0.00000000000 0.00000000000 0.00000000000 0.00000000000 0.00000000000 0.00000000000 0.24592750737
0.05906418109 -0.00513328161 0.24587392774 4.06675523704 0.00000000000 0.00000000000 0.00000000000 0.00000000000 0.00000000000 0.00000000000 0.24592750745
0.05906418353 -0.00511955047 0.24587421411 4.06596526675 0.00000000000 0.00000000000 0.00000000000 0.00000000000 0.00000000000 0.00000000000 0.24592750753
0.05906418597 -0.00510582237 0.24587449964 4.06706562463 0.00000000000 0.00000000000 0.00000000000 0.00000000000 0.00000000000 0.00000000000 0.24592750760
0.05906418840 -0.00509209900 0.24587478432 4.06604154898 0.00000000000 0.00000000000 0.00000000000 0.00000000000 0.00000000000 0.00000000000 0.24592750768
0.05906419084 -0.00507838193 0.24587506809 4.07723792231 0.00000000000 0.00000000000 0.00000000000 0.00000000000 0.00000000000 0.00000000000 0.24592750776
0.05906419327 -0.00506467289 0.24587535093 4.41399048174 0.00000000000 0.00000000000 0.00000000000 0.00000000000 0.00000000000 0.00000000000 0.24592750782
0.05906419571 -0.00505097413 0.24587563272 4.72358928582 0.00000000000 0.00000000000 0.00000000000 0.00000000000 0.00000000000 0.00000000000 0.24592750782
0.05906419814 -0.00503728667 0.24587591342 3.93775990400 0.00000000000 0.00000000000 0.00000000000 0.00000000000 0.00000000000 0.00000000000 0.24592750773
0.05906420056 -0.00502360630 0.24587619325 3.16188361779 0.00000000000 0.00000000000 0.00000000000 0.00000000000 0.00000000000 0.00000000000 0.24592750767
0.05906420299 -0.00500992863 0.24587647240 3.21836192789 0.00000000000 0.00000000000 0.00000000000 0.00000000000 0.00000000000 0.00000000000 0.24592750774
0.05906420542 -0.00499625300 0.24587675091 3.27509992256 0.00000000000 0.00000000000 0.00000000000 0.00000000000 0.00000000000 0.00000000000 0.24592750798
0.05906420785 -0.00498257965 0.24587702876 3.33210662794 0.00000000000 0.00000000000 0.00000000000 0.00000000000 0.00000000000 0.00000000000 0.24592750836
0.05906421028 -0.00496890881 0.24587730593 3.38939076578 0.00000000000 0.00000000000 0.00000000000 0.00000000000 0.00000000000 0.00000000000 0.24592750888
