VARIABLES=
"CoordinateX"
"CoordinateY"
"CoordinateZ"
"Kappa1"
"Kappa2"
"dy"
"dz"
"d2x"
"d2y"
"d2z"
"R"
ZONE T="Konrollpunkte"
I=101, J=1, K=1
0.06641077257 -0.00562600135 0.22945372679 0.00000000000 0.00000000000 0.00000000000 0.00000000000 0.00000000000 0.00000000000 0.00000000000 0.00000000000
0.06638956746 -0.00560291490 0.22945458733 0.00000000000 0.00000000000 0.00000000000 0.00000000000 0.00000000000 0.00000000000 0.00000000000 0.00000000000
0.06635755725 -0.00556806463 0.22945588195 0.00000000000 0.00000000000 0.00000000000 0.00000000000 0.00000000000 0.00000000000 0.00000000000 0.00000000000
0.06631486426 -0.00552158355 0.22945760038 0.00000000000 0.00000000000 0.00000000000 0.00000000000 0.00000000000 0.00000000000 0.00000000000 0.00000000000
0.06628296030 -0.00548684864 0.22945887840 0.00000000000 0.00000000000 0.00000000000 0.00000000000 0.00000000000 0.00000000000 0.00000000000 0.00000000000
0.06625123016 -0.00545230286 0.22946014423 0.00000000000 0.00000000000 0.00000000000 0.00000000000 0.00000000000 0.00000000000 0.00000000000 0.00000000000
0.06621964382 -0.00541791351 0.22946139916 0.00000000000 0.00000000000 0.00000000000 0.00000000000 0.00000000000 0.00000000000 0.00000000000 0.00000000000
0.06618814024 -0.00538361415 0.22946264566 0.00000000000 0.00000000000 0.00000000000 0.00000000000 0.00000000000 0.00000000000 0.00000000000 0.00000000000
0.06615667164 -0.00534935275 0.22946388565 0.00000000000 0.00000000000 0.00000000000 0.00000000000 0.00000000000 0.00000000000 0.00000000000 0.00000000000
0.06612521415 -0.00531510333 0.22946512010 0.00000000000 0.00000000000 0.00000000000 0.00000000000 0.00000000000 0.00000000000 0.00000000000 0.00000000000
0.06609375958 -0.00528085697 0.22946634931 0.00000000000 0.00000000000 0.00000000000 0.00000000000 0.00000000000 0.00000000000 0.00000000000 0.00000000000
0.06606230611 -0.00524661168 0.22946757337 0.00000000000 0.00000000000 0.00000000000 0.00000000000 0.00000000000 0.00000000000 0.00000000000 0.00000000000
0.06603085365 -0.00521236738 0.22946879227 0.00000000000 0.00000000000 0.00000000000 0.00000000000 0.00000000000 0.00000000000 0.00000000000 0.00000000000
0.06599940283 -0.00517812475 0.22947000600 0.00000000000 0.00000000000 0.00000000000 0.00000000000 0.00000000000 0.00000000000 0.00000000000 0.00000000000
0.06596795515 -0.00514388543 0.22947121449 0.00000000000 0.00000000000 0.00000000000 0.00000000000 0.00000000000 0.00000000000 0.00000000000 0.00000000000
0.06593651289 -0.00510965189 0.22947241767 0.00000000000 0.00000000000 0.00000000000 0.00000000000 0.00000000000 0.00000000000 0.00000000000 0.00000000000
0.06590507862 -0.00507542694 0.22947361543 0.00000000000 0.00000000000 0.00000000000 0.00000000000 0.00000000000 0.00000000000 0.00000000000 0.00000000000
0.06587365451 -0.00504121293 0.22947480770 0.00000000000 0.00000000000 0.00000000000 0.00000000000 0.00000000000 0.00000000000 0.00000000000 0.00000000000
0.06584224049 -0.00500700980 0.22947599449 0.00000000000 0.00000000000 0.00000000000 0.00000000000 0.00000000000 0.00000000000 0.00000000000 0.00000000000
0.06581083335 -0.00497281405 0.22947717591 0.00000000000 0.00000000000 0.00000000000 0.00000000000 0.00000000000 0.00000000000 0.00000000000 0.00000000000
0.06577942849 -0.00493862067 0.22947835216 0.00000000000 0.00000000000 0.00000000000 0.00000000000 0.00000000000 0.00000000000 0.00000000000 0.00000000000
0.06574802182 -0.00490442521 0.22947952337 0.00000000000 0.00000000000 0.00000000000 0.00000000000 0.00000000000 0.00000000000 0.00000000000 0.00000000000
0.06571660993 -0.00487022395 0.22948068968 0.00000000000 0.00000000000 0.00000000000 0.00000000000 0.00000000000 0.00000000000 0.00000000000 0.00000000000
0.06568519044 -0.00483601432 0.22948185116 0.00000000000 0.00000000000 0.00000000000 0.00000000000 0.00000000000 0.00000000000 0.00000000000 0.00000000000
0.06565376011 -0.00480179277 0.22948300795 0.00000000000 0.00000000000 0.00000000000 0.00000000000 0.00000000000 0.00000000000 0.00000000000 0.00000000000
0.06562231359 -0.00476755349 0.22948416022 0.00000000000 0.00000000000 0.00000000000 0.00000000000 0.00000000000 0.00000000000 0.00000000000 0.00000000000
0.06559084623 -0.00473329142 0.22948530813 0.00000000000 0.00000000000 0.00000000000 0.00000000000 0.00000000000 0.00000000000 0.00000000000 0.00000000000
0.06555935389 -0.00469900203 0.22948645184 0.00000000000 0.00000000000 0.00000000000 0.00000000000 0.00000000000 0.00000000000 0.00000000000 0.00000000000
0.06552783887 -0.00466468785 0.22948759123 0.00000000000 0.00000000000 0.00000000000 0.00000000000 0.00000000000 0.00000000000 0.00000000000 0.00000000000
0.06549630986 -0.00463035833 0.22948872600 0.00000000000 0.00000000000 0.00000000000 0.00000000000 0.00000000000 0.00000000000 0.00000000000 0.00000000000
0.06546477671 -0.00459602420 0.22948985577 0.00000000000 0.00000000000 0.00000000000 0.00000000000 0.00000000000 0.00000000000 0.00000000000 0.00000000000
0.06543324714 -0.00456169386 0.22949098028 0.00000000000 0.00000000000 0.00000000000 0.00000000000 0.00000000000 0.00000000000 0.00000000000 0.00000000000
0.06540172544 -0.00452737200 0.22949209937 0.00000000000 0.00000000000 0.00000000000 0.00000000000 0.00000000000 0.00000000000 0.00000000000 0.00000000000
0.06537021232 -0.00449305937 0.22949321302 0.00000000000 0.00000000000 0.00000000000 0.00000000000 0.00000000000 0.00000000000 0.00000000000 0.00000000000
0.06533870640 -0.00445875448 0.22949432129 0.00000000000 0.00000000000 0.00000000000 0.00000000000 0.00000000000 0.00000000000 0.00000000000 0.00000000000
0.06530720634 -0.00442445587 0.22949542422 0.00000000000 0.00000000000 0.00000000000 0.00000000000 0.00000000000 0.00000000000 0.00000000000 0.00000000000
0.06527571166 -0.00439016303 0.22949652183 0.00000000000 0.00000000000 0.00000000000 0.00000000000 0.00000000000 0.00000000000 0.00000000000 0.00000000000
0.06524422268 -0.00435587629 0.22949761413 0.00000000000 0.00000000000 0.00000000000 0.00000000000 0.00000000000 0.00000000000 0.00000000000 0.00000000000
0.06521274017 -0.00432159650 0.22949870107 0.00000000000 0.00000000000 0.00000000000 0.00000000000 0.00000000000 0.00000000000 0.00000000000 0.00000000000
0.06518126469 -0.00428732427 0.22949978265 0.00000000000 0.00000000000 0.00000000000 0.00000000000 0.00000000000 0.00000000000 0.00000000000 0.00000000000
0.06514979542 -0.00425305870 0.22950085890 0.00000000000 0.00000000000 0.00000000000 0.00000000000 0.00000000000 0.00000000000 0.00000000000 0.00000000000
0.06511832992 -0.00421879714 0.22950192990 0.00000000000 0.00000000000 0.00000000000 0.00000000000 0.00000000000 0.00000000000 0.00000000000 0.00000000000
0.06508686572 -0.00418453691 0.22950299574 0.00000000000 0.00000000000 0.00000000000 0.00000000000 0.00000000000 0.00000000000 0.00000000000 0.00000000000
0.06505540085 -0.00415027585 0.22950405649 0.00000000000 0.00000000000 0.00000000000 0.00000000000 0.00000000000 0.00000000000 0.00000000000 0.00000000000
0.06502393401 -0.00411601256 0.22950511218 0.00000000000 0.00000000000 0.00000000000 0.00000000000 0.00000000000 0.00000000000 0.00000000000 0.00000000000
0.06499246500 -0.00408174680 0.22950616283 0.00000000000 0.00000000000 0.00000000000 0.00000000000 0.00000000000 0.00000000000 0.00000000000 0.00000000000
0.06496099420 -0.00404747901 0.22950720842 0.00000000000 0.00000000000 0.00000000000 0.00000000000 0.00000000000 0.00000000000 0.00000000000 0.00000000000
0.06492952216 -0.00401320977 0.22950824894 0.00000000000 0.00000000000 0.00000000000 0.00000000000 0.00000000000 0.00000000000 0.00000000000 0.00000000000
0.06489804939 -0.00397893966 0.22950928435 0.00000000000 0.00000000000 0.00000000000 0.00000000000 0.00000000000 0.00000000000 0.00000000000 0.00000000000
0.06486657625 -0.00394466905 0.22951031466 0.00000000000 0.00000000000 0.00000000000 0.00000000000 0.00000000000 0.00000000000 0.00000000000 0.00000000000
0.06483510294 -0.00391039817 0.22951133986 0.00000000000 0.00000000000 0.00000000000 0.00000000000 0.00000000000 0.00000000000 0.00000000000 0.00000000000
0.06480362957 -0.00387612714 0.22951235994 0.00000000000 0.00000000000 0.00000000000 0.00000000000 0.00000000000 0.00000000000 0.00000000000 0.00000000000
0.06477215617 -0.00384185599 0.22951337490 0.00000000000 0.00000000000 0.00000000000 0.00000000000 0.00000000000 0.00000000000 0.00000000000 0.00000000000
0.06474068278 -0.00380758476 0.22951438474 0.00000000000 0.00000000000 0.00000000000 0.00000000000 0.00000000000 0.00000000000 0.00000000000 0.00000000000
0.06470920938 -0.00377331344 0.22951538946 0.00000000000 0.00000000000 0.00000000000 0.00000000000 0.00000000000 0.00000000000 0.00000000000 0.00000000000
0.06467773596 -0.00373904201 0.22951638906 0.00000000000 0.00000000000 0.00000000000 0.00000000000 0.00000000000 0.00000000000 0.00000000000 0.00000000000
0.06464626248 -0.00370477043 0.22951738354 0.00000000000 0.00000000000 0.00000000000 0.00000000000 0.00000000000 0.00000000000 0.00000000000 0.00000000000
0.06461478877 -0.00367049852 0.22951837292 0.00000000000 0.00000000000 0.00000000000 0.00000000000 0.00000000000 0.00000000000 0.00000000000 0.00000000000
0.06458331343 -0.00363622593 0.22951924866 0.00000000000 0.00000000000 0.00000000000 0.00000000000 0.00000000000 0.00000000000 0.00000000000 0.00000000000
0.06455183546 -0.00360195194 0.22951997640 0.00000000000 0.00000000000 0.00000000000 0.00000000000 0.00000000000 0.00000000000 0.00000000000 0.00000000000
0.06452035513 -0.00356767530 0.22952069908 0.00000000000 0.00000000000 0.00000000000 0.00000000000 0.00000000000 0.00000000000 0.00000000000 0.00000000000
0.06448887089 -0.00353339432 0.22952141672 0.00000000000 0.00000000000 0.00000000000 0.00000000000 0.00000000000 0.00000000000 0.00000000000 0.00000000000
0.06445738124 -0.00349910737 0.22952212937 0.00000000000 0.00000000000 0.00000000000 0.00000000000 0.00000000000 0.00000000000 0.00000000000 0.00000000000
0.06442588485 -0.00346481301 0.22952283705 0.00000000000 0.00000000000 0.00000000000 0.00000000000 0.00000000000 0.00000000000 0.00000000000 0.00000000000
0.06439438150 -0.00343051099 0.22952353975 0.00000000000 0.00000000000 0.00000000000 0.00000000000 0.00000000000 0.00000000000 0.00000000000 0.00000000000
0.06436287288 -0.00339620316 0.22952423745 0.00000000000 0.00000000000 0.00000000000 0.00000000000 0.00000000000 0.00000000000 0.00000000000 0.00000000000
0.06433136149 -0.00336189223 0.22952493007 0.00000000000 0.00000000000 0.00000000000 0.00000000000 0.00000000000 0.00000000000 0.00000000000 0.00000000000
0.06429984961 -0.00332758069 0.22952561758 0.00000000000 0.00000000000 0.00000000000 0.00000000000 0.00000000000 0.00000000000 0.00000000000 0.00000000000
0.06426833895 -0.00329327041 0.22952629993 0.00000000000 0.00000000000 0.00000000000 0.00000000000 0.00000000000 0.00000000000 0.00000000000 0.00000000000
0.06423683064 -0.00325896262 0.22952697710 0.00000000000 0.00000000000 0.00000000000 0.00000000000 0.00000000000 0.00000000000 0.00000000000 0.00000000000
0.06420532544 -0.00322465813 0.22952764908 0.00000000000 0.00000000000 0.00000000000 0.00000000000 0.00000000000 0.00000000000 0.00000000000 0.00000000000
0.06417382478 -0.00319035852 0.22952831583 0.00000000000 0.00000000000 0.00000000000 0.00000000000 0.00000000000 0.00000000000 0.00000000000 0.00000000000
0.06414233196 -0.00315606738 0.22952897729 0.00000000000 0.00000000000 0.00000000000 0.00000000000 0.00000000000 0.00000000000 0.00000000000 0.00000000000
0.06411085193 -0.00312179009 0.22952963336 0.00000000000 0.00000000000 0.00000000000 0.00000000000 0.00000000000 0.00000000000 0.00000000000 0.00000000000
0.06407939054 -0.00308753303 0.22953028393 0.00000000000 0.00000000000 0.00000000000 0.00000000000 0.00000000000 0.00000000000 0.00000000000 0.00000000000
0.06404795294 -0.00305330180 0.22953092890 0.00000000000 0.00000000000 0.00000000000 0.00000000000 0.00000000000 0.00000000000 0.00000000000 0.00000000000
0.06401653927 -0.00301909656 0.22953156828 0.00000000000 0.00000000000 0.00000000000 0.00000000000 0.00000000000 0.00000000000 0.00000000000 0.00000000000
0.06398514255 -0.00298490971 0.22953220222 0.00000000000 0.00000000000 0.00000000000 0.00000000000 0.00000000000 0.00000000000 0.00000000000 0.00000000000
0.06395375294 -0.00295073054 0.22953283092 0.00000000000 0.00000000000 0.00000000000 0.00000000000 0.00000000000 0.00000000000 0.00000000000 0.00000000000
0.06392236189 -0.00291654974 0.22953345456 0.00000000000 0.00000000000 0.00000000000 0.00000000000 0.00000000000 0.00000000000 0.00000000000 0.00000000000
0.06389096325 -0.00288236059 0.22953407327 0.00000000000 0.00000000000 0.00000000000 0.00000000000 0.00000000000 0.00000000000 0.00000000000 0.00000000000
0.06385955525 -0.00284816120 0.22953468706 0.00000000000 0.00000000000 0.00000000000 0.00000000000 0.00000000000 0.00000000000 0.00000000000 0.00000000000
0.06382813746 -0.00281395109 0.22953529594 0.00000000000 0.00000000000 0.00000000000 0.00000000000 0.00000000000 0.00000000000 0.00000000000 0.00000000000
0.06379670940 -0.00277972973 0.22953589992 0.00000000000 0.00000000000 0.00000000000 0.00000000000 0.00000000000 0.00000000000 0.00000000000 0.00000000000
0.06376527039 -0.00274549638 0.22953649900 0.00000000000 0.00000000000 0.00000000000 0.00000000000 0.00000000000 0.00000000000 0.00000000000 0.00000000000
0.06373381939 -0.00271124992 0.22953709321 0.00000000000 0.00000000000 0.00000000000 0.00000000000 0.00000000000 0.00000000000 0.00000000000 0.00000000000
0.06370235770 -0.00267699176 0.22953768250 0.00000000000 0.00000000000 0.00000000000 0.00000000000 0.00000000000 0.00000000000 0.00000000000 0.00000000000
0.06367088922 -0.00264272613 0.22953826681 0.00000000000 0.00000000000 0.00000000000 0.00000000000 0.00000000000 0.00000000000 0.00000000000 0.00000000000
0.06363941829 -0.00260845780 0.22953884604 0.00000000000 0.00000000000 0.00000000000 0.00000000000 0.00000000000 0.00000000000 0.00000000000 0.00000000000
0.06360794830 -0.00257419042 0.22953942014 0.00000000000 0.00000000000 0.00000000000 0.00000000000 0.00000000000 0.00000000000 0.00000000000 0.00000000000
0.06357648103 -0.00253992595 0.22953998908 0.00000000000 0.00000000000 0.00000000000 0.00000000000 0.00000000000 0.00000000000 0.00000000000 0.00000000000
0.06354501663 -0.00250566454 0.22954055285 0.00000000000 0.00000000000 0.00000000000 0.00000000000 0.00000000000 0.00000000000 0.00000000000 0.00000000000
0.06351355429 -0.00247140532 0.22954111147 0.00000000000 0.00000000000 0.00000000000 0.00000000000 0.00000000000 0.00000000000 0.00000000000 0.00000000000
0.06348209311 -0.00243714732 0.22954166495 0.00000000000 0.00000000000 0.00000000000 0.00000000000 0.00000000000 0.00000000000 0.00000000000 0.00000000000
0.06345063232 -0.00240288968 0.22954221331 0.00000000000 0.00000000000 0.00000000000 0.00000000000 0.00000000000 0.00000000000 0.00000000000 0.00000000000
0.06341917157 -0.00236863203 0.22954275656 0.00000000000 0.00000000000 0.00000000000 0.00000000000 0.00000000000 0.00000000000 0.00000000000 0.00000000000
0.06338771107 -0.00233437459 0.22954329470 0.00000000000 0.00000000000 0.00000000000 0.00000000000 0.00000000000 0.00000000000 0.00000000000 0.00000000000
0.06335625208 -0.00230011876 0.22954382769 0.00000000000 0.00000000000 0.00000000000 0.00000000000 0.00000000000 0.00000000000 0.00000000000 0.00000000000
0.06331433516 -0.00225447515 0.22954452992 0.00000000000 0.00000000000 0.00000000000 0.00000000000 0.00000000000 0.00000000000 0.00000000000 0.00000000000
0.06328291325 -0.00222025957 0.22954505038 0.00000000000 0.00000000000 0.00000000000 0.00000000000 0.00000000000 0.00000000000 0.00000000000 0.00000000000
0.06326203283 -0.00219752268 0.22954539341 0.00000000000 0.00000000000 0.00000000000 0.00000000000 0.00000000000 0.00000000000 0.00000000000 0.00000000000
ZONE T="NURB"
I=201, J=1, K=1
0.06641077257 -0.00562600135 0.22945372679 1.98952013132 0.00000000000 0.00000000000 0.00000000000 0.00000000000 0.00000000000 0.00000000000 0.22952268870
0.06639482047 -0.00560863396 0.22945437360 1.94273210651 0.00000000000 0.00000000000 0.00000000000 0.00000000000 0.00000000000 0.00000000000 0.22952291027
0.06637883219 -0.00559122715 0.22945502080 1.90222075169 0.00000000000 0.00000000000 0.00000000000 0.00000000000 0.00000000000 0.00000000000 0.22952313258
0.06636281966 -0.00557379391 0.22945566791 1.86766108403 0.00000000000 0.00000000000 0.00000000000 0.00000000000 0.00000000000 0.00000000000 0.22952335548
0.06634679480 -0.00555634722 0.22945631447 1.84191768078 0.00000000000 0.00000000000 0.00000000000 0.00000000000 0.00000000000 0.00000000000 0.22952357884
0.06633077042 -0.00553890103 0.22945695993 2.29580761276 0.00000000000 0.00000000000 0.00000000000 0.00000000000 0.00000000000 0.00000000000 0.22952380244
0.06631476274 -0.00552147299 0.22945760343 2.75660946689 0.00000000000 0.00000000000 0.00000000000 0.00000000000 0.00000000000 0.00000000000 0.22952402584
0.06629878681 -0.00550407949 0.22945824418 2.55902550224 0.00000000000 0.00000000000 0.00000000000 0.00000000000 0.00000000000 0.00000000000 0.22952424864
0.06628284976 -0.00548672827 0.22945888194 2.36407701301 0.00000000000 0.00000000000 0.00000000000 0.00000000000 0.00000000000 0.00000000000 0.22952447079
0.06626695520 -0.00546942329 0.22945951668 2.36528819332 0.00000000000 0.00000000000 0.00000000000 0.00000000000 0.00000000000 0.00000000000 0.22952469232
0.06625110065 -0.00545216183 0.22946014852 2.36414995860 0.00000000000 0.00000000000 0.00000000000 0.00000000000 0.00000000000 0.00000000000 0.22952491331
0.06623528148 -0.00543493887 0.22946077765 2.36641780167 0.00000000000 0.00000000000 0.00000000000 0.00000000000 0.00000000000 0.00000000000 0.22952513379
0.06621949064 -0.00541774672 0.22946140437 2.36415773566 0.00000000000 0.00000000000 0.00000000000 0.00000000000 0.00000000000 0.00000000000 0.22952535388
0.06620372073 -0.00540057733 0.22946202897 2.36590888794 0.00000000000 0.00000000000 0.00000000000 0.00000000000 0.00000000000 0.00000000000 0.22952557368
0.06618796554 -0.00538342392 0.22946265170 2.36413950584 0.00000000000 0.00000000000 0.00000000000 0.00000000000 0.00000000000 0.00000000000 0.22952579328
0.06617221961 -0.00536628058 0.22946327278 2.36499996291 0.00000000000 0.00000000000 0.00000000000 0.00000000000 0.00000000000 0.00000000000 0.22952601274
0.06615647953 -0.00534914357 0.22946389236 2.36412122951 0.00000000000 0.00000000000 0.00000000000 0.00000000000 0.00000000000 0.00000000000 0.22952623212
0.06614074269 -0.00533201006 0.22946451052 2.36440325444 0.00000000000 0.00000000000 0.00000000000 0.00000000000 0.00000000000 0.00000000000 0.22952645146
0.06612500780 -0.00531487864 0.22946512733 2.36410672371 0.00000000000 0.00000000000 0.00000000000 0.00000000000 0.00000000000 0.00000000000 0.22952667077
0.06610927401 -0.00529774839 0.22946574281 2.36415704609 0.00000000000 0.00000000000 0.00000000000 0.00000000000 0.00000000000 0.00000000000 0.22952689006
0.06609354100 -0.00528061897 0.22946635698 2.36408936486 0.00000000000 0.00000000000 0.00000000000 0.00000000000 0.00000000000 0.00000000000 0.22952710934
0.06607780860 -0.00526349017 0.22946696985 2.36408899299 0.00000000000 0.00000000000 0.00000000000 0.00000000000 0.00000000000 0.00000000000 0.22952732862
0.06606207675 -0.00524636194 0.22946758142 2.36406542868 0.00000000000 0.00000000000 0.00000000000 0.00000000000 0.00000000000 0.00000000000 0.22952754788
0.06604634540 -0.00522923423 0.22946819169 2.36406113911 0.00000000000 0.00000000000 0.00000000000 0.00000000000 0.00000000000 0.00000000000 0.22952776714
0.06603061452 -0.00521210701 0.22946880067 2.36403700596 0.00000000000 0.00000000000 0.00000000000 0.00000000000 0.00000000000 0.00000000000 0.22952798640
0.06601488408 -0.00519498023 0.22946940835 2.36402701083 0.00000000000 0.00000000000 0.00000000000 0.00000000000 0.00000000000 0.00000000000 0.22952820564
0.06599915407 -0.00517785389 0.22947001473 2.36401289545 0.00000000000 0.00000000000 0.00000000000 0.00000000000 0.00000000000 0.00000000000 0.22952842488
0.06598342450 -0.00516072800 0.22947061981 2.36399264789 0.00000000000 0.00000000000 0.00000000000 0.00000000000 0.00000000000 0.00000000000 0.22952864412
0.06596769541 -0.00514360261 0.22947122360 2.36400321246 0.00000000000 0.00000000000 0.00000000000 0.00000000000 0.00000000000 0.00000000000 0.22952886335
0.06595196686 -0.00512647778 0.22947182609 2.36396752727 0.00000000000 0.00000000000 0.00000000000 0.00000000000 0.00000000000 0.00000000000 0.22952908257
0.06593623899 -0.00510935366 0.22947242728 2.36401199438 0.00000000000 0.00000000000 0.00000000000 0.00000000000 0.00000000000 0.00000000000 0.22952930178
0.06592051194 -0.00509223040 0.22947302715 2.36396798013 0.00000000000 0.00000000000 0.00000000000 0.00000000000 0.00000000000 0.00000000000 0.22952952098
0.06590478588 -0.00507510819 0.22947362571 2.36402877678 0.00000000000 0.00000000000 0.00000000000 0.00000000000 0.00000000000 0.00000000000 0.22952974017
0.06588906095 -0.00505798719 0.22947422295 2.36403413245 0.00000000000 0.00000000000 0.00000000000 0.00000000000 0.00000000000 0.00000000000 0.22952995934
0.06587333718 -0.00504086741 0.22947481887 2.36403833392 0.00000000000 0.00000000000 0.00000000000 0.00000000000 0.00000000000 0.00000000000 0.22953017849
0.06585761450 -0.00502374879 0.22947541346 2.36414040184 0.00000000000 0.00000000000 0.00000000000 0.00000000000 0.00000000000 0.00000000000 0.22953039763
0.06584189258 -0.00500663098 0.22947600675 2.36403250512 0.00000000000 0.00000000000 0.00000000000 0.00000000000 0.00000000000 0.00000000000 0.22953061676
0.06582617103 -0.00498951355 0.22947659875 2.36418176549 0.00000000000 0.00000000000 0.00000000000 0.00000000000 0.00000000000 0.00000000000 0.22953083588
0.06581044935 -0.00497239593 0.22947718948 2.36402150287 0.00000000000 0.00000000000 0.00000000000 0.00000000000 0.00000000000 0.00000000000 0.22953105501
0.06579472700 -0.00495527757 0.22947777895 2.36414879886 0.00000000000 0.00000000000 0.00000000000 0.00000000000 0.00000000000 0.00000000000 0.22953127414
0.06577900353 -0.00493815796 0.22947836719 2.36402385302 0.00000000000 0.00000000000 0.00000000000 0.00000000000 0.00000000000 0.00000000000 0.22953149329
0.06576327855 -0.00492103667 0.22947895421 2.36410578299 0.00000000000 0.00000000000 0.00000000000 0.00000000000 0.00000000000 0.00000000000 0.22953171246
0.06574755176 -0.00490391339 0.22947954001 2.36404197242 0.00000000000 0.00000000000 0.00000000000 0.00000000000 0.00000000000 0.00000000000 0.22953193166
0.06573182299 -0.00488678792 0.22948012461 2.36404134445 0.00000000000 0.00000000000 0.00000000000 0.00000000000 0.00000000000 0.00000000000 0.22953215088
0.06571609223 -0.00486966027 0.22948070801 2.36407150687 0.00000000000 0.00000000000 0.00000000000 0.00000000000 0.00000000000 0.00000000000 0.22953237013
0.06570035956 -0.00485253050 0.22948129019 2.36405536980 0.00000000000 0.00000000000 0.00000000000 0.00000000000 0.00000000000 0.00000000000 0.22953258941
0.06568462505 -0.00483539870 0.22948187117 2.36408997568 0.00000000000 0.00000000000 0.00000000000 0.00000000000 0.00000000000 0.00000000000 0.22953280871
0.06566888873 -0.00481826491 0.22948245093 2.36412384229 0.00000000000 0.00000000000 0.00000000000 0.00000000000 0.00000000000 0.00000000000 0.22953302804
0.06565315047 -0.00480112898 0.22948302948 2.36406589878 0.00000000000 0.00000000000 0.00000000000 0.00000000000 0.00000000000 0.00000000000 0.22953324740
0.06563741010 -0.00478399072 0.22948360683 2.36410440827 0.00000000000 0.00000000000 0.00000000000 0.00000000000 0.00000000000 0.00000000000 0.22953346678
0.06562166737 -0.00476684986 0.22948418299 2.36400756476 0.00000000000 0.00000000000 0.00000000000 0.00000000000 0.00000000000 0.00000000000 0.22953368620
0.06560592198 -0.00474970609 0.22948475796 2.36410146882 0.00000000000 0.00000000000 0.00000000000 0.00000000000 0.00000000000 0.00000000000 0.22953390565
0.06559017350 -0.00473255892 0.22948533176 2.36392119989 0.00000000000 0.00000000000 0.00000000000 0.00000000000 0.00000000000 0.00000000000 0.22953412515
0.06557442154 -0.00471540794 0.22948590441 2.36387330212 0.00000000000 0.00000000000 0.00000000000 0.00000000000 0.00000000000 0.00000000000 0.22953434470
0.06555866613 -0.00469825317 0.22948647590 2.36385625741 0.00000000000 0.00000000000 0.00000000000 0.00000000000 0.00000000000 0.00000000000 0.22953456429
0.06554290747 -0.00468109484 0.22948704623 2.36363910825 0.00000000000 0.00000000000 0.00000000000 0.00000000000 0.00000000000 0.00000000000 0.22953478393
0.06552714624 -0.00466393368 0.22948761536 2.36383925275 0.00000000000 0.00000000000 0.00000000000 0.00000000000 0.00000000000 0.00000000000 0.22953500361
0.06551138324 -0.00464677057 0.22948818327 2.36358584043 0.00000000000 0.00000000000 0.00000000000 0.00000000000 0.00000000000 0.00000000000 0.22953522331
0.06549561938 -0.00462960650 0.22948874993 2.36385208791 0.00000000000 0.00000000000 0.00000000000 0.00000000000 0.00000000000 0.00000000000 0.22953544302
0.06547985557 -0.00461244246 0.22948931531 2.36365083224 0.00000000000 0.00000000000 0.00000000000 0.00000000000 0.00000000000 0.00000000000 0.22953566273
0.06546409260 -0.00459527931 0.22948987937 2.36387274135 0.00000000000 0.00000000000 0.00000000000 0.00000000000 0.00000000000 0.00000000000 0.22953588243
0.06544833116 -0.00457811779 0.22949044209 2.36376146256 0.00000000000 0.00000000000 0.00000000000 0.00000000000 0.00000000000 0.00000000000 0.22953610211
0.06543257171 -0.00456095842 0.22949100345 2.36388848291 0.00000000000 0.00000000000 0.00000000000 0.00000000000 0.00000000000 0.00000000000 0.22953632176
0.06541681460 -0.00454380157 0.22949156345 2.36388305042 0.00000000000 0.00000000000 0.00000000000 0.00000000000 0.00000000000 0.00000000000 0.22953654138
0.06540105989 -0.00452664731 0.22949212209 2.36388977303 0.00000000000 0.00000000000 0.00000000000 0.00000000000 0.00000000000 0.00000000000 0.22953676097
0.06538530755 -0.00450949560 0.22949267935 2.36395153676 0.00000000000 0.00000000000 0.00000000000 0.00000000000 0.00000000000 0.00000000000 0.22953698052
0.06536955736 -0.00449234621 0.22949323526 2.36387656136 0.00000000000 0.00000000000 0.00000000000 0.00000000000 0.00000000000 0.00000000000 0.22953720004
0.06535380907 -0.00447519887 0.22949378981 2.36394393492 0.00000000000 0.00000000000 0.00000000000 0.00000000000 0.00000000000 0.00000000000 0.22953741954
0.06533806242 -0.00445805328 0.22949434303 2.36385836767 0.00000000000 0.00000000000 0.00000000000 0.00000000000 0.00000000000 0.00000000000 0.22953763901
0.06532231714 -0.00444090916 0.22949489492 2.36390479616 0.00000000000 0.00000000000 0.00000000000 0.00000000000 0.00000000000 0.00000000000 0.22953785846
0.06530657303 -0.00442376628 0.22949544549 2.36384355070 0.00000000000 0.00000000000 0.00000000000 0.00000000000 0.00000000000 0.00000000000 0.22953807790
0.06529082991 -0.00440662447 0.22949599474 2.36386633046 0.00000000000 0.00000000000 0.00000000000 0.00000000000 0.00000000000 0.00000000000 0.22953829733
0.06527508769 -0.00438948361 0.22949654267 2.36383806509 0.00000000000 0.00000000000 0.00000000000 0.00000000000 0.00000000000 0.00000000000 0.22953851674
0.06525934630 -0.00437234363 0.22949708930 2.36383543389 0.00000000000 0.00000000000 0.00000000000 0.00000000000 0.00000000000 0.00000000000 0.22953873614
0.06524360574 -0.00435520452 0.22949763462 2.36384296002 0.00000000000 0.00000000000 0.00000000000 0.00000000000 0.00000000000 0.00000000000 0.22953895552
0.06522786604 -0.00433806633 0.22949817863 2.36382919517 0.00000000000 0.00000000000 0.00000000000 0.00000000000 0.00000000000 0.00000000000 0.22953917490
0.06521212726 -0.00432092911 0.22949872133 2.36385267313 0.00000000000 0.00000000000 0.00000000000 0.00000000000 0.00000000000 0.00000000000 0.22953939426
0.06519638944 -0.00430379292 0.22949926271 2.36386578129 0.00000000000 0.00000000000 0.00000000000 0.00000000000 0.00000000000 0.00000000000 0.22953961361
0.06518065254 -0.00428665771 0.22949980278 2.36385784878 0.00000000000 0.00000000000 0.00000000000 0.00000000000 0.00000000000 0.00000000000 0.22953983295
0.06516491650 -0.00426952340 0.22950034154 2.36391513060 0.00000000000 0.00000000000 0.00000000000 0.00000000000 0.00000000000 0.00000000000 0.22954005228
0.06514918112 -0.00425238979 0.22950087900 2.36385116238 0.00000000000 0.00000000000 0.00000000000 0.00000000000 0.00000000000 0.00000000000 0.22954027159
0.06513344617 -0.00423525664 0.22950141517 2.36390595060 0.00000000000 0.00000000000 0.00000000000 0.00000000000 0.00000000000 0.00000000000 0.22954049090
0.06511771146 -0.00421812370 0.22950195005 2.36383882656 0.00000000000 0.00000000000 0.00000000000 0.00000000000 0.00000000000 0.00000000000 0.22954071021
0.06510197675 -0.00420099076 0.22950248364 2.36388199672 0.00000000000 0.00000000000 0.00000000000 0.00000000000 0.00000000000 0.00000000000 0.22954092951
0.06508624187 -0.00418385760 0.22950301597 2.36382378322 0.00000000000 0.00000000000 0.00000000000 0.00000000000 0.00000000000 0.00000000000 0.22954114882
0.06507050664 -0.00416672404 0.22950354702 2.36384892203 0.00000000000 0.00000000000 0.00000000000 0.00000000000 0.00000000000 0.00000000000 0.22954136814
0.06505477095 -0.00414958996 0.22950407682 2.36380764497 0.00000000000 0.00000000000 0.00000000000 0.00000000000 0.00000000000 0.00000000000 0.22954158746
0.06503903470 -0.00413245523 0.22950460535 2.36380189939 0.00000000000 0.00000000000 0.00000000000 0.00000000000 0.00000000000 0.00000000000 0.22954180679
0.06502329787 -0.00411531986 0.22950513262 2.36379418705 0.00000000000 0.00000000000 0.00000000000 0.00000000000 0.00000000000 0.00000000000 0.22954202612
0.06500756046 -0.00409818384 0.22950565863 2.36377263386 0.00000000000 0.00000000000 0.00000000000 0.00000000000 0.00000000000 0.00000000000 0.22954224546
0.06499182254 -0.00408104723 0.22950618338 2.36378334099 0.00000000000 0.00000000000 0.00000000000 0.00000000000 0.00000000000 0.00000000000 0.22954246482
0.06497608416 -0.00406391010 0.22950670686 2.36375785960 0.00000000000 0.00000000000 0.00000000000 0.00000000000 0.00000000000 0.00000000000 0.22954268417
0.06496034540 -0.00404677253 0.22950722907 2.36377400795 0.00000000000 0.00000000000 0.00000000000 0.00000000000 0.00000000000 0.00000000000 0.22954290354
0.06494460632 -0.00402963460 0.22950775002 2.36375169603 0.00000000000 0.00000000000 0.00000000000 0.00000000000 0.00000000000 0.00000000000 0.22954312290
0.06492886701 -0.00401249638 0.22950826969 2.36376549467 0.00000000000 0.00000000000 0.00000000000 0.00000000000 0.00000000000 0.00000000000 0.22954334227
0.06491312750 -0.00399535793 0.22950878809 2.36374887228 0.00000000000 0.00000000000 0.00000000000 0.00000000000 0.00000000000 0.00000000000 0.22954356165
0.06489738786 -0.00397821932 0.22950930521 2.36375709085 0.00000000000 0.00000000000 0.00000000000 0.00000000000 0.00000000000 0.00000000000 0.22954378102
0.06488164812 -0.00396108058 0.22950982105 2.36374591062 0.00000000000 0.00000000000 0.00000000000 0.00000000000 0.00000000000 0.00000000000 0.22954400040
0.06486590832 -0.00394394174 0.22951033562 2.36374856407 0.00000000000 0.00000000000 0.00000000000 0.00000000000 0.00000000000 0.00000000000 0.22954421978
0.06485016847 -0.00392680283 0.22951084891 2.36374135962 0.00000000000 0.00000000000 0.00000000000 0.00000000000 0.00000000000 0.00000000000 0.22954443915
0.06483442858 -0.00390966385 0.22951136092 2.36373953681 0.00000000000 0.00000000000 0.00000000000 0.00000000000 0.00000000000 0.00000000000 0.22954465853
0.06481868866 -0.00389252483 0.22951187165 2.36373527992 0.00000000000 0.00000000000 0.00000000000 0.00000000000 0.00000000000 0.00000000000 0.22954487791
0.06480294871 -0.00387538574 0.22951238110 2.36373007718 0.00000000000 0.00000000000 0.00000000000 0.00000000000 0.00000000000 0.00000000000 0.22954509729
0.06478720873 -0.00385824661 0.22951288927 2.36372835328 0.00000000000 0.00000000000 0.00000000000 0.00000000000 0.00000000000 0.00000000000 0.22954531667
0.06477146871 -0.00384110740 0.22951339616 2.36372013024 0.00000000000 0.00000000000 0.00000000000 0.00000000000 0.00000000000 0.00000000000 0.22954553605
0.06475572862 -0.00382396811 0.22951390177 2.36372114640 0.00000000000 0.00000000000 0.00000000000 0.00000000000 0.00000000000 0.00000000000 0.22954575543
0.06473998846 -0.00380682871 0.22951440610 2.36371000756 0.00000000000 0.00000000000 0.00000000000 0.00000000000 0.00000000000 0.00000000000 0.22954597482
0.06472424820 -0.00378968917 0.22951490916 2.36371358455 0.00000000000 0.00000000000 0.00000000000 0.00000000000 0.00000000000 0.00000000000 0.22954619420
0.06470850780 -0.00377254947 0.22951541094 2.36370034894 0.00000000000 0.00000000000 0.00000000000 0.00000000000 0.00000000000 0.00000000000 0.22954641359
0.06469276724 -0.00375540957 0.22951591145 2.36370613806 0.00000000000 0.00000000000 0.00000000000 0.00000000000 0.00000000000 0.00000000000 0.22954663297
0.06467702648 -0.00373826944 0.22951641068 2.36369278649 0.00000000000 0.00000000000 0.00000000000 0.00000000000 0.00000000000 0.00000000000 0.22954685236
0.06466128548 -0.00372112902 0.22951690864 2.36369969449 0.00000000000 0.00000000000 0.00000000000 0.00000000000 0.00000000000 0.00000000000 0.22954707176
0.06464554422 -0.00370398830 0.22951740533 3.50611795979 0.00000000000 0.00000000000 0.00000000000 0.00000000000 0.00000000000 0.00000000000 0.22954729116
0.06462980264 -0.00368684724 0.22951789815 28.56455284255 0.00000000000 0.00000000000 0.00000000000 0.00000000000 0.00000000000 0.00000000000 0.22954750797
0.06461406060 -0.00366970581 0.22951837551 52.83157194542 0.00000000000 0.00000000000 0.00000000000 0.00000000000 0.00000000000 0.00000000000 0.22954771059
0.06459831798 -0.00365256401 0.22951882559 60.77163626218 0.00000000000 0.00000000000 0.00000000000 0.00000000000 0.00000000000 0.00000000000 0.22954788722
0.06458257471 -0.00363542182 0.22951924275 66.79208225129 0.00000000000 0.00000000000 0.00000000000 0.00000000000 0.00000000000 0.00000000000 0.22954803220
0.06456683077 -0.00361827923 0.22951962693 33.79192212710 0.00000000000 0.00000000000 0.00000000000 0.00000000000 0.00000000000 0.00000000000 0.22954814547
0.06455108629 -0.00360113621 0.22951999280 2.36353312532 0.00000000000 0.00000000000 0.00000000000 0.00000000000 0.00000000000 0.00000000000 0.22954824172
0.06453534138 -0.00358399273 0.22952035483 2.36354652340 0.00000000000 0.00000000000 0.00000000000 0.00000000000 0.00000000000 0.00000000000 0.22954833540
0.06451959601 -0.00356684873 0.22952071559 2.36353006587 0.00000000000 0.00000000000 0.00000000000 0.00000000000 0.00000000000 0.00000000000 0.22954842908
0.06450385012 -0.00354970415 0.22952107507 2.36354394868 0.00000000000 0.00000000000 0.00000000000 0.00000000000 0.00000000000 0.00000000000 0.22954852276
0.06448810365 -0.00353255891 0.22952143329 2.36351739707 0.00000000000 0.00000000000 0.00000000000 0.00000000000 0.00000000000 0.00000000000 0.22954861645
0.06447235649 -0.00351541291 0.22952179025 2.36353806363 0.00000000000 0.00000000000 0.00000000000 0.00000000000 0.00000000000 0.00000000000 0.22954871014
0.06445660856 -0.00349826604 0.22952214594 2.36349679040 0.00000000000 0.00000000000 0.00000000000 0.00000000000 0.00000000000 0.00000000000 0.22954880383
0.06444085976 -0.00348111821 0.22952250037 2.36349786660 0.00000000000 0.00000000000 0.00000000000 0.00000000000 0.00000000000 0.00000000000 0.22954889753
0.06442511004 -0.00346396935 0.22952285354 2.36347696343 0.00000000000 0.00000000000 0.00000000000 0.00000000000 0.00000000000 0.00000000000 0.22954899124
0.06440935941 -0.00344681950 0.22952320544 2.36342547566 0.00000000000 0.00000000000 0.00000000000 0.00000000000 0.00000000000 0.00000000000 0.22954908495
0.06439360804 -0.00342966880 0.22952355608 2.36347011286 0.00000000000 0.00000000000 0.00000000000 0.00000000000 0.00000000000 0.00000000000 0.22954917866
0.06437785612 -0.00341251750 0.22952390546 2.36339085891 0.00000000000 0.00000000000 0.00000000000 0.00000000000 0.00000000000 0.00000000000 0.22954927238
0.06436210394 -0.00339536589 0.22952425355 2.36347409171 0.00000000000 0.00000000000 0.00000000000 0.00000000000 0.00000000000 0.00000000000 0.22954936610
0.06434635180 -0.00337821431 0.22952460037 2.36339133428 0.00000000000 0.00000000000 0.00000000000 0.00000000000 0.00000000000 0.00000000000 0.22954945982
0.06433060002 -0.00336106310 0.22952494589 2.36348149374 0.00000000000 0.00000000000 0.00000000000 0.00000000000 0.00000000000 0.00000000000 0.22954955354
0.06431484891 -0.00334391260 0.22952529012 2.36340635807 0.00000000000 0.00000000000 0.00000000000 0.00000000000 0.00000000000 0.00000000000 0.22954964726
0.06429909875 -0.00332676311 0.22952563304 2.36348340570 0.00000000000 0.00000000000 0.00000000000 0.00000000000 0.00000000000 0.00000000000 0.22954974096
0.06428334979 -0.00330961491 0.22952597466 2.36342882178 0.00000000000 0.00000000000 0.00000000000 0.00000000000 0.00000000000 0.00000000000 0.22954983466
0.06426760222 -0.00329246821 0.22952631497 2.36346972336 0.00000000000 0.00000000000 0.00000000000 0.00000000000 0.00000000000 0.00000000000 0.22954992836
0.06425185617 -0.00327532315 0.22952665396 2.36344946546 0.00000000000 0.00000000000 0.00000000000 0.00000000000 0.00000000000 0.00000000000 0.22955002204
0.06423611168 -0.00325817977 0.22952699164 2.36343563994 0.00000000000 0.00000000000 0.00000000000 0.00000000000 0.00000000000 0.00000000000 0.22955011572
0.06422036874 -0.00324103805 0.22952732800 2.36343671129 0.00000000000 0.00000000000 0.00000000000 0.00000000000 0.00000000000 0.00000000000 0.22955020938
0.06420462726 -0.00322389791 0.22952766305 2.36338823985 0.00000000000 0.00000000000 0.00000000000 0.00000000000 0.00000000000 0.00000000000 0.22955030304
0.06418888718 -0.00320675927 0.22952799680 2.36337947961 0.00000000000 0.00000000000 0.00000000000 0.00000000000 0.00000000000 0.00000000000 0.22955039669
0.06417314845 -0.00318962209 0.22952832923 2.36334894287 0.00000000000 0.00000000000 0.00000000000 0.00000000000 0.00000000000 0.00000000000 0.22955049033
0.06415741106 -0.00317248634 0.22952866036 2.36331998128 0.00000000000 0.00000000000 0.00000000000 0.00000000000 0.00000000000 0.00000000000 0.22955058396
0.06414167509 -0.00315535213 0.22952899018 2.36334187720 0.00000000000 0.00000000000 0.00000000000 0.00000000000 0.00000000000 0.00000000000 0.22955067758
0.06412594068 -0.00313821960 0.22952931868 2.36327140714 0.00000000000 0.00000000000 0.00000000000 0.00000000000 0.00000000000 0.00000000000 0.22955077120
0.06411020814 -0.00312108908 0.22952964587 2.36337964189 0.00000000000 0.00000000000 0.00000000000 0.00000000000 0.00000000000 0.00000000000 0.22955086480
0.06409447783 -0.00310396097 0.22952997174 2.36327338026 0.00000000000 0.00000000000 0.00000000000 0.00000000000 0.00000000000 0.00000000000 0.22955095839
0.06407875020 -0.00308683578 0.22953029627 2.36344825522 0.00000000000 0.00000000000 0.00000000000 0.00000000000 0.00000000000 0.00000000000 0.22955105197
0.06406302570 -0.00306971396 0.22953061946 2.36343293977 0.00000000000 0.00000000000 0.00000000000 0.00000000000 0.00000000000 0.00000000000 0.22955114552
0.06404730451 -0.00305259573 0.22953094130 2.36350915126 0.00000000000 0.00000000000 0.00000000000 0.00000000000 0.00000000000 0.00000000000 0.22955123906
0.06403158662 -0.00303548109 0.22953126180 2.36368187219 0.00000000000 0.00000000000 0.00000000000 0.00000000000 0.00000000000 0.00000000000 0.22955133258
0.06401587153 -0.00301836947 0.22953158096 2.36352656658 0.00000000000 0.00000000000 0.00000000000 0.00000000000 0.00000000000 0.00000000000 0.22955142608
0.06400015857 -0.00300126016 0.22953189881 2.36378089046 0.00000000000 0.00000000000 0.00000000000 0.00000000000 0.00000000000 0.00000000000 0.22955151956
0.06398444684 -0.00298415216 0.22953221536 2.36351035432 0.00000000000 0.00000000000 0.00000000000 0.00000000000 0.00000000000 0.00000000000 0.22955161304
0.06396873540 -0.00296704448 0.22953253062 2.36373247587 0.00000000000 0.00000000000 0.00000000000 0.00000000000 0.00000000000 0.00000000000 0.22955170652
0.06395302341 -0.00294993616 0.22953284462 2.36348881478 0.00000000000 0.00000000000 0.00000000000 0.00000000000 0.00000000000 0.00000000000 0.22955180000
0.06393731006 -0.00293282636 0.22953315738 2.36364200572 0.00000000000 0.00000000000 0.00000000000 0.00000000000 0.00000000000 0.00000000000 0.22955189349
0.06392159476 -0.00291571441 0.22953346889 2.36346779664 0.00000000000 0.00000000000 0.00000000000 0.00000000000 0.00000000000 0.00000000000 0.22955198699
0.06390587703 -0.00289859980 0.22953377918 2.36347213347 0.00000000000 0.00000000000 0.00000000000 0.00000000000 0.00000000000 0.00000000000 0.22955208051
0.06389015678 -0.00288148244 0.22953408824 2.36346678922 0.00000000000 0.00000000000 0.00000000000 0.00000000000 0.00000000000 0.00000000000 0.22955217404
0.06387443406 -0.00286436236 0.22953439607 2.36341732966 0.00000000000 0.00000000000 0.00000000000 0.00000000000 0.00000000000 0.00000000000 0.22955226758
0.06385870901 -0.00284723974 0.22953470267 2.36346965641 0.00000000000 0.00000000000 0.00000000000 0.00000000000 0.00000000000 0.00000000000 0.22955236114
0.06384298183 -0.00283011479 0.22953500804 2.36341655240 0.00000000000 0.00000000000 0.00000000000 0.00000000000 0.00000000000 0.00000000000 0.22955245471
0.06382725270 -0.00281298768 0.22953531216 2.36346007769 0.00000000000 0.00000000000 0.00000000000 0.00000000000 0.00000000000 0.00000000000 0.22955254830
0.06381152177 -0.00279585861 0.22953561504 2.36342737630 0.00000000000 0.00000000000 0.00000000000 0.00000000000 0.00000000000 0.00000000000 0.22955264189
0.06379578912 -0.00277872764 0.22953591668 2.36343722596 0.00000000000 0.00000000000 0.00000000000 0.00000000000 0.00000000000 0.00000000000 0.22955273549
0.06378005479 -0.00276159484 0.22953621707 2.36344760917 0.00000000000 0.00000000000 0.00000000000 0.00000000000 0.00000000000 0.00000000000 0.22955282911
0.06376431871 -0.00274446010 0.22953651621 2.36339855660 0.00000000000 0.00000000000 0.00000000000 0.00000000000 0.00000000000 0.00000000000 0.22955292273
0.06374858080 -0.00272732336 0.22953681411 2.36336735294 0.00000000000 0.00000000000 0.00000000000 0.00000000000 0.00000000000 0.00000000000 0.22955301637
0.06373284112 -0.00271018468 0.22953711076 2.36336736331 0.00000000000 0.00000000000 0.00000000000 0.00000000000 0.00000000000 0.00000000000 0.22955311001
0.06371709980 -0.00269304420 0.22953740616 2.36327259768 0.00000000000 0.00000000000 0.00000000000 0.00000000000 0.00000000000 0.00000000000 0.22955320367
0.06370135715 -0.00267590226 0.22953770031 2.36335848525 0.00000000000 0.00000000000 0.00000000000 0.00000000000 0.00000000000 0.00000000000 0.22955329733
0.06368561354 -0.00265875926 0.22953799319 2.36325154780 0.00000000000 0.00000000000 0.00000000000 0.00000000000 0.00000000000 0.00000000000 0.22955339100
0.06366986937 -0.00264161562 0.22953828481 2.36336479401 0.00000000000 0.00000000000 0.00000000000 0.00000000000 0.00000000000 0.00000000000 0.22955348467
0.06365412503 -0.00262447180 0.22953857514 2.36328204329 0.00000000000 0.00000000000 0.00000000000 0.00000000000 0.00000000000 0.00000000000 0.22955357835
0.06363838087 -0.00260732815 0.22953886420 2.36337589062 0.00000000000 0.00000000000 0.00000000000 0.00000000000 0.00000000000 0.00000000000 0.22955367202
0.06362263719 -0.00259018501 0.22953915196 2.36333284259 0.00000000000 0.00000000000 0.00000000000 0.00000000000 0.00000000000 0.00000000000 0.22955376569
0.06360689417 -0.00257304258 0.22953943843 2.36338621290 0.00000000000 0.00000000000 0.00000000000 0.00000000000 0.00000000000 0.00000000000 0.22955385935
0.06359115197 -0.00255590102 0.22953972361 2.36338221559 0.00000000000 0.00000000000 0.00000000000 0.00000000000 0.00000000000 0.00000000000 0.22955395301
0.06357541065 -0.00253876041 0.22954000749 2.36339751153 0.00000000000 0.00000000000 0.00000000000 0.00000000000 0.00000000000 0.00000000000 0.22955404667
0.06355967026 -0.00252162080 0.22954029007 2.36339039531 0.00000000000 0.00000000000 0.00000000000 0.00000000000 0.00000000000 0.00000000000 0.22955414032
0.06354393094 -0.00250448233 0.22954057136 2.36343543241 0.00000000000 0.00000000000 0.00000000000 0.00000000000 0.00000000000 0.00000000000 0.22955423396
0.06352819292 -0.00248734527 0.22954085134 2.36333453377 0.00000000000 0.00000000000 0.00000000000 0.00000000000 0.00000000000 0.00000000000 0.22955432760
0.06351245682 -0.00247021028 0.22954113001 2.36354820390 0.00000000000 0.00000000000 0.00000000000 0.00000000000 0.00000000000 0.00000000000 0.22955442122
0.06349672351 -0.00245307832 0.22954140735 2.36323908802 0.00000000000 0.00000000000 0.00000000000 0.00000000000 0.00000000000 0.00000000000 0.22955451483
0.06348099452 -0.00243595105 0.22954168333 2.36374302254 0.00000000000 0.00000000000 0.00000000000 0.00000000000 0.00000000000 0.00000000000 0.22955460842
0.06346527170 -0.00241883049 0.22954195793 2.36314690791 0.00000000000 0.00000000000 0.00000000000 0.00000000000 0.00000000000 0.00000000000 0.22955470196
0.06344955757 -0.00240171936 0.22954223110 2.36390330689 0.00000000000 0.00000000000 0.00000000000 0.00000000000 0.00000000000 0.00000000000 0.22955479545
0.06343385472 -0.00238462052 0.22954250281 2.36315276297 0.00000000000 0.00000000000 0.00000000000 0.00000000000 0.00000000000 0.00000000000 0.22955488888
0.06341816571 -0.00236753673 0.22954277300 2.36378410387 0.00000000000 0.00000000000 0.00000000000 0.00000000000 0.00000000000 0.00000000000 0.22955498223
0.06340249266 -0.00235047030 0.22954304164 2.36331688112 0.00000000000 0.00000000000 0.00000000000 0.00000000000 0.00000000000 0.00000000000 0.22955507548
0.06338683628 -0.00233342203 0.22954330873 2.37450430291 0.00000000000 0.00000000000 0.00000000000 0.00000000000 0.00000000000 0.00000000000 0.22955516863
0.06337119658 -0.00231639189 0.22954357426 2.56953224801 0.00000000000 0.00000000000 0.00000000000 0.00000000000 0.00000000000 0.00000000000 0.22955526166
0.06335557194 -0.00229937814 0.22954383815 2.73503062061 0.00000000000 0.00000000000 0.00000000000 0.00000000000 0.00000000000 0.00000000000 0.22955535449
0.06333995992 -0.00228237811 0.22954410043 2.28154615125 0.00000000000 0.00000000000 0.00000000000 0.00000000000 0.00000000000 0.00000000000 0.22955544709
0.06332435625 -0.00226538717 0.22954436135 1.83820748758 0.00000000000 0.00000000000 0.00000000000 0.00000000000 0.00000000000 0.00000000000 0.22955553970
0.06330875796 -0.00224840209 0.22954462116 1.86986780420 0.00000000000 0.00000000000 0.00000000000 0.00000000000 0.00000000000 0.00000000000 0.22955563251
0.06329316824 -0.00223142631 0.22954487984 1.90381904471 0.00000000000 0.00000000000 0.00000000000 0.00000000000 0.00000000000 0.00000000000 0.22955572553
0.06327759166 -0.00221446484 0.22954513728 1.94015867921 0.00000000000 0.00000000000 0.00000000000 0.00000000000 0.00000000000 0.00000000000 0.22955581871
0.06326203283 -0.00219752268 0.22954539341 1.97899406862 0.00000000000 0.00000000000 0.00000000000 0.00000000000 0.00000000000 0.00000000000 0.22955591202
