VARIABLES=
"CoordinateX"
"CoordinateY"
"CoordinateZ"
"Kappa1"
"Kappa2"
"dy"
"dz"
"d2x"
"d2y"
"d2z"
"R"
ZONE T="Konrollpunkte"
I=101, J=1, K=1
0.06824377995 -0.00189016292 0.25743371219 0.00000000000 0.00000000000 0.00000000000 0.00000000000 0.00000000000 0.00000000000 0.00000000000 0.00000000000
0.06823317863 -0.00188424053 0.25743285518 0.00000000000 0.00000000000 0.00000000000 0.00000000000 0.00000000000 0.00000000000 0.00000000000 0.00000000000
0.06821722463 -0.00187532789 0.25743156520 0.00000000000 0.00000000000 0.00000000000 0.00000000000 0.00000000000 0.00000000000 0.00000000000 0.00000000000
0.06819589404 -0.00186341163 0.25742984001 0.00000000000 0.00000000000 0.00000000000 0.00000000000 0.00000000000 0.00000000000 0.00000000000 0.00000000000
0.06817975135 -0.00185439357 0.25742853404 0.00000000000 0.00000000000 0.00000000000 0.00000000000 0.00000000000 0.00000000000 0.00000000000 0.00000000000
0.06816343552 -0.00184527879 0.25742721375 0.00000000000 0.00000000000 0.00000000000 0.00000000000 0.00000000000 0.00000000000 0.00000000000 0.00000000000
0.06814696525 -0.00183607772 0.25742588063 0.00000000000 0.00000000000 0.00000000000 0.00000000000 0.00000000000 0.00000000000 0.00000000000 0.00000000000
0.06813033612 -0.00182678791 0.25742453432 0.00000000000 0.00000000000 0.00000000000 0.00000000000 0.00000000000 0.00000000000 0.00000000000 0.00000000000
0.06811356514 -0.00181741885 0.25742317619 0.00000000000 0.00000000000 0.00000000000 0.00000000000 0.00000000000 0.00000000000 0.00000000000 0.00000000000
0.06809668716 -0.00180799001 0.25742180905 0.00000000000 0.00000000000 0.00000000000 0.00000000000 0.00000000000 0.00000000000 0.00000000000 0.00000000000
0.06807976080 -0.00179853414 0.25742043764 0.00000000000 0.00000000000 0.00000000000 0.00000000000 0.00000000000 0.00000000000 0.00000000000 0.00000000000
0.06806285242 -0.00178908832 0.25741906735 0.00000000000 0.00000000000 0.00000000000 0.00000000000 0.00000000000 0.00000000000 0.00000000000 0.00000000000
0.06804601230 -0.00177968062 0.25741770224 0.00000000000 0.00000000000 0.00000000000 0.00000000000 0.00000000000 0.00000000000 0.00000000000 0.00000000000
0.06802925632 -0.00177031992 0.25741634361 0.00000000000 0.00000000000 0.00000000000 0.00000000000 0.00000000000 0.00000000000 0.00000000000 0.00000000000
0.06801256980 -0.00176099803 0.25741499028 0.00000000000 0.00000000000 0.00000000000 0.00000000000 0.00000000000 0.00000000000 0.00000000000 0.00000000000
0.06799592532 -0.00175169962 0.25741364002 0.00000000000 0.00000000000 0.00000000000 0.00000000000 0.00000000000 0.00000000000 0.00000000000 0.00000000000
0.06797929881 -0.00174241125 0.25741229089 0.00000000000 0.00000000000 0.00000000000 0.00000000000 0.00000000000 0.00000000000 0.00000000000 0.00000000000
0.06796267630 -0.00173312512 0.25741094174 0.00000000000 0.00000000000 0.00000000000 0.00000000000 0.00000000000 0.00000000000 0.00000000000 0.00000000000
0.06794605252 -0.00172383826 0.25740959216 0.00000000000 0.00000000000 0.00000000000 0.00000000000 0.00000000000 0.00000000000 0.00000000000 0.00000000000
0.06792942683 -0.00171455035 0.25740824209 0.00000000000 0.00000000000 0.00000000000 0.00000000000 0.00000000000 0.00000000000 0.00000000000 0.00000000000
0.06791280016 -0.00170526187 0.25740689160 0.00000000000 0.00000000000 0.00000000000 0.00000000000 0.00000000000 0.00000000000 0.00000000000 0.00000000000
0.06789617312 -0.00169597320 0.25740554075 0.00000000000 0.00000000000 0.00000000000 0.00000000000 0.00000000000 0.00000000000 0.00000000000 0.00000000000
0.06787954629 -0.00168668463 0.25740418958 0.00000000000 0.00000000000 0.00000000000 0.00000000000 0.00000000000 0.00000000000 0.00000000000 0.00000000000
0.06786292022 -0.00167739649 0.25740283814 0.00000000000 0.00000000000 0.00000000000 0.00000000000 0.00000000000 0.00000000000 0.00000000000 0.00000000000
0.06784629550 -0.00166810910 0.25740148648 0.00000000000 0.00000000000 0.00000000000 0.00000000000 0.00000000000 0.00000000000 0.00000000000 0.00000000000
0.06782967275 -0.00165882281 0.25740013464 0.00000000000 0.00000000000 0.00000000000 0.00000000000 0.00000000000 0.00000000000 0.00000000000 0.00000000000
0.06781305260 -0.00164953796 0.25739878267 0.00000000000 0.00000000000 0.00000000000 0.00000000000 0.00000000000 0.00000000000 0.00000000000 0.00000000000
0.06779643554 -0.00164025485 0.25739743063 0.00000000000 0.00000000000 0.00000000000 0.00000000000 0.00000000000 0.00000000000 0.00000000000 0.00000000000
0.06777982162 -0.00163097349 0.25739607851 0.00000000000 0.00000000000 0.00000000000 0.00000000000 0.00000000000 0.00000000000 0.00000000000 0.00000000000
0.06776321012 -0.00162169347 0.25739472624 0.00000000000 0.00000000000 0.00000000000 0.00000000000 0.00000000000 0.00000000000 0.00000000000 0.00000000000
0.06774659980 -0.00161241411 0.25739337375 0.00000000000 0.00000000000 0.00000000000 0.00000000000 0.00000000000 0.00000000000 0.00000000000 0.00000000000
0.06772998940 -0.00160313471 0.25739202091 0.00000000000 0.00000000000 0.00000000000 0.00000000000 0.00000000000 0.00000000000 0.00000000000 0.00000000000
0.06771337792 -0.00159385470 0.25739066764 0.00000000000 0.00000000000 0.00000000000 0.00000000000 0.00000000000 0.00000000000 0.00000000000 0.00000000000
0.06769676474 -0.00158457374 0.25738931391 0.00000000000 0.00000000000 0.00000000000 0.00000000000 0.00000000000 0.00000000000 0.00000000000 0.00000000000
0.06768014974 -0.00157529176 0.25738795970 0.00000000000 0.00000000000 0.00000000000 0.00000000000 0.00000000000 0.00000000000 0.00000000000 0.00000000000
0.06766353327 -0.00156600895 0.25738660503 0.00000000000 0.00000000000 0.00000000000 0.00000000000 0.00000000000 0.00000000000 0.00000000000 0.00000000000
0.06764691585 -0.00155672561 0.25738524994 0.00000000000 0.00000000000 0.00000000000 0.00000000000 0.00000000000 0.00000000000 0.00000000000 0.00000000000
0.06763029809 -0.00154744209 0.25738389450 0.00000000000 0.00000000000 0.00000000000 0.00000000000 0.00000000000 0.00000000000 0.00000000000 0.00000000000
0.06761368070 -0.00153815876 0.25738253875 0.00000000000 0.00000000000 0.00000000000 0.00000000000 0.00000000000 0.00000000000 0.00000000000 0.00000000000
0.06759706452 -0.00152887611 0.25738118277 0.00000000000 0.00000000000 0.00000000000 0.00000000000 0.00000000000 0.00000000000 0.00000000000 0.00000000000
0.06758045058 -0.00151959471 0.25737982663 0.00000000000 0.00000000000 0.00000000000 0.00000000000 0.00000000000 0.00000000000 0.00000000000 0.00000000000
0.06756384011 -0.00151031525 0.25737847045 0.00000000000 0.00000000000 0.00000000000 0.00000000000 0.00000000000 0.00000000000 0.00000000000 0.00000000000
0.06754723436 -0.00150103842 0.25737711432 0.00000000000 0.00000000000 0.00000000000 0.00000000000 0.00000000000 0.00000000000 0.00000000000 0.00000000000
0.06753063427 -0.00149176475 0.25737575831 0.00000000000 0.00000000000 0.00000000000 0.00000000000 0.00000000000 0.00000000000 0.00000000000 0.00000000000
0.06751404023 -0.00148249446 0.25737440247 0.00000000000 0.00000000000 0.00000000000 0.00000000000 0.00000000000 0.00000000000 0.00000000000 0.00000000000
0.06749745183 -0.00147322732 0.25737304675 0.00000000000 0.00000000000 0.00000000000 0.00000000000 0.00000000000 0.00000000000 0.00000000000 0.00000000000
0.06748086807 -0.00146396277 0.25737169108 0.00000000000 0.00000000000 0.00000000000 0.00000000000 0.00000000000 0.00000000000 0.00000000000 0.00000000000
0.06746428768 -0.00145470010 0.25737033535 0.00000000000 0.00000000000 0.00000000000 0.00000000000 0.00000000000 0.00000000000 0.00000000000 0.00000000000
0.06744770943 -0.00144543862 0.25736897947 0.00000000000 0.00000000000 0.00000000000 0.00000000000 0.00000000000 0.00000000000 0.00000000000 0.00000000000
0.06743113228 -0.00143617775 0.25736762334 0.00000000000 0.00000000000 0.00000000000 0.00000000000 0.00000000000 0.00000000000 0.00000000000 0.00000000000
0.06741455541 -0.00142691704 0.25736626690 0.00000000000 0.00000000000 0.00000000000 0.00000000000 0.00000000000 0.00000000000 0.00000000000 0.00000000000
0.06739797227 -0.00141765607 0.25736498268 0.00000000000 0.00000000000 0.00000000000 0.00000000000 0.00000000000 0.00000000000 0.00000000000 0.00000000000
0.06738138075 -0.00140839437 0.25736378626 0.00000000000 0.00000000000 0.00000000000 0.00000000000 0.00000000000 0.00000000000 0.00000000000 0.00000000000
0.06736478698 -0.00139913141 0.25736258935 0.00000000000 0.00000000000 0.00000000000 0.00000000000 0.00000000000 0.00000000000 0.00000000000 0.00000000000
0.06734818991 -0.00138986660 0.25736139187 0.00000000000 0.00000000000 0.00000000000 0.00000000000 0.00000000000 0.00000000000 0.00000000000 0.00000000000
0.06733158849 -0.00138059936 0.25736019374 0.00000000000 0.00000000000 0.00000000000 0.00000000000 0.00000000000 0.00000000000 0.00000000000 0.00000000000
0.06731498174 -0.00137132915 0.25735899489 0.00000000000 0.00000000000 0.00000000000 0.00000000000 0.00000000000 0.00000000000 0.00000000000 0.00000000000
0.06729836932 -0.00136205576 0.25735779530 0.00000000000 0.00000000000 0.00000000000 0.00000000000 0.00000000000 0.00000000000 0.00000000000 0.00000000000
0.06728175160 -0.00135277942 0.25735659500 0.00000000000 0.00000000000 0.00000000000 0.00000000000 0.00000000000 0.00000000000 0.00000000000 0.00000000000
0.06726512941 -0.00134350058 0.25735539404 0.00000000000 0.00000000000 0.00000000000 0.00000000000 0.00000000000 0.00000000000 0.00000000000 0.00000000000
0.06724850372 -0.00133421979 0.25735419248 0.00000000000 0.00000000000 0.00000000000 0.00000000000 0.00000000000 0.00000000000 0.00000000000 0.00000000000
0.06723187551 -0.00132493759 0.25735299042 0.00000000000 0.00000000000 0.00000000000 0.00000000000 0.00000000000 0.00000000000 0.00000000000 0.00000000000
0.06721524573 -0.00131565450 0.25735178790 0.00000000000 0.00000000000 0.00000000000 0.00000000000 0.00000000000 0.00000000000 0.00000000000 0.00000000000
0.06719861521 -0.00130637101 0.25735058500 0.00000000000 0.00000000000 0.00000000000 0.00000000000 0.00000000000 0.00000000000 0.00000000000 0.00000000000
0.06718198473 -0.00129708753 0.25734938177 0.00000000000 0.00000000000 0.00000000000 0.00000000000 0.00000000000 0.00000000000 0.00000000000 0.00000000000
0.06716535532 -0.00128780465 0.25734817828 0.00000000000 0.00000000000 0.00000000000 0.00000000000 0.00000000000 0.00000000000 0.00000000000 0.00000000000
0.06714872868 -0.00127852332 0.25734697465 0.00000000000 0.00000000000 0.00000000000 0.00000000000 0.00000000000 0.00000000000 0.00000000000 0.00000000000
0.06713210700 -0.00126924475 0.25734577105 0.00000000000 0.00000000000 0.00000000000 0.00000000000 0.00000000000 0.00000000000 0.00000000000 0.00000000000
0.06711549296 -0.00125997044 0.25734456767 0.00000000000 0.00000000000 0.00000000000 0.00000000000 0.00000000000 0.00000000000 0.00000000000 0.00000000000
0.06709888953 -0.00125070206 0.25734336473 0.00000000000 0.00000000000 0.00000000000 0.00000000000 0.00000000000 0.00000000000 0.00000000000 0.00000000000
0.06708229906 -0.00124144091 0.25734216239 0.00000000000 0.00000000000 0.00000000000 0.00000000000 0.00000000000 0.00000000000 0.00000000000 0.00000000000
0.06706572184 -0.00123218716 0.25734096068 0.00000000000 0.00000000000 0.00000000000 0.00000000000 0.00000000000 0.00000000000 0.00000000000 0.00000000000
0.06704915574 -0.00122293961 0.25733975944 0.00000000000 0.00000000000 0.00000000000 0.00000000000 0.00000000000 0.00000000000 0.00000000000 0.00000000000
0.06703259815 -0.00121369680 0.25733855849 0.00000000000 0.00000000000 0.00000000000 0.00000000000 0.00000000000 0.00000000000 0.00000000000 0.00000000000
0.06701604617 -0.00120445713 0.25733735761 0.00000000000 0.00000000000 0.00000000000 0.00000000000 0.00000000000 0.00000000000 0.00000000000 0.00000000000
0.06699949728 -0.00119521918 0.25733615663 0.00000000000 0.00000000000 0.00000000000 0.00000000000 0.00000000000 0.00000000000 0.00000000000 0.00000000000
0.06698294972 -0.00118598198 0.25733495541 0.00000000000 0.00000000000 0.00000000000 0.00000000000 0.00000000000 0.00000000000 0.00000000000 0.00000000000
0.06696640223 -0.00117674481 0.25733375386 0.00000000000 0.00000000000 0.00000000000 0.00000000000 0.00000000000 0.00000000000 0.00000000000 0.00000000000
0.06694985356 -0.00116750698 0.25733255190 0.00000000000 0.00000000000 0.00000000000 0.00000000000 0.00000000000 0.00000000000 0.00000000000 0.00000000000
0.06693330238 -0.00115826775 0.25733134943 0.00000000000 0.00000000000 0.00000000000 0.00000000000 0.00000000000 0.00000000000 0.00000000000 0.00000000000
0.06691674742 -0.00114902641 0.25733014635 0.00000000000 0.00000000000 0.00000000000 0.00000000000 0.00000000000 0.00000000000 0.00000000000 0.00000000000
0.06690018767 -0.00113978238 0.25732894259 0.00000000000 0.00000000000 0.00000000000 0.00000000000 0.00000000000 0.00000000000 0.00000000000 0.00000000000
0.06688362260 -0.00113053540 0.25732773811 0.00000000000 0.00000000000 0.00000000000 0.00000000000 0.00000000000 0.00000000000 0.00000000000 0.00000000000
0.06686705308 -0.00112128592 0.25732653297 0.00000000000 0.00000000000 0.00000000000 0.00000000000 0.00000000000 0.00000000000 0.00000000000 0.00000000000
0.06685048057 -0.00111203477 0.25732532729 0.00000000000 0.00000000000 0.00000000000 0.00000000000 0.00000000000 0.00000000000 0.00000000000 0.00000000000
0.06683390656 -0.00110278279 0.25732412116 0.00000000000 0.00000000000 0.00000000000 0.00000000000 0.00000000000 0.00000000000 0.00000000000 0.00000000000
0.06681733231 -0.00109353067 0.25732291469 0.00000000000 0.00000000000 0.00000000000 0.00000000000 0.00000000000 0.00000000000 0.00000000000 0.00000000000
0.06680075863 -0.00108427886 0.25732170792 0.00000000000 0.00000000000 0.00000000000 0.00000000000 0.00000000000 0.00000000000 0.00000000000 0.00000000000
0.06678418582 -0.00107502754 0.25732050088 0.00000000000 0.00000000000 0.00000000000 0.00000000000 0.00000000000 0.00000000000 0.00000000000 0.00000000000
0.06676761379 -0.00106577666 0.25731929357 0.00000000000 0.00000000000 0.00000000000 0.00000000000 0.00000000000 0.00000000000 0.00000000000 0.00000000000
0.06675104232 -0.00105652608 0.25731808597 0.00000000000 0.00000000000 0.00000000000 0.00000000000 0.00000000000 0.00000000000 0.00000000000 0.00000000000
0.06673447111 -0.00104727565 0.25731687806 0.00000000000 0.00000000000 0.00000000000 0.00000000000 0.00000000000 0.00000000000 0.00000000000 0.00000000000
0.06671789991 -0.00103802523 0.25731566981 0.00000000000 0.00000000000 0.00000000000 0.00000000000 0.00000000000 0.00000000000 0.00000000000 0.00000000000
0.06670132828 -0.00102877456 0.25731446120 0.00000000000 0.00000000000 0.00000000000 0.00000000000 0.00000000000 0.00000000000 0.00000000000 0.00000000000
0.06668475624 -0.00101952366 0.25731325223 0.00000000000 0.00000000000 0.00000000000 0.00000000000 0.00000000000 0.00000000000 0.00000000000 0.00000000000
0.06666818288 -0.00101027203 0.25731204283 0.00000000000 0.00000000000 0.00000000000 0.00000000000 0.00000000000 0.00000000000 0.00000000000 0.00000000000
0.06665160904 -0.00100102012 0.25731083306 0.00000000000 0.00000000000 0.00000000000 0.00000000000 0.00000000000 0.00000000000 0.00000000000 0.00000000000
0.06663503877 -0.00099177021 0.25730962322 0.00000000000 0.00000000000 0.00000000000 0.00000000000 0.00000000000 0.00000000000 0.00000000000 0.00000000000
0.06661297951 -0.00097945621 0.25730801210 0.00000000000 0.00000000000 0.00000000000 0.00000000000 0.00000000000 0.00000000000 0.00000000000 0.00000000000
0.06659647081 -0.00097024066 0.25730680598 0.00000000000 0.00000000000 0.00000000000 0.00000000000 0.00000000000 0.00000000000 0.00000000000 0.00000000000
0.06658553791 -0.00096413766 0.25730600705 0.00000000000 0.00000000000 0.00000000000 0.00000000000 0.00000000000 0.00000000000 0.00000000000 0.00000000000
ZONE T="NURB"
I=201, J=1, K=1
0.06824377995 -0.00189016292 0.25743371219 0.76573110795 0.00000000000 0.00000000000 0.00000000000 0.00000000000 0.00000000000 0.00000000000 0.25744065120
0.06823579630 -0.00188570289 0.25743306676 0.75138093913 0.00000000000 0.00000000000 0.00000000000 0.00000000000 0.00000000000 0.00000000000 0.25743997308
0.06822780382 -0.00188123792 0.25743242055 0.73747333972 0.00000000000 0.00000000000 0.00000000000 0.00000000000 0.00000000000 0.00000000000 0.25743929422
0.06821980350 -0.00187676857 0.25743177365 0.72399106424 0.00000000000 0.00000000000 0.00000000000 0.00000000000 0.00000000000 0.00000000000 0.25743861471
0.06821179630 -0.00187229537 0.25743112613 0.71367659793 0.00000000000 0.00000000000 0.00000000000 0.00000000000 0.00000000000 0.00000000000 0.25743793463
0.06820378091 -0.00186781760 0.25743047788 0.89493200796 0.00000000000 0.00000000000 0.00000000000 0.00000000000 0.00000000000 0.00000000000 0.25743725388
0.06819574722 -0.00186332961 0.25742982807 1.06478607018 0.00000000000 0.00000000000 0.00000000000 0.00000000000 0.00000000000 0.00000000000 0.25743657156
0.06818768406 -0.00185882515 0.25742917580 0.98978927889 0.00000000000 0.00000000000 0.00000000000 0.00000000000 0.00000000000 0.00000000000 0.25743588674
0.06817958436 -0.00185430028 0.25742852048 0.91475621455 0.00000000000 0.00000000000 0.00000000000 0.00000000000 0.00000000000 0.00000000000 0.25743519881
0.06817144344 -0.00184975238 0.25742786175 0.91440544383 0.00000000000 0.00000000000 0.00000000000 0.00000000000 0.00000000000 0.00000000000 0.25743450737
0.06816326197 -0.00184518184 0.25742719965 0.91485851600 0.00000000000 0.00000000000 0.00000000000 0.00000000000 0.00000000000 0.00000000000 0.25743381250
0.06815504148 -0.00184058948 0.25742653432 0.91503493713 0.00000000000 0.00000000000 0.00000000000 0.00000000000 0.00000000000 0.00000000000 0.25743311430
0.06814678175 -0.00183597521 0.25742586572 0.91486274390 0.00000000000 0.00000000000 0.00000000000 0.00000000000 0.00000000000 0.00000000000 0.25743241278
0.06813848264 -0.00183133894 0.25742519386 0.91444942998 0.00000000000 0.00000000000 0.00000000000 0.00000000000 0.00000000000 0.00000000000 0.25743170791
0.06813014586 -0.00182668162 0.25742451886 0.91486357895 0.00000000000 0.00000000000 0.00000000000 0.00000000000 0.00000000000 0.00000000000 0.25743099984
0.06812177393 -0.00182200467 0.25742384093 0.91397625077 0.00000000000 0.00000000000 0.00000000000 0.00000000000 0.00000000000 0.00000000000 0.25743028878
0.06811337089 -0.00181731033 0.25742316040 0.91485519412 0.00000000000 0.00000000000 0.00000000000 0.00000000000 0.00000000000 0.00000000000 0.25742957508
0.06810494165 -0.00181260135 0.25742247766 0.91334547376 0.00000000000 0.00000000000 0.00000000000 0.00000000000 0.00000000000 0.00000000000 0.25742885916
0.06809649309 -0.00180788159 0.25742179327 0.91486191254 0.00000000000 0.00000000000 0.00000000000 0.00000000000 0.00000000000 0.00000000000 0.25742814160
0.06808803276 -0.00180315525 0.25742110784 0.91315262067 0.00000000000 0.00000000000 0.00000000000 0.00000000000 0.00000000000 0.00000000000 0.25742742303
0.06807956884 -0.00179842690 0.25742042203 0.91489307688 0.00000000000 0.00000000000 0.00000000000 0.00000000000 0.00000000000 0.00000000000 0.25742670417
0.06807110927 -0.00179370099 0.25741973649 0.91359839522 0.00000000000 0.00000000000 0.00000000000 0.00000000000 0.00000000000 0.00000000000 0.25742598567
0.06806266070 -0.00178898121 0.25741905175 0.91494345495 0.00000000000 0.00000000000 0.00000000000 0.00000000000 0.00000000000 0.00000000000 0.25742526810
0.06805422866 -0.00178427067 0.25741836827 0.91454223743 0.00000000000 0.00000000000 0.00000000000 0.00000000000 0.00000000000 0.00000000000 0.25742455194
0.06804581581 -0.00177957085 0.25741768625 0.91499392794 0.00000000000 0.00000000000 0.00000000000 0.00000000000 0.00000000000 0.00000000000 0.25742383741
0.06803742348 -0.00177488249 0.25741700582 0.91538757409 0.00000000000 0.00000000000 0.00000000000 0.00000000000 0.00000000000 0.00000000000 0.25742312463
0.06802905040 -0.00177020489 0.25741632686 0.91502467194 0.00000000000 0.00000000000 0.00000000000 0.00000000000 0.00000000000 0.00000000000 0.25742241347
0.06802069446 -0.00176553686 0.25741564920 0.91575196624 0.00000000000 0.00000000000 0.00000000000 0.00000000000 0.00000000000 0.00000000000 0.25742170378
0.06801235244 -0.00176087661 0.25741497260 0.91503263867 0.00000000000 0.00000000000 0.00000000000 0.00000000000 0.00000000000 0.00000000000 0.25742099526
0.06800402097 -0.00175622224 0.25741429676 0.91567483235 0.00000000000 0.00000000000 0.00000000000 0.00000000000 0.00000000000 0.00000000000 0.25742028764
0.06799569691 -0.00175157202 0.25741362144 0.91502894362 0.00000000000 0.00000000000 0.00000000000 0.00000000000 0.00000000000 0.00000000000 0.25741958066
0.06798737743 -0.00174692436 0.25741294640 0.91541213881 0.00000000000 0.00000000000 0.00000000000 0.00000000000 0.00000000000 0.00000000000 0.25741887406
0.06797906053 -0.00174227814 0.25741227149 0.91502557948 0.00000000000 0.00000000000 0.00000000000 0.00000000000 0.00000000000 0.00000000000 0.25741816767
0.06797074456 -0.00173763244 0.25741159658 0.91518676870 0.00000000000 0.00000000000 0.00000000000 0.00000000000 0.00000000000 0.00000000000 0.25741746137
0.06796242863 -0.00173298675 0.25741092158 0.91503052743 0.00000000000 0.00000000000 0.00000000000 0.00000000000 0.00000000000 0.00000000000 0.25741675507
0.06795411209 -0.00172834073 0.25741024645 0.91507035017 0.00000000000 0.00000000000 0.00000000000 0.00000000000 0.00000000000 0.00000000000 0.25741604872
0.06794579469 -0.00172369423 0.25740957117 0.91504458360 0.00000000000 0.00000000000 0.00000000000 0.00000000000 0.00000000000 0.00000000000 0.25741534230
0.06793747634 -0.00171904719 0.25740889573 0.91503860389 0.00000000000 0.00000000000 0.00000000000 0.00000000000 0.00000000000 0.00000000000 0.25741463580
0.06792915706 -0.00171439964 0.25740822012 0.91506424404 0.00000000000 0.00000000000 0.00000000000 0.00000000000 0.00000000000 0.00000000000 0.25741392921
0.06792083695 -0.00170975162 0.25740754437 0.91505577096 0.00000000000 0.00000000000 0.00000000000 0.00000000000 0.00000000000 0.00000000000 0.25741322256
0.06791251608 -0.00170510317 0.25740686847 0.91508436465 0.00000000000 0.00000000000 0.00000000000 0.00000000000 0.00000000000 0.00000000000 0.25741251584
0.06790419457 -0.00170045437 0.25740619243 0.91506752430 0.00000000000 0.00000000000 0.00000000000 0.00000000000 0.00000000000 0.00000000000 0.25741180907
0.06789587251 -0.00169580526 0.25740551627 0.91510053560 0.00000000000 0.00000000000 0.00000000000 0.00000000000 0.00000000000 0.00000000000 0.25741110225
0.06788755006 -0.00169115593 0.25740483999 0.91507815573 0.00000000000 0.00000000000 0.00000000000 0.00000000000 0.00000000000 0.00000000000 0.25741039540
0.06787922734 -0.00168650645 0.25740416360 0.91511473371 0.00000000000 0.00000000000 0.00000000000 0.00000000000 0.00000000000 0.00000000000 0.25740968852
0.06787090450 -0.00168185690 0.25740348713 0.91509018455 0.00000000000 0.00000000000 0.00000000000 0.00000000000 0.00000000000 0.00000000000 0.25740898164
0.06786258170 -0.00167720738 0.25740281057 0.91512725277 0.00000000000 0.00000000000 0.00000000000 0.00000000000 0.00000000000 0.00000000000 0.25740827476
0.06785425909 -0.00167255796 0.25740213394 0.91510142648 0.00000000000 0.00000000000 0.00000000000 0.00000000000 0.00000000000 0.00000000000 0.25740756789
0.06784593684 -0.00166790873 0.25740145726 0.91513967295 0.00000000000 0.00000000000 0.00000000000 0.00000000000 0.00000000000 0.00000000000 0.25740686105
0.06783761509 -0.00166325979 0.25740078053 0.91511331442 0.00000000000 0.00000000000 0.00000000000 0.00000000000 0.00000000000 0.00000000000 0.25740615426
0.06782929402 -0.00165861123 0.25740010378 0.91515509401 0.00000000000 0.00000000000 0.00000000000 0.00000000000 0.00000000000 0.00000000000 0.25740544753
0.06782097381 -0.00165396315 0.25739942701 0.91512707791 0.00000000000 0.00000000000 0.00000000000 0.00000000000 0.00000000000 0.00000000000 0.25740474086
0.06781265464 -0.00164931564 0.25739875024 0.91517295563 0.00000000000 0.00000000000 0.00000000000 0.00000000000 0.00000000000 0.00000000000 0.25740403429
0.06780433667 -0.00164466882 0.25739807349 0.91515163459 0.00000000000 0.00000000000 0.00000000000 0.00000000000 0.00000000000 0.00000000000 0.25740332782
0.06779602007 -0.00164002275 0.25739739676 0.91519201534 0.00000000000 0.00000000000 0.00000000000 0.00000000000 0.00000000000 0.00000000000 0.25740262146
0.06778770498 -0.00163537753 0.25739672008 0.91518317790 0.00000000000 0.00000000000 0.00000000000 0.00000000000 0.00000000000 0.00000000000 0.25740191524
0.06777939148 -0.00163073319 0.25739604344 0.91520669388 0.00000000000 0.00000000000 0.00000000000 0.00000000000 0.00000000000 0.00000000000 0.25740120914
0.06777107964 -0.00162608978 0.25739536685 0.91521124054 0.00000000000 0.00000000000 0.00000000000 0.00000000000 0.00000000000 0.00000000000 0.25740050319
0.06776276945 -0.00162144729 0.25739469031 0.91521565169 0.00000000000 0.00000000000 0.00000000000 0.00000000000 0.00000000000 0.00000000000 0.25739979738
0.06775446091 -0.00161680572 0.25739401382 0.91522954021 0.00000000000 0.00000000000 0.00000000000 0.00000000000 0.00000000000 0.00000000000 0.25739909171
0.06774615395 -0.00161216504 0.25739333738 0.91521646856 0.00000000000 0.00000000000 0.00000000000 0.00000000000 0.00000000000 0.00000000000 0.25739838617
0.06773784848 -0.00160752519 0.25739266098 0.91524147789 0.00000000000 0.00000000000 0.00000000000 0.00000000000 0.00000000000 0.00000000000 0.25739768076
0.06772954438 -0.00160288610 0.25739198460 0.91521336211 0.00000000000 0.00000000000 0.00000000000 0.00000000000 0.00000000000 0.00000000000 0.25739697547
0.06772124151 -0.00159824769 0.25739130824 0.91524959738 0.00000000000 0.00000000000 0.00000000000 0.00000000000 0.00000000000 0.00000000000 0.25739627028
0.06771293967 -0.00159360987 0.25739063188 0.91521328841 0.00000000000 0.00000000000 0.00000000000 0.00000000000 0.00000000000 0.00000000000 0.25739556518
0.06770463869 -0.00158897252 0.25738995551 0.91525284298 0.00000000000 0.00000000000 0.00000000000 0.00000000000 0.00000000000 0.00000000000 0.25739486015
0.06769633840 -0.00158433556 0.25738927911 0.91522188597 0.00000000000 0.00000000000 0.00000000000 0.00000000000 0.00000000000 0.00000000000 0.25739415518
0.06768803862 -0.00157969889 0.25738860267 0.91525387679 0.00000000000 0.00000000000 0.00000000000 0.00000000000 0.00000000000 0.00000000000 0.25739345025
0.06767973924 -0.00157506243 0.25738792618 0.91523642399 0.00000000000 0.00000000000 0.00000000000 0.00000000000 0.00000000000 0.00000000000 0.25739274536
0.06767144014 -0.00157042613 0.25738724962 0.91525944438 0.00000000000 0.00000000000 0.00000000000 0.00000000000 0.00000000000 0.00000000000 0.25739204049
0.06766314125 -0.00156578995 0.25738657301 0.91525302680 0.00000000000 0.00000000000 0.00000000000 0.00000000000 0.00000000000 0.00000000000 0.25739133564
0.06765484249 -0.00156115384 0.25738589631 0.91526750214 0.00000000000 0.00000000000 0.00000000000 0.00000000000 0.00000000000 0.00000000000 0.25739063080
0.06764654385 -0.00155651780 0.25738521955 0.91527031728 0.00000000000 0.00000000000 0.00000000000 0.00000000000 0.00000000000 0.00000000000 0.25738992597
0.06763824529 -0.00155188180 0.25738454271 0.91527588046 0.00000000000 0.00000000000 0.00000000000 0.00000000000 0.00000000000 0.00000000000 0.25738922115
0.06762994684 -0.00154724586 0.25738386579 0.91528581413 0.00000000000 0.00000000000 0.00000000000 0.00000000000 0.00000000000 0.00000000000 0.25738851633
0.06762164850 -0.00154260998 0.25738318880 0.91528347607 0.00000000000 0.00000000000 0.00000000000 0.00000000000 0.00000000000 0.00000000000 0.25738781153
0.06761335032 -0.00153797420 0.25738251174 0.91529983524 0.00000000000 0.00000000000 0.00000000000 0.00000000000 0.00000000000 0.00000000000 0.25738710674
0.06760505236 -0.00153333853 0.25738183461 0.91529046721 0.00000000000 0.00000000000 0.00000000000 0.00000000000 0.00000000000 0.00000000000 0.25738640196
0.06759675467 -0.00152870302 0.25738115742 0.91531131401 0.00000000000 0.00000000000 0.00000000000 0.00000000000 0.00000000000 0.00000000000 0.25738569721
0.06758845736 -0.00152406771 0.25738048018 0.91529805810 0.00000000000 0.00000000000 0.00000000000 0.00000000000 0.00000000000 0.00000000000 0.25738499250
0.06758016049 -0.00151943266 0.25737980290 0.91532396223 0.00000000000 0.00000000000 0.00000000000 0.00000000000 0.00000000000 0.00000000000 0.25738428782
0.06757186418 -0.00151479791 0.25737912557 0.91531038586 0.00000000000 0.00000000000 0.00000000000 0.00000000000 0.00000000000 0.00000000000 0.25738358318
0.06756356852 -0.00151016353 0.25737844822 0.91533628464 0.00000000000 0.00000000000 0.00000000000 0.00000000000 0.00000000000 0.00000000000 0.25738287861
0.06755527360 -0.00150552955 0.25737777084 0.91533040360 0.00000000000 0.00000000000 0.00000000000 0.00000000000 0.00000000000 0.00000000000 0.25738217409
0.06754697947 -0.00150089603 0.25737709344 0.91535104573 0.00000000000 0.00000000000 0.00000000000 0.00000000000 0.00000000000 0.00000000000 0.25738146965
0.06753868621 -0.00149626298 0.25737641603 0.91535848635 0.00000000000 0.00000000000 0.00000000000 0.00000000000 0.00000000000 0.00000000000 0.25738076527
0.06753039381 -0.00149163042 0.25737573861 0.91536737964 0.00000000000 0.00000000000 0.00000000000 0.00000000000 0.00000000000 0.00000000000 0.25738006097
0.06752210227 -0.00148699834 0.25737506118 0.91538989678 0.00000000000 0.00000000000 0.00000000000 0.00000000000 0.00000000000 0.00000000000 0.25737935675
0.06751381154 -0.00148236670 0.25737438372 0.91538584312 0.00000000000 0.00000000000 0.00000000000 0.00000000000 0.00000000000 0.00000000000 0.25737865259
0.06750552154 -0.00147773548 0.25737370625 0.91541743182 0.00000000000 0.00000000000 0.00000000000 0.00000000000 0.00000000000 0.00000000000 0.25737794849
0.06749723217 -0.00147310460 0.25737302874 0.91540396318 0.00000000000 0.00000000000 0.00000000000 0.00000000000 0.00000000000 0.00000000000 0.25737724445
0.06748894332 -0.00146847402 0.25737235119 0.91543540627 0.00000000000 0.00000000000 0.00000000000 0.00000000000 0.00000000000 0.00000000000 0.25737654045
0.06748065489 -0.00146384367 0.25737167360 0.91541963914 0.00000000000 0.00000000000 0.00000000000 0.00000000000 0.00000000000 0.00000000000 0.25737583649
0.06747236676 -0.00145921349 0.25737099594 0.91544577333 0.00000000000 0.00000000000 0.00000000000 0.00000000000 0.00000000000 0.00000000000 0.25737513255
0.06746407884 -0.00145458343 0.25737031822 0.91543280408 0.00000000000 0.00000000000 0.00000000000 0.00000000000 0.00000000000 0.00000000000 0.25737442863
0.06745579104 -0.00144995343 0.25736964042 0.91545271062 0.00000000000 0.00000000000 0.00000000000 0.00000000000 0.00000000000 0.00000000000 0.25737372472
0.06744750330 -0.00144532346 0.25736896255 0.91544483291 0.00000000000 0.00000000000 0.00000000000 0.00000000000 0.00000000000 0.00000000000 0.25737302082
0.06743921554 -0.00144069349 0.25736828459 0.91545980710 0.00000000000 0.00000000000 0.00000000000 0.00000000000 0.00000000000 0.00000000000 0.25737231691
0.06743092773 -0.00143606348 0.25736760655 1.56142421357 0.00000000000 0.00000000000 0.00000000000 0.00000000000 0.00000000000 0.00000000000 0.25737161300
0.06742263969 -0.00143143342 0.25736693004 102.02309639706 0.00000000000 0.00000000000 0.00000000000 0.00000000000 0.00000000000 0.00000000000 0.25737091071
0.06741435077 -0.00142680328 0.25736626273 200.54086983566 0.00000000000 0.00000000000 0.00000000000 0.00000000000 0.00000000000 0.00000000000 0.25737021770
0.06740606029 -0.00142217304 0.25736561241 222.20019270626 0.00000000000 0.00000000000 0.00000000000 0.00000000000 0.00000000000 0.00000000000 0.25736954177
0.06739776797 -0.00141754266 0.25736498215 240.32770292927 0.00000000000 0.00000000000 0.00000000000 0.00000000000 0.00000000000 0.00000000000 0.25736888596
0.06738947378 -0.00141291213 0.25736437155 118.20273364379 0.00000000000 0.00000000000 0.00000000000 0.00000000000 0.00000000000 0.00000000000 0.25736824992
0.06738117836 -0.00140828139 0.25736377161 0.91616978084 0.00000000000 0.00000000000 0.00000000000 0.00000000000 0.00000000000 0.00000000000 0.25736762460
0.06737288240 -0.00140365042 0.25736317326 0.91618977867 0.00000000000 0.00000000000 0.00000000000 0.00000000000 0.00000000000 0.00000000000 0.25736700096
0.06736458596 -0.00139901919 0.25736257479 0.91618261612 0.00000000000 0.00000000000 0.00000000000 0.00000000000 0.00000000000 0.00000000000 0.25736637729
0.06735628896 -0.00139438765 0.25736197620 0.91620105394 0.00000000000 0.00000000000 0.00000000000 0.00000000000 0.00000000000 0.00000000000 0.25736575357
0.06734799137 -0.00138975577 0.25736137749 0.91619436359 0.00000000000 0.00000000000 0.00000000000 0.00000000000 0.00000000000 0.00000000000 0.25736512981
0.06733969311 -0.00138512352 0.25736077864 0.91621031635 0.00000000000 0.00000000000 0.00000000000 0.00000000000 0.00000000000 0.00000000000 0.25736450600
0.06733139413 -0.00138049086 0.25736017966 0.91620360362 0.00000000000 0.00000000000 0.00000000000 0.00000000000 0.00000000000 0.00000000000 0.25736388214
0.06732309440 -0.00137585779 0.25735958054 0.91620511051 0.00000000000 0.00000000000 0.00000000000 0.00000000000 0.00000000000 0.00000000000 0.25736325821
0.06731479392 -0.00137122430 0.25735898128 0.91621026203 0.00000000000 0.00000000000 0.00000000000 0.00000000000 0.00000000000 0.00000000000 0.25736263423
0.06730649270 -0.00136659039 0.25735838188 0.91619897187 0.00000000000 0.00000000000 0.00000000000 0.00000000000 0.00000000000 0.00000000000 0.25736201020
0.06729819081 -0.00136195611 0.25735778236 0.91621599391 0.00000000000 0.00000000000 0.00000000000 0.00000000000 0.00000000000 0.00000000000 0.25736138612
0.06728988831 -0.00135732149 0.25735718270 0.91620086089 0.00000000000 0.00000000000 0.00000000000 0.00000000000 0.00000000000 0.00000000000 0.25736076199
0.06728158529 -0.00135268658 0.25735658293 0.91622144862 0.00000000000 0.00000000000 0.00000000000 0.00000000000 0.00000000000 0.00000000000 0.25736013782
0.06727328183 -0.00134805143 0.25735598304 0.91620996754 0.00000000000 0.00000000000 0.00000000000 0.00000000000 0.00000000000 0.00000000000 0.25735951361
0.06726497800 -0.00134341606 0.25735538304 0.91622909717 0.00000000000 0.00000000000 0.00000000000 0.00000000000 0.00000000000 0.00000000000 0.25735888938
0.06725667387 -0.00133878053 0.25735478293 0.91622219285 0.00000000000 0.00000000000 0.00000000000 0.00000000000 0.00000000000 0.00000000000 0.25735826513
0.06724836949 -0.00133414486 0.25735418273 0.91623894406 0.00000000000 0.00000000000 0.00000000000 0.00000000000 0.00000000000 0.00000000000 0.25735764086
0.06724006492 -0.00132950908 0.25735358242 0.91623541207 0.00000000000 0.00000000000 0.00000000000 0.00000000000 0.00000000000 0.00000000000 0.25735701658
0.06723176021 -0.00132487322 0.25735298203 0.91625047177 0.00000000000 0.00000000000 0.00000000000 0.00000000000 0.00000000000 0.00000000000 0.25735639228
0.06722345539 -0.00132023730 0.25735238154 0.91624844231 0.00000000000 0.00000000000 0.00000000000 0.00000000000 0.00000000000 0.00000000000 0.25735576797
0.06721515051 -0.00131560135 0.25735178096 0.91626403276 0.00000000000 0.00000000000 0.00000000000 0.00000000000 0.00000000000 0.00000000000 0.25735514367
0.06720684561 -0.00131096538 0.25735118030 0.91626116176 0.00000000000 0.00000000000 0.00000000000 0.00000000000 0.00000000000 0.00000000000 0.25735451935
0.06719854073 -0.00130632943 0.25735057956 0.91627604622 0.00000000000 0.00000000000 0.00000000000 0.00000000000 0.00000000000 0.00000000000 0.25735389505
0.06719023591 -0.00130169351 0.25734997874 0.91626377607 0.00000000000 0.00000000000 0.00000000000 0.00000000000 0.00000000000 0.00000000000 0.25735327074
0.06718193125 -0.00129705768 0.25734937784 0.91628833686 0.00000000000 0.00000000000 0.00000000000 0.00000000000 0.00000000000 0.00000000000 0.25735264645
0.06717362683 -0.00129242198 0.25734877688 0.91625666749 0.00000000000 0.00000000000 0.00000000000 0.00000000000 0.00000000000 0.00000000000 0.25735202217
0.06716532281 -0.00128778651 0.25734817587 0.91629994336 0.00000000000 0.00000000000 0.00000000000 0.00000000000 0.00000000000 0.00000000000 0.25735139793
0.06715701939 -0.00128315136 0.25734757481 0.91625357228 0.00000000000 0.00000000000 0.00000000000 0.00000000000 0.00000000000 0.00000000000 0.25735077373
0.06714871678 -0.00127851668 0.25734697373 0.91631378008 0.00000000000 0.00000000000 0.00000000000 0.00000000000 0.00000000000 0.00000000000 0.25735014959
0.06714041525 -0.00127388259 0.25734637265 0.91625039091 0.00000000000 0.00000000000 0.00000000000 0.00000000000 0.00000000000 0.00000000000 0.25734952554
0.06713211510 -0.00126924927 0.25734577158 0.91632752705 0.00000000000 0.00000000000 0.00000000000 0.00000000000 0.00000000000 0.00000000000 0.25734890158
0.06712381667 -0.00126461691 0.25734517056 0.91625149252 0.00000000000 0.00000000000 0.00000000000 0.00000000000 0.00000000000 0.00000000000 0.25734827776
0.06711552031 -0.00125998571 0.25734456960 0.91634274848 0.00000000000 0.00000000000 0.00000000000 0.00000000000 0.00000000000 0.00000000000 0.25734765409
0.06710722641 -0.00125535589 0.25734396873 0.91627868725 0.00000000000 0.00000000000 0.00000000000 0.00000000000 0.00000000000 0.00000000000 0.25734703061
0.06709893530 -0.00125072761 0.25734336799 0.91635749693 0.00000000000 0.00000000000 0.00000000000 0.00000000000 0.00000000000 0.00000000000 0.25734640733
0.06709064727 -0.00124610106 0.25734276738 0.91634428536 0.00000000000 0.00000000000 0.00000000000 0.00000000000 0.00000000000 0.00000000000 0.25734578429
0.06708236245 -0.00124147630 0.25734216693 0.91637220761 0.00000000000 0.00000000000 0.00000000000 0.00000000000 0.00000000000 0.00000000000 0.25734516149
0.06707408090 -0.00123685336 0.25734156662 0.91642205802 0.00000000000 0.00000000000 0.00000000000 0.00000000000 0.00000000000 0.00000000000 0.25734453893
0.06706580246 -0.00123223216 0.25734096646 0.91638509507 0.00000000000 0.00000000000 0.00000000000 0.00000000000 0.00000000000 0.00000000000 0.25734391661
0.06705752693 -0.00122761258 0.25734036643 0.91644719474 0.00000000000 0.00000000000 0.00000000000 0.00000000000 0.00000000000 0.00000000000 0.25734329451
0.06704925406 -0.00122299449 0.25733976651 0.91639474438 0.00000000000 0.00000000000 0.00000000000 0.00000000000 0.00000000000 0.00000000000 0.25734267261
0.06704098358 -0.00121837773 0.25733916668 0.91646788761 0.00000000000 0.00000000000 0.00000000000 0.00000000000 0.00000000000 0.00000000000 0.25734205088
0.06703271517 -0.00121376213 0.25733856692 0.91640169470 0.00000000000 0.00000000000 0.00000000000 0.00000000000 0.00000000000 0.00000000000 0.25734142932
0.06702444852 -0.00120914750 0.25733796720 0.91647123421 0.00000000000 0.00000000000 0.00000000000 0.00000000000 0.00000000000 0.00000000000 0.25734080788
0.06701618331 -0.00120453369 0.25733736751 0.91640738653 0.00000000000 0.00000000000 0.00000000000 0.00000000000 0.00000000000 0.00000000000 0.25734018655
0.06700791925 -0.00119992051 0.25733676781 0.91646296862 0.00000000000 0.00000000000 0.00000000000 0.00000000000 0.00000000000 0.00000000000 0.25733956531
0.06699965608 -0.00119530783 0.25733616810 0.91641604435 0.00000000000 0.00000000000 0.00000000000 0.00000000000 0.00000000000 0.00000000000 0.25733894414
0.06699139358 -0.00119069552 0.25733556835 0.91646180335 0.00000000000 0.00000000000 0.00000000000 0.00000000000 0.00000000000 0.00000000000 0.25733832302
0.06698313153 -0.00118608347 0.25733496855 0.91642556255 0.00000000000 0.00000000000 0.00000000000 0.00000000000 0.00000000000 0.00000000000 0.25733770193
0.06697486975 -0.00118147156 0.25733436869 0.91647227193 0.00000000000 0.00000000000 0.00000000000 0.00000000000 0.00000000000 0.00000000000 0.25733708086
0.06696660804 -0.00117685970 0.25733376875 0.91643723831 0.00000000000 0.00000000000 0.00000000000 0.00000000000 0.00000000000 0.00000000000 0.25733645980
0.06695834621 -0.00117224776 0.25733316873 0.91648597378 0.00000000000 0.00000000000 0.00000000000 0.00000000000 0.00000000000 0.00000000000 0.25733583872
0.06695008406 -0.00116763565 0.25733256859 0.91644928614 0.00000000000 0.00000000000 0.00000000000 0.00000000000 0.00000000000 0.00000000000 0.25733521763
0.06694182139 -0.00116302325 0.25733196834 0.91649542047 0.00000000000 0.00000000000 0.00000000000 0.00000000000 0.00000000000 0.00000000000 0.25733459649
0.06693355801 -0.00115841044 0.25733136795 0.91646038647 0.00000000000 0.00000000000 0.00000000000 0.00000000000 0.00000000000 0.00000000000 0.25733397530
0.06692529371 -0.00115379713 0.25733076741 0.91650002578 0.00000000000 0.00000000000 0.00000000000 0.00000000000 0.00000000000 0.00000000000 0.25733335404
0.06691702834 -0.00114918322 0.25733016671 0.91647050418 0.00000000000 0.00000000000 0.00000000000 0.00000000000 0.00000000000 0.00000000000 0.25733273270
0.06690876173 -0.00114456862 0.25732956584 0.91649730249 0.00000000000 0.00000000000 0.00000000000 0.00000000000 0.00000000000 0.00000000000 0.25733211127
0.06690049377 -0.00113995326 0.25732896478 0.91647996055 0.00000000000 0.00000000000 0.00000000000 0.00000000000 0.00000000000 0.00000000000 0.25733148974
0.06689222438 -0.00113533710 0.25732836354 0.91646724383 0.00000000000 0.00000000000 0.00000000000 0.00000000000 0.00000000000 0.00000000000 0.25733086810
0.06688395360 -0.00113072017 0.25732776212 0.91649575415 0.00000000000 0.00000000000 0.00000000000 0.00000000000 0.00000000000 0.00000000000 0.25733024635
0.06687568157 -0.00112610253 0.25732716053 0.91644920525 0.00000000000 0.00000000000 0.00000000000 0.00000000000 0.00000000000 0.00000000000 0.25732962451
0.06686740856 -0.00112148435 0.25732655877 0.91653333246 0.00000000000 0.00000000000 0.00000000000 0.00000000000 0.00000000000 0.00000000000 0.25732900260
0.06685913491 -0.00111686582 0.25732595689 0.91643545112 0.00000000000 0.00000000000 0.00000000000 0.00000000000 0.00000000000 0.00000000000 0.25732838064
0.06685086122 -0.00111224726 0.25732535493 0.91659956757 0.00000000000 0.00000000000 0.00000000000 0.00000000000 0.00000000000 0.00000000000 0.25732775867
0.06684258815 -0.00110762905 0.25732475293 0.91642110339 0.00000000000 0.00000000000 0.00000000000 0.00000000000 0.00000000000 0.00000000000 0.25732713675
0.06683431671 -0.00110301174 0.25732415096 0.91668208964 0.00000000000 0.00000000000 0.00000000000 0.00000000000 0.00000000000 0.00000000000 0.25732651496
0.06682604801 -0.00109839597 0.25732354911 0.91642227145 0.00000000000 0.00000000000 0.00000000000 0.00000000000 0.00000000000 0.00000000000 0.25732589337
0.06681778339 -0.00109378247 0.25732294747 0.91672949959 0.00000000000 0.00000000000 0.00000000000 0.00000000000 0.00000000000 0.00000000000 0.25732527209
0.06680952422 -0.00108917201 0.25732234615 0.91646287754 0.00000000000 0.00000000000 0.00000000000 0.00000000000 0.00000000000 0.00000000000 0.25732465121
0.06680127179 -0.00108456532 0.25732174523 0.91668441057 0.00000000000 0.00000000000 0.00000000000 0.00000000000 0.00000000000 0.00000000000 0.25732403085
0.06679302723 -0.00107996302 0.25732114481 0.91655090770 0.00000000000 0.00000000000 0.00000000000 0.00000000000 0.00000000000 0.00000000000 0.25732341107
0.06678479107 -0.00107536541 0.25732054492 0.91652842964 0.00000000000 0.00000000000 0.00000000000 0.00000000000 0.00000000000 0.00000000000 0.25732279193
0.06677656349 -0.00107077258 0.25731994557 0.91666761118 0.00000000000 0.00000000000 0.00000000000 0.00000000000 0.00000000000 0.00000000000 0.25732217343
0.06676834366 -0.00106618409 0.25731934670 0.91633311591 0.00000000000 0.00000000000 0.00000000000 0.00000000000 0.00000000000 0.00000000000 0.25732155552
0.06676013031 -0.00106159921 0.25731874822 0.91677466791 0.00000000000 0.00000000000 0.00000000000 0.00000000000 0.00000000000 0.00000000000 0.25732093809
0.06675192116 -0.00105701667 0.25731814997 0.91621650646 0.00000000000 0.00000000000 0.00000000000 0.00000000000 0.00000000000 0.00000000000 0.25732032098
0.06674371357 -0.00105243501 0.25731755175 0.91682592594 0.00000000000 0.00000000000 0.00000000000 0.00000000000 0.00000000000 0.00000000000 0.25731970398
0.06673550435 -0.00104785243 0.25731695333 0.91623682644 0.00000000000 0.00000000000 0.00000000000 0.00000000000 0.00000000000 0.00000000000 0.25731908686
0.06672729018 -0.00104326709 0.25731635446 0.91682331619 0.00000000000 0.00000000000 0.00000000000 0.00000000000 0.00000000000 0.00000000000 0.25731846937
0.06671906781 -0.00103867718 0.25731575492 0.91635998427 0.00000000000 0.00000000000 0.00000000000 0.00000000000 0.00000000000 0.00000000000 0.25731785127
0.06671083415 -0.00103408096 0.25731515447 0.91676262872 0.00000000000 0.00000000000 0.00000000000 0.00000000000 0.00000000000 0.00000000000 0.25731723231
0.06670258666 -0.00102947702 0.25731455293 0.91649348605 0.00000000000 0.00000000000 0.00000000000 0.00000000000 0.00000000000 0.00000000000 0.25731661232
0.06669432311 -0.00102486411 0.25731395014 0.91675564925 0.00000000000 0.00000000000 0.00000000000 0.00000000000 0.00000000000 0.00000000000 0.25731599111
0.06668604175 -0.00102024127 0.25731334597 0.91657039275 0.00000000000 0.00000000000 0.00000000000 0.00000000000 0.00000000000 0.00000000000 0.25731536857
0.06667774112 -0.00101560766 0.25731274030 0.91663301272 0.00000000000 0.00000000000 0.00000000000 0.00000000000 0.00000000000 0.00000000000 0.25731474458
0.06666942047 -0.00101096288 0.25731213309 0.91662192612 0.00000000000 0.00000000000 0.00000000000 0.00000000000 0.00000000000 0.00000000000 0.25731411909
0.06666107951 -0.00100630676 0.25731152432 0.91647932768 0.00000000000 0.00000000000 0.00000000000 0.00000000000 0.00000000000 0.00000000000 0.25731349207
0.06665271893 -0.00100163969 0.25731091403 0.91676584469 0.00000000000 0.00000000000 0.00000000000 0.00000000000 0.00000000000 0.00000000000 0.25731286357
0.06664434002 -0.00099696238 0.25731030231 0.98319953546 0.00000000000 0.00000000000 0.00000000000 0.00000000000 0.00000000000 0.00000000000 0.25731223370
0.06663594501 -0.00099227609 0.25730968933 1.06057324589 0.00000000000 0.00000000000 0.00000000000 0.00000000000 0.00000000000 0.00000000000 0.25731160261
0.06662753717 -0.00098758264 0.25730907532 0.90653328249 0.00000000000 0.00000000000 0.00000000000 0.00000000000 0.00000000000 0.00000000000 0.25731097054
0.06661912306 -0.00098288568 0.25730846076 0.72720417115 0.00000000000 0.00000000000 0.00000000000 0.00000000000 0.00000000000 0.00000000000 0.25731033800
0.06661071018 -0.00097818941 0.25730784622 0.72410655664 0.00000000000 0.00000000000 0.00000000000 0.00000000000 0.00000000000 0.00000000000 0.25730970557
0.06660230460 -0.00097349722 0.25730723215 0.73771594874 0.00000000000 0.00000000000 0.00000000000 0.00000000000 0.00000000000 0.00000000000 0.25730907371
0.06659391196 -0.00096881225 0.25730661896 0.75341620693 0.00000000000 0.00000000000 0.00000000000 0.00000000000 0.00000000000 0.00000000000 0.25730844284
0.06658553791 -0.00096413766 0.25730600705 0.77132165882 0.00000000000 0.00000000000 0.00000000000 0.00000000000 0.00000000000 0.00000000000 0.25730781338
