VARIABLES=
"CoordinateX"
"CoordinateY"
"CoordinateZ"
"Kappa1"
"Kappa2"
"dy"
"dz"
"d2x"
"d2y"
"d2z"
"R"
ZONE T="Konrollpunkte"
I=101, J=1, K=1
0.06621717706 -0.00102610302 0.25727807611 0.00000000000 0.00000000000 0.00000000000 0.00000000000 0.00000000000 0.00000000000 0.00000000000 0.00000000000
0.06620361810 -0.00104128976 0.25727699581 0.00000000000 0.00000000000 0.00000000000 0.00000000000 0.00000000000 0.00000000000 0.00000000000 0.00000000000
0.06618324090 -0.00106403506 0.25727537090 0.00000000000 0.00000000000 0.00000000000 0.00000000000 0.00000000000 0.00000000000 0.00000000000 0.00000000000
0.06615599349 -0.00109429177 0.25727319568 0.00000000000 0.00000000000 0.00000000000 0.00000000000 0.00000000000 0.00000000000 0.00000000000 0.00000000000
0.06613551896 -0.00111694893 0.25727155915 0.00000000000 0.00000000000 0.00000000000 0.00000000000 0.00000000000 0.00000000000 0.00000000000 0.00000000000
0.06611500538 -0.00113957053 0.25726991784 0.00000000000 0.00000000000 0.00000000000 0.00000000000 0.00000000000 0.00000000000 0.00000000000 0.00000000000
0.06609445269 -0.00116215639 0.25726827177 0.00000000000 0.00000000000 0.00000000000 0.00000000000 0.00000000000 0.00000000000 0.00000000000 0.00000000000
0.06607386084 -0.00118470635 0.25726662093 0.00000000000 0.00000000000 0.00000000000 0.00000000000 0.00000000000 0.00000000000 0.00000000000 0.00000000000
0.06605322976 -0.00120722022 0.25726496534 0.00000000000 0.00000000000 0.00000000000 0.00000000000 0.00000000000 0.00000000000 0.00000000000 0.00000000000
0.06603255941 -0.00122969783 0.25726330500 0.00000000000 0.00000000000 0.00000000000 0.00000000000 0.00000000000 0.00000000000 0.00000000000 0.00000000000
0.06601184974 -0.00125213901 0.25726163991 0.00000000000 0.00000000000 0.00000000000 0.00000000000 0.00000000000 0.00000000000 0.00000000000 0.00000000000
0.06599110070 -0.00127454358 0.25725997008 0.00000000000 0.00000000000 0.00000000000 0.00000000000 0.00000000000 0.00000000000 0.00000000000 0.00000000000
0.06597031227 -0.00129691138 0.25725829553 0.00000000000 0.00000000000 0.00000000000 0.00000000000 0.00000000000 0.00000000000 0.00000000000 0.00000000000
0.06594948439 -0.00131924224 0.25725661625 0.00000000000 0.00000000000 0.00000000000 0.00000000000 0.00000000000 0.00000000000 0.00000000000 0.00000000000
0.06592861702 -0.00134153596 0.25725493226 0.00000000000 0.00000000000 0.00000000000 0.00000000000 0.00000000000 0.00000000000 0.00000000000 0.00000000000
0.06590771014 -0.00136379240 0.25725324357 0.00000000000 0.00000000000 0.00000000000 0.00000000000 0.00000000000 0.00000000000 0.00000000000 0.00000000000
0.06588676371 -0.00138601138 0.25725155017 0.00000000000 0.00000000000 0.00000000000 0.00000000000 0.00000000000 0.00000000000 0.00000000000 0.00000000000
0.06586577768 -0.00140819273 0.25724985209 0.00000000000 0.00000000000 0.00000000000 0.00000000000 0.00000000000 0.00000000000 0.00000000000 0.00000000000
0.06584475204 -0.00143033631 0.25724814932 0.00000000000 0.00000000000 0.00000000000 0.00000000000 0.00000000000 0.00000000000 0.00000000000 0.00000000000
0.06582368674 -0.00145244196 0.25724644187 0.00000000000 0.00000000000 0.00000000000 0.00000000000 0.00000000000 0.00000000000 0.00000000000 0.00000000000
0.06580258176 -0.00147450953 0.25724472976 0.00000000000 0.00000000000 0.00000000000 0.00000000000 0.00000000000 0.00000000000 0.00000000000 0.00000000000
0.06578143708 -0.00149653886 0.25724301300 0.00000000000 0.00000000000 0.00000000000 0.00000000000 0.00000000000 0.00000000000 0.00000000000 0.00000000000
0.06576025268 -0.00151852976 0.25724129159 0.00000000000 0.00000000000 0.00000000000 0.00000000000 0.00000000000 0.00000000000 0.00000000000 0.00000000000
0.06573902856 -0.00154048208 0.25723956554 0.00000000000 0.00000000000 0.00000000000 0.00000000000 0.00000000000 0.00000000000 0.00000000000 0.00000000000
0.06571776469 -0.00156239566 0.25723783486 0.00000000000 0.00000000000 0.00000000000 0.00000000000 0.00000000000 0.00000000000 0.00000000000 0.00000000000
0.06569646105 -0.00158427032 0.25723609956 0.00000000000 0.00000000000 0.00000000000 0.00000000000 0.00000000000 0.00000000000 0.00000000000 0.00000000000
0.06567511760 -0.00160610593 0.25723435966 0.00000000000 0.00000000000 0.00000000000 0.00000000000 0.00000000000 0.00000000000 0.00000000000 0.00000000000
0.06565373433 -0.00162790231 0.25723261515 0.00000000000 0.00000000000 0.00000000000 0.00000000000 0.00000000000 0.00000000000 0.00000000000 0.00000000000
0.06563231122 -0.00164965932 0.25723086605 0.00000000000 0.00000000000 0.00000000000 0.00000000000 0.00000000000 0.00000000000 0.00000000000 0.00000000000
0.06561084825 -0.00167137677 0.25722911237 0.00000000000 0.00000000000 0.00000000000 0.00000000000 0.00000000000 0.00000000000 0.00000000000 0.00000000000
0.06558934540 -0.00169305451 0.25722735412 0.00000000000 0.00000000000 0.00000000000 0.00000000000 0.00000000000 0.00000000000 0.00000000000 0.00000000000
0.06556780265 -0.00171469236 0.25722559130 0.00000000000 0.00000000000 0.00000000000 0.00000000000 0.00000000000 0.00000000000 0.00000000000 0.00000000000
0.06554621999 -0.00173629017 0.25722382394 0.00000000000 0.00000000000 0.00000000000 0.00000000000 0.00000000000 0.00000000000 0.00000000000 0.00000000000
0.06552459740 -0.00175784776 0.25722205203 0.00000000000 0.00000000000 0.00000000000 0.00000000000 0.00000000000 0.00000000000 0.00000000000 0.00000000000
0.06550293487 -0.00177936497 0.25722027559 0.00000000000 0.00000000000 0.00000000000 0.00000000000 0.00000000000 0.00000000000 0.00000000000 0.00000000000
0.06548123238 -0.00180084163 0.25721849462 0.00000000000 0.00000000000 0.00000000000 0.00000000000 0.00000000000 0.00000000000 0.00000000000 0.00000000000
0.06545948992 -0.00182227757 0.25721670915 0.00000000000 0.00000000000 0.00000000000 0.00000000000 0.00000000000 0.00000000000 0.00000000000 0.00000000000
0.06543770747 -0.00184367263 0.25721491917 0.00000000000 0.00000000000 0.00000000000 0.00000000000 0.00000000000 0.00000000000 0.00000000000 0.00000000000
0.06541588500 -0.00186502665 0.25721312471 0.00000000000 0.00000000000 0.00000000000 0.00000000000 0.00000000000 0.00000000000 0.00000000000 0.00000000000
0.06539402251 -0.00188633947 0.25721132576 0.00000000000 0.00000000000 0.00000000000 0.00000000000 0.00000000000 0.00000000000 0.00000000000 0.00000000000
0.06537211998 -0.00190761090 0.25720952233 0.00000000000 0.00000000000 0.00000000000 0.00000000000 0.00000000000 0.00000000000 0.00000000000 0.00000000000
0.06535017741 -0.00192884079 0.25720771445 0.00000000000 0.00000000000 0.00000000000 0.00000000000 0.00000000000 0.00000000000 0.00000000000 0.00000000000
0.06532819479 -0.00195002896 0.25720590212 0.00000000000 0.00000000000 0.00000000000 0.00000000000 0.00000000000 0.00000000000 0.00000000000 0.00000000000
0.06530617212 -0.00197117524 0.25720408536 0.00000000000 0.00000000000 0.00000000000 0.00000000000 0.00000000000 0.00000000000 0.00000000000 0.00000000000
0.06528410939 -0.00199227947 0.25720226416 0.00000000000 0.00000000000 0.00000000000 0.00000000000 0.00000000000 0.00000000000 0.00000000000 0.00000000000
0.06526200661 -0.00201334150 0.25720043856 0.00000000000 0.00000000000 0.00000000000 0.00000000000 0.00000000000 0.00000000000 0.00000000000 0.00000000000
0.06523986379 -0.00203436118 0.25719860855 0.00000000000 0.00000000000 0.00000000000 0.00000000000 0.00000000000 0.00000000000 0.00000000000 0.00000000000
0.06521768095 -0.00205533837 0.25719677415 0.00000000000 0.00000000000 0.00000000000 0.00000000000 0.00000000000 0.00000000000 0.00000000000 0.00000000000
0.06519545809 -0.00207627291 0.25719493537 0.00000000000 0.00000000000 0.00000000000 0.00000000000 0.00000000000 0.00000000000 0.00000000000 0.00000000000
0.06517319525 -0.00209716467 0.25719309223 0.00000000000 0.00000000000 0.00000000000 0.00000000000 0.00000000000 0.00000000000 0.00000000000 0.00000000000
0.06515089245 -0.00211801349 0.25719124474 0.00000000000 0.00000000000 0.00000000000 0.00000000000 0.00000000000 0.00000000000 0.00000000000 0.00000000000
0.06512854970 -0.00213881924 0.25718939291 0.00000000000 0.00000000000 0.00000000000 0.00000000000 0.00000000000 0.00000000000 0.00000000000 0.00000000000
0.06510616702 -0.00215958177 0.25718753676 0.00000000000 0.00000000000 0.00000000000 0.00000000000 0.00000000000 0.00000000000 0.00000000000 0.00000000000
0.06508374444 -0.00218030094 0.25718567630 0.00000000000 0.00000000000 0.00000000000 0.00000000000 0.00000000000 0.00000000000 0.00000000000 0.00000000000
0.06506128198 -0.00220097663 0.25718381154 0.00000000000 0.00000000000 0.00000000000 0.00000000000 0.00000000000 0.00000000000 0.00000000000 0.00000000000
0.06503877969 -0.00222160870 0.25718194250 0.00000000000 0.00000000000 0.00000000000 0.00000000000 0.00000000000 0.00000000000 0.00000000000 0.00000000000
0.06501623760 -0.00224219703 0.25718006919 0.00000000000 0.00000000000 0.00000000000 0.00000000000 0.00000000000 0.00000000000 0.00000000000 0.00000000000
0.06499365575 -0.00226274148 0.25717819163 0.00000000000 0.00000000000 0.00000000000 0.00000000000 0.00000000000 0.00000000000 0.00000000000 0.00000000000
0.06497103419 -0.00228324193 0.25717630982 0.00000000000 0.00000000000 0.00000000000 0.00000000000 0.00000000000 0.00000000000 0.00000000000 0.00000000000
0.06494837296 -0.00230369826 0.25717442380 0.00000000000 0.00000000000 0.00000000000 0.00000000000 0.00000000000 0.00000000000 0.00000000000 0.00000000000
0.06492567211 -0.00232411034 0.25717253357 0.00000000000 0.00000000000 0.00000000000 0.00000000000 0.00000000000 0.00000000000 0.00000000000 0.00000000000
0.06490293169 -0.00234447804 0.25717063914 0.00000000000 0.00000000000 0.00000000000 0.00000000000 0.00000000000 0.00000000000 0.00000000000 0.00000000000
0.06488015172 -0.00236480124 0.25716874053 0.00000000000 0.00000000000 0.00000000000 0.00000000000 0.00000000000 0.00000000000 0.00000000000 0.00000000000
0.06485733226 -0.00238507983 0.25716683776 0.00000000000 0.00000000000 0.00000000000 0.00000000000 0.00000000000 0.00000000000 0.00000000000 0.00000000000
0.06483447334 -0.00240531367 0.25716493084 0.00000000000 0.00000000000 0.00000000000 0.00000000000 0.00000000000 0.00000000000 0.00000000000 0.00000000000
0.06481157501 -0.00242550264 0.25716301979 0.00000000000 0.00000000000 0.00000000000 0.00000000000 0.00000000000 0.00000000000 0.00000000000 0.00000000000
0.06478863730 -0.00244564663 0.25716110461 0.00000000000 0.00000000000 0.00000000000 0.00000000000 0.00000000000 0.00000000000 0.00000000000 0.00000000000
0.06476566026 -0.00246574548 0.25715918534 0.00000000000 0.00000000000 0.00000000000 0.00000000000 0.00000000000 0.00000000000 0.00000000000 0.00000000000
0.06474264396 -0.00248579909 0.25715726197 0.00000000000 0.00000000000 0.00000000000 0.00000000000 0.00000000000 0.00000000000 0.00000000000 0.00000000000
0.06471958843 -0.00250580730 0.25715533453 0.00000000000 0.00000000000 0.00000000000 0.00000000000 0.00000000000 0.00000000000 0.00000000000 0.00000000000
0.06469649373 -0.00252576999 0.25715340303 0.00000000000 0.00000000000 0.00000000000 0.00000000000 0.00000000000 0.00000000000 0.00000000000 0.00000000000
0.06467335989 -0.00254568704 0.25715146749 0.00000000000 0.00000000000 0.00000000000 0.00000000000 0.00000000000 0.00000000000 0.00000000000 0.00000000000
0.06465018696 -0.00256555832 0.25714952792 0.00000000000 0.00000000000 0.00000000000 0.00000000000 0.00000000000 0.00000000000 0.00000000000 0.00000000000
0.06462697498 -0.00258538370 0.25714758434 0.00000000000 0.00000000000 0.00000000000 0.00000000000 0.00000000000 0.00000000000 0.00000000000 0.00000000000
0.06460372398 -0.00260516307 0.25714563676 0.00000000000 0.00000000000 0.00000000000 0.00000000000 0.00000000000 0.00000000000 0.00000000000 0.00000000000
0.06458042089 -0.00262489628 0.25714387427 0.00000000000 0.00000000000 0.00000000000 0.00000000000 0.00000000000 0.00000000000 0.00000000000 0.00000000000
0.06455707341 -0.00264458321 0.25714218662 0.00000000000 0.00000000000 0.00000000000 0.00000000000 0.00000000000 0.00000000000 0.00000000000 0.00000000000
0.06453368703 -0.00266422371 0.25714049546 0.00000000000 0.00000000000 0.00000000000 0.00000000000 0.00000000000 0.00000000000 0.00000000000 0.00000000000
0.06451026180 -0.00268381766 0.25713880081 0.00000000000 0.00000000000 0.00000000000 0.00000000000 0.00000000000 0.00000000000 0.00000000000 0.00000000000
0.06448679778 -0.00270336491 0.25713710269 0.00000000000 0.00000000000 0.00000000000 0.00000000000 0.00000000000 0.00000000000 0.00000000000 0.00000000000
0.06446329502 -0.00272286532 0.25713540111 0.00000000000 0.00000000000 0.00000000000 0.00000000000 0.00000000000 0.00000000000 0.00000000000 0.00000000000
0.06443975354 -0.00274231877 0.25713369608 0.00000000000 0.00000000000 0.00000000000 0.00000000000 0.00000000000 0.00000000000 0.00000000000 0.00000000000
0.06441617341 -0.00276172513 0.25713198763 0.00000000000 0.00000000000 0.00000000000 0.00000000000 0.00000000000 0.00000000000 0.00000000000 0.00000000000
0.06439255464 -0.00278108427 0.25713027576 0.00000000000 0.00000000000 0.00000000000 0.00000000000 0.00000000000 0.00000000000 0.00000000000 0.00000000000
0.06436889730 -0.00280039605 0.25712856049 0.00000000000 0.00000000000 0.00000000000 0.00000000000 0.00000000000 0.00000000000 0.00000000000 0.00000000000
0.06434520141 -0.00281966034 0.25712684184 0.00000000000 0.00000000000 0.00000000000 0.00000000000 0.00000000000 0.00000000000 0.00000000000 0.00000000000
0.06432146704 -0.00283887700 0.25712511981 0.00000000000 0.00000000000 0.00000000000 0.00000000000 0.00000000000 0.00000000000 0.00000000000 0.00000000000
0.06429769423 -0.00285804587 0.25712339444 0.00000000000 0.00000000000 0.00000000000 0.00000000000 0.00000000000 0.00000000000 0.00000000000 0.00000000000
0.06427388303 -0.00287716684 0.25712166572 0.00000000000 0.00000000000 0.00000000000 0.00000000000 0.00000000000 0.00000000000 0.00000000000 0.00000000000
0.06425003349 -0.00289623974 0.25711993368 0.00000000000 0.00000000000 0.00000000000 0.00000000000 0.00000000000 0.00000000000 0.00000000000 0.00000000000
0.06422614565 -0.00291526444 0.25711819833 0.00000000000 0.00000000000 0.00000000000 0.00000000000 0.00000000000 0.00000000000 0.00000000000 0.00000000000
0.06420221957 -0.00293424081 0.25711645969 0.00000000000 0.00000000000 0.00000000000 0.00000000000 0.00000000000 0.00000000000 0.00000000000 0.00000000000
0.06417825529 -0.00295316870 0.25711471777 0.00000000000 0.00000000000 0.00000000000 0.00000000000 0.00000000000 0.00000000000 0.00000000000 0.00000000000
0.06415425284 -0.00297204798 0.25711297259 0.00000000000 0.00000000000 0.00000000000 0.00000000000 0.00000000000 0.00000000000 0.00000000000 0.00000000000
0.06413021227 -0.00299087851 0.25711122416 0.00000000000 0.00000000000 0.00000000000 0.00000000000 0.00000000000 0.00000000000 0.00000000000 0.00000000000
0.06410613316 -0.00300966051 0.25710947246 0.00000000000 0.00000000000 0.00000000000 0.00000000000 0.00000000000 0.00000000000 0.00000000000 0.00000000000
0.06408201495 -0.00302839430 0.25710771747 0.00000000000 0.00000000000 0.00000000000 0.00000000000 0.00000000000 0.00000000000 0.00000000000 0.00000000000
0.06405785352 -0.00304708294 0.25710595889 0.00000000000 0.00000000000 0.00000000000 0.00000000000 0.00000000000 0.00000000000 0.00000000000 0.00000000000
0.06402557130 -0.00307194796 0.25710360838 0.00000000000 0.00000000000 0.00000000000 0.00000000000 0.00000000000 0.00000000000 0.00000000000 0.00000000000
0.06400129880 -0.00309052536 0.25710184090 0.00000000000 0.00000000000 0.00000000000 0.00000000000 0.00000000000 0.00000000000 0.00000000000 0.00000000000
0.06398508726 -0.00310288059 0.25710066029 0.00000000000 0.00000000000 0.00000000000 0.00000000000 0.00000000000 0.00000000000 0.00000000000 0.00000000000
ZONE T="NURB"
I=201, J=1, K=1
0.06621717706 -0.00102610302 0.25727807611 55.90961790051 0.00000000000 0.00000000000 0.00000000000 0.00000000000 0.00000000000 0.00000000000 0.25728012231
0.06620700284 -0.00103748889 0.25727726532 56.00156728463 0.00000000000 0.00000000000 0.00000000000 0.00000000000 0.00000000000 0.00000000000 0.25727935718
0.06619681892 -0.00104886604 0.25727645342 56.09359084325 0.00000000000 0.00000000000 0.00000000000 0.00000000000 0.00000000000 0.00000000000 0.25727859142
0.06618662529 -0.00106023444 0.25727564042 56.18568788256 0.00000000000 0.00000000000 0.00000000000 0.00000000000 0.00000000000 0.00000000000 0.25727782502
0.06617642195 -0.00107159406 0.25727482632 56.27786002118 0.00000000000 0.00000000000 0.00000000000 0.00000000000 0.00000000000 0.00000000000 0.25727705800
0.06616620888 -0.00108294489 0.25727401113 56.40933455201 0.00000000000 0.00000000000 0.00000000000 0.00000000000 0.00000000000 0.00000000000 0.25727629034
0.06615598607 -0.00109428690 0.25727319475 56.54367964611 0.00000000000 0.00000000000 0.00000000000 0.00000000000 0.00000000000 0.00000000000 0.25727552196
0.06614575352 -0.00110562006 0.25727237712 56.62052339758 0.00000000000 0.00000000000 0.00000000000 0.00000000000 0.00000000000 0.00000000000 0.25727475279
0.06613551122 -0.00111694436 0.25727155825 56.69805107812 0.00000000000 0.00000000000 0.00000000000 0.00000000000 0.00000000000 0.00000000000 0.25727398285
0.06612525915 -0.00112825977 0.25727073819 56.78596855128 0.00000000000 0.00000000000 0.00000000000 0.00000000000 0.00000000000 0.00000000000 0.25727321216
0.06611499732 -0.00113956627 0.25726991693 56.87392707490 0.00000000000 0.00000000000 0.00000000000 0.00000000000 0.00000000000 0.00000000000 0.25727244074
0.06610472570 -0.00115086384 0.25726909447 56.95910432298 0.00000000000 0.00000000000 0.00000000000 0.00000000000 0.00000000000 0.00000000000 0.25727166859
0.06609444431 -0.00116215245 0.25726827083 57.04432464327 0.00000000000 0.00000000000 0.00000000000 0.00000000000 0.00000000000 0.00000000000 0.25727089570
0.06608415312 -0.00117343208 0.25726744599 57.12941091013 0.00000000000 0.00000000000 0.00000000000 0.00000000000 0.00000000000 0.00000000000 0.25727012207
0.06607385213 -0.00118470271 0.25726661997 57.21453989208 0.00000000000 0.00000000000 0.00000000000 0.00000000000 0.00000000000 0.00000000000 0.25726934771
0.06606354133 -0.00119596432 0.25726579275 57.29582109073 0.00000000000 0.00000000000 0.00000000000 0.00000000000 0.00000000000 0.00000000000 0.25726857261
0.06605322072 -0.00120721688 0.25726496435 57.37714573379 0.00000000000 0.00000000000 0.00000000000 0.00000000000 0.00000000000 0.00000000000 0.25726779677
0.06604289030 -0.00121846038 0.25726413476 57.45604046382 0.00000000000 0.00000000000 0.00000000000 0.00000000000 0.00000000000 0.00000000000 0.25726702019
0.06603255005 -0.00122969480 0.25726330398 57.53498095393 0.00000000000 0.00000000000 0.00000000000 0.00000000000 0.00000000000 0.00000000000 0.25726624288
0.06602219997 -0.00124092010 0.25726247202 57.61382282092 0.00000000000 0.00000000000 0.00000000000 0.00000000000 0.00000000000 0.00000000000 0.25726546482
0.06601184006 -0.00125213628 0.25726163887 57.69271290949 0.00000000000 0.00000000000 0.00000000000 0.00000000000 0.00000000000 0.00000000000 0.25726468603
0.06600147030 -0.00126334330 0.25726080454 57.77137664961 0.00000000000 0.00000000000 0.00000000000 0.00000000000 0.00000000000 0.00000000000 0.25726390650
0.06599109070 -0.00127454116 0.25725996902 57.85009023479 0.00000000000 0.00000000000 0.00000000000 0.00000000000 0.00000000000 0.00000000000 0.25726312622
0.06598070125 -0.00128572981 0.25725913232 57.92879838805 0.00000000000 0.00000000000 0.00000000000 0.00000000000 0.00000000000 0.00000000000 0.25726234521
0.06597030194 -0.00129690926 0.25725829444 58.00755587034 0.00000000000 0.00000000000 0.00000000000 0.00000000000 0.00000000000 0.00000000000 0.25726156346
0.06595989277 -0.00130807946 0.25725745538 58.08567253586 0.00000000000 0.00000000000 0.00000000000 0.00000000000 0.00000000000 0.00000000000 0.25726078096
0.06594947373 -0.00131924041 0.25725661514 58.16383689868 0.00000000000 0.00000000000 0.00000000000 0.00000000000 0.00000000000 0.00000000000 0.25725999772
0.06593904482 -0.00133039208 0.25725577372 58.23879377858 0.00000000000 0.00000000000 0.00000000000 0.00000000000 0.00000000000 0.00000000000 0.25725921374
0.06592860604 -0.00134153444 0.25725493112 58.31379953566 0.00000000000 0.00000000000 0.00000000000 0.00000000000 0.00000000000 0.00000000000 0.25725842902
0.06591815737 -0.00135266749 0.25725408735 58.38634872736 0.00000000000 0.00000000000 0.00000000000 0.00000000000 0.00000000000 0.00000000000 0.25725764356
0.06590769882 -0.00136379119 0.25725324240 58.45894866873 0.00000000000 0.00000000000 0.00000000000 0.00000000000 0.00000000000 0.00000000000 0.25725685735
0.06589723037 -0.00137490552 0.25725239628 58.53208250010 0.00000000000 0.00000000000 0.00000000000 0.00000000000 0.00000000000 0.00000000000 0.25725607040
0.06588675204 -0.00138601047 0.25725154898 58.60526067063 0.00000000000 0.00000000000 0.00000000000 0.00000000000 0.00000000000 0.00000000000 0.25725528270
0.06587626380 -0.00139710602 0.25725070051 58.67484969646 0.00000000000 0.00000000000 0.00000000000 0.00000000000 0.00000000000 0.00000000000 0.25725449426
0.06586576567 -0.00140819214 0.25724985087 58.74447448378 0.00000000000 0.00000000000 0.00000000000 0.00000000000 0.00000000000 0.00000000000 0.25725370508
0.06585525763 -0.00141926882 0.25724900005 58.81169550745 0.00000000000 0.00000000000 0.00000000000 0.00000000000 0.00000000000 0.00000000000 0.25725291515
0.06584473968 -0.00143033604 0.25724814807 58.87894862344 0.00000000000 0.00000000000 0.00000000000 0.00000000000 0.00000000000 0.00000000000 0.25725212448
0.06583421182 -0.00144139377 0.25724729492 58.94618688809 0.00000000000 0.00000000000 0.00000000000 0.00000000000 0.00000000000 0.00000000000 0.25725133306
0.06582367404 -0.00145244200 0.25724644060 59.01346411709 0.00000000000 0.00000000000 0.00000000000 0.00000000000 0.00000000000 0.00000000000 0.25725054089
0.06581312634 -0.00146348070 0.25724558512 59.08060408764 0.00000000000 0.00000000000 0.00000000000 0.00000000000 0.00000000000 0.00000000000 0.25724974798
0.06580256871 -0.00147450987 0.25724472847 59.14780007367 0.00000000000 0.00000000000 0.00000000000 0.00000000000 0.00000000000 0.00000000000 0.25724895433
0.06579200117 -0.00148552947 0.25724387065 59.21487454410 0.00000000000 0.00000000000 0.00000000000 0.00000000000 0.00000000000 0.00000000000 0.25724815993
0.06578142369 -0.00149653949 0.25724301167 59.28201814107 0.00000000000 0.00000000000 0.00000000000 0.00000000000 0.00000000000 0.00000000000 0.25724736478
0.06577083629 -0.00150753990 0.25724215154 59.34946788543 0.00000000000 0.00000000000 0.00000000000 0.00000000000 0.00000000000 0.00000000000 0.25724656888
0.06576023896 -0.00151853069 0.25724129024 59.41698430084 0.00000000000 0.00000000000 0.00000000000 0.00000000000 0.00000000000 0.00000000000 0.25724577224
0.06574963169 -0.00152951184 0.25724042778 59.48471908340 0.00000000000 0.00000000000 0.00000000000 0.00000000000 0.00000000000 0.00000000000 0.25724497486
0.06573901449 -0.00154048331 0.25723956416 59.55250545939 0.00000000000 0.00000000000 0.00000000000 0.00000000000 0.00000000000 0.00000000000 0.25724417672
0.06572838735 -0.00155144510 0.25723869938 59.62018209918 0.00000000000 0.00000000000 0.00000000000 0.00000000000 0.00000000000 0.00000000000 0.25724337784
0.06571775027 -0.00156239719 0.25723783345 59.68789665146 0.00000000000 0.00000000000 0.00000000000 0.00000000000 0.00000000000 0.00000000000 0.25724257821
0.06570710324 -0.00157333955 0.25723696637 59.75547263565 0.00000000000 0.00000000000 0.00000000000 0.00000000000 0.00000000000 0.00000000000 0.25724177784
0.06569644627 -0.00158427216 0.25723609813 59.82308516281 0.00000000000 0.00000000000 0.00000000000 0.00000000000 0.00000000000 0.00000000000 0.25724097671
0.06568577935 -0.00159519501 0.25723522874 59.89077773217 0.00000000000 0.00000000000 0.00000000000 0.00000000000 0.00000000000 0.00000000000 0.25724017484
0.06567510247 -0.00160610807 0.25723435820 59.95851604024 0.00000000000 0.00000000000 0.00000000000 0.00000000000 0.00000000000 0.00000000000 0.25723937222
0.06566441564 -0.00161701133 0.25723348650 60.02650031904 0.00000000000 0.00000000000 0.00000000000 0.00000000000 0.00000000000 0.00000000000 0.25723856885
0.06565371884 -0.00162790476 0.25723261366 60.09453980871 0.00000000000 0.00000000000 0.00000000000 0.00000000000 0.00000000000 0.00000000000 0.25723776473
0.06564301209 -0.00163878834 0.25723173967 60.16279952214 0.00000000000 0.00000000000 0.00000000000 0.00000000000 0.00000000000 0.00000000000 0.25723695987
0.06563229537 -0.00164966206 0.25723086453 60.23111706402 0.00000000000 0.00000000000 0.00000000000 0.00000000000 0.00000000000 0.00000000000 0.25723615425
0.06562156869 -0.00166052588 0.25722998825 60.29950423746 0.00000000000 0.00000000000 0.00000000000 0.00000000000 0.00000000000 0.00000000000 0.25723534789
0.06561083205 -0.00167137980 0.25722911083 60.36794598956 0.00000000000 0.00000000000 0.00000000000 0.00000000000 0.00000000000 0.00000000000 0.25723454077
0.06560008543 -0.00168222379 0.25722823226 60.43632307673 0.00000000000 0.00000000000 0.00000000000 0.00000000000 0.00000000000 0.00000000000 0.25723373291
0.06558932884 -0.00169305783 0.25722735255 60.50475130947 0.00000000000 0.00000000000 0.00000000000 0.00000000000 0.00000000000 0.00000000000 0.25723292430
0.06557856227 -0.00170388190 0.25722647169 60.57307893701 0.00000000000 0.00000000000 0.00000000000 0.00000000000 0.00000000000 0.00000000000 0.25723211494
0.06556778573 -0.00171469598 0.25722558970 60.64145851716 0.00000000000 0.00000000000 0.00000000000 0.00000000000 0.00000000000 0.00000000000 0.25723130482
0.06555699921 -0.00172550005 0.25722470657 60.70972200635 0.00000000000 0.00000000000 0.00000000000 0.00000000000 0.00000000000 0.00000000000 0.25723049396
0.06554620271 -0.00173629408 0.25722382231 60.77804208479 0.00000000000 0.00000000000 0.00000000000 0.00000000000 0.00000000000 0.00000000000 0.25722968235
0.06553539623 -0.00174707806 0.25722293691 60.84637121263 0.00000000000 0.00000000000 0.00000000000 0.00000000000 0.00000000000 0.00000000000 0.25722886998
0.06552457976 -0.00175785196 0.25722205037 60.91476001065 0.00000000000 0.00000000000 0.00000000000 0.00000000000 0.00000000000 0.00000000000 0.25722805687
0.06551375331 -0.00176861577 0.25722116270 60.98337721103 0.00000000000 0.00000000000 0.00000000000 0.00000000000 0.00000000000 0.00000000000 0.25722724301
0.06550291687 -0.00177936946 0.25722027390 61.05205047932 0.00000000000 0.00000000000 0.00000000000 0.00000000000 0.00000000000 0.00000000000 0.25722642839
0.06549207043 -0.00179011302 0.25721938397 61.12036466819 0.00000000000 0.00000000000 0.00000000000 0.00000000000 0.00000000000 0.00000000000 0.25722561302
0.06548121401 -0.00180084641 0.25721849291 61.18872836500 0.00000000000 0.00000000000 0.00000000000 0.00000000000 0.00000000000 0.00000000000 0.25722479691
0.06547034759 -0.00181156963 0.25721760072 61.25709165761 0.00000000000 0.00000000000 0.00000000000 0.00000000000 0.00000000000 0.00000000000 0.25722398004
0.06545947118 -0.00182228264 0.25721670741 61.32549942291 0.00000000000 0.00000000000 0.00000000000 0.00000000000 0.00000000000 0.00000000000 0.25722316242
0.06544858476 -0.00183298544 0.25721581297 61.39364783512 0.00000000000 0.00000000000 0.00000000000 0.00000000000 0.00000000000 0.00000000000 0.25722234404
0.06543768835 -0.00184367800 0.25721491740 61.46184304417 0.00000000000 0.00000000000 0.00000000000 0.00000000000 0.00000000000 0.00000000000 0.25722152492
0.06542678193 -0.00185436029 0.25721402071 61.52996869833 0.00000000000 0.00000000000 0.00000000000 0.00000000000 0.00000000000 0.00000000000 0.25722070505
0.06541586551 -0.00186503230 0.25721312290 61.59814873904 0.00000000000 0.00000000000 0.00000000000 0.00000000000 0.00000000000 0.00000000000 0.25721988442
0.06540493909 -0.00187569401 0.25721222397 61.66673422764 0.00000000000 0.00000000000 0.00000000000 0.00000000000 0.00000000000 0.00000000000 0.25721906304
0.06539400265 -0.00188634540 0.25721132393 61.73537927523 0.00000000000 0.00000000000 0.00000000000 0.00000000000 0.00000000000 0.00000000000 0.25721824091
0.06538305621 -0.00189698644 0.25721042276 61.80335256554 0.00000000000 0.00000000000 0.00000000000 0.00000000000 0.00000000000 0.00000000000 0.25721741802
0.06537209976 -0.00190761711 0.25720952048 61.87138611833 0.00000000000 0.00000000000 0.00000000000 0.00000000000 0.00000000000 0.00000000000 0.25721659438
0.06536113329 -0.00191823740 0.25720861708 61.93728289013 0.00000000000 0.00000000000 0.00000000000 0.00000000000 0.00000000000 0.00000000000 0.25721576999
0.06535015682 -0.00192884727 0.25720771257 62.00323966717 0.00000000000 0.00000000000 0.00000000000 0.00000000000 0.00000000000 0.00000000000 0.25721494485
0.06533917033 -0.00193944672 0.25720680694 62.06775396351 0.00000000000 0.00000000000 0.00000000000 0.00000000000 0.00000000000 0.00000000000 0.25721411896
0.06532817383 -0.00195003571 0.25720590021 62.13232607207 0.00000000000 0.00000000000 0.00000000000 0.00000000000 0.00000000000 0.00000000000 0.25721329231
0.06531716732 -0.00196061424 0.25720499236 62.19576183036 0.00000000000 0.00000000000 0.00000000000 0.00000000000 0.00000000000 0.00000000000 0.25721246491
0.06530615079 -0.00197118227 0.25720408341 62.25924744692 0.00000000000 0.00000000000 0.00000000000 0.00000000000 0.00000000000 0.00000000000 0.25721163676
0.06529512425 -0.00198173979 0.25720317335 62.31737968859 0.00000000000 0.00000000000 0.00000000000 0.00000000000 0.00000000000 0.00000000000 0.25721080785
0.06528408769 -0.00199228678 0.25720226219 62.37555574780 0.00000000000 0.00000000000 0.00000000000 0.00000000000 0.00000000000 0.00000000000 0.25720997819
0.06527304112 -0.00200282322 0.25720134992 62.42498932655 0.00000000000 0.00000000000 0.00000000000 0.00000000000 0.00000000000 0.00000000000 0.25720914778
0.06526198454 -0.00201334909 0.25720043655 62.47448416410 0.00000000000 0.00000000000 0.00000000000 0.00000000000 0.00000000000 0.00000000000 0.25720831661
0.06525091795 -0.00202386437 0.25719952208 62.52811842131 0.00000000000 0.00000000000 0.00000000000 0.00000000000 0.00000000000 0.00000000000 0.25720748470
0.06523984135 -0.00203436905 0.25719860651 62.58180230280 0.00000000000 0.00000000000 0.00000000000 0.00000000000 0.00000000000 0.00000000000 0.25720665203
0.06522875474 -0.00204486310 0.25719768984 62.63052967826 0.00000000000 0.00000000000 0.00000000000 0.00000000000 0.00000000000 0.00000000000 0.25720581861
0.06521765813 -0.00205534651 0.25719677208 62.67931753662 0.00000000000 0.00000000000 0.00000000000 0.00000000000 0.00000000000 0.00000000000 0.25720498443
0.06520655151 -0.00206581926 0.25719585322 62.72808625296 0.00000000000 0.00000000000 0.00000000000 0.00000000000 0.00000000000 0.00000000000 0.25720414951
0.06519543490 -0.00207628133 0.25719493327 62.77691717404 0.00000000000 0.00000000000 0.00000000000 0.00000000000 0.00000000000 0.00000000000 0.25720331383
0.06518430828 -0.00208673270 0.25719401223 62.82502834778 0.00000000000 0.00000000000 0.00000000000 0.00000000000 0.00000000000 0.00000000000 0.25720247740
0.06517317168 -0.00209717336 0.25719309010 62.87320012685 0.00000000000 0.00000000000 0.00000000000 0.00000000000 0.00000000000 0.00000000000 0.25720164022
0.06516202508 -0.00210760328 0.25719216689 62.92033009450 0.00000000000 0.00000000000 0.00000000000 0.00000000000 0.00000000000 0.00000000000 0.25720080229
0.06515086849 -0.00211802245 0.25719124258 62.96751816536 0.00000000000 0.00000000000 0.00000000000 0.00000000000 0.00000000000 0.00000000000 0.25719996361
0.06513970191 -0.00212843086 0.25719031720 63.01453410129 0.00000000000 0.00000000000 0.00000000000 0.00000000000 0.00000000000 0.00000000000 0.25719912418
0.06512852535 -0.00213882848 0.25718939073 63.06160254247 0.00000000000 0.00000000000 0.00000000000 0.00000000000 0.00000000000 0.00000000000 0.25719828399
0.06511733881 -0.00214921529 0.25718846317 63.10705621364 0.00000000000 0.00000000000 0.00000000000 0.00000000000 0.00000000000 0.00000000000 0.25719744306
0.06510614229 -0.00215959128 0.25718753454 63.15255729286 0.00000000000 0.00000000000 0.00000000000 0.00000000000 0.00000000000 0.00000000000 0.25719660138
0.06509493579 -0.00216995644 0.25718660483 63.19350057886 0.00000000000 0.00000000000 0.00000000000 0.00000000000 0.00000000000 0.00000000000 0.25719575894
0.06508371932 -0.00218031074 0.25718567405 63.23449440704 0.00000000000 0.00000000000 0.00000000000 0.00000000000 0.00000000000 0.00000000000 0.25719491576
0.06507249288 -0.00219065416 0.25718474219 63.27123636409 0.00000000000 0.00000000000 0.00000000000 0.00000000000 0.00000000000 0.00000000000 0.25719407182
0.06506125647 -0.00220098670 0.25718380926 63.30803862778 0.00000000000 0.00000000000 0.00000000000 0.00000000000 0.00000000000 0.00000000000 0.25719322714
0.06505001011 -0.00221130833 0.25718287526 63.34433125350 0.00000000000 0.00000000000 0.00000000000 0.00000000000 0.00000000000 0.00000000000 0.25719238171
0.06503875379 -0.00222161904 0.25718194019 63.38068598756 0.00000000000 0.00000000000 0.00000000000 0.00000000000 0.00000000000 0.00000000000 0.25719153553
0.06502748753 -0.00223191882 0.25718100405 63.41637910524 0.00000000000 0.00000000000 0.00000000000 0.00000000000 0.00000000000 0.00000000000 0.25719068861
0.06501621131 -0.00224220764 0.25718006685 63.45212830916 0.00000000000 0.00000000000 0.00000000000 0.00000000000 0.00000000000 0.00000000000 0.25718984093
0.06500492516 -0.00225248549 0.25717912858 63.48353940174 0.00000000000 0.00000000000 0.00000000000 0.00000000000 0.00000000000 0.00000000000 0.25718899251
0.06499362907 -0.00226275236 0.25717818925 63.51501761399 0.00000000000 0.00000000000 0.00000000000 0.00000000000 0.00000000000 0.00000000000 0.25718814334
0.06498232306 -0.00227300823 0.25717724886 63.54847779437 0.00000000000 0.00000000000 0.00000000000 0.00000000000 0.00000000000 0.00000000000 0.25718729343
0.06497100712 -0.00228325308 0.25717630742 63.58200039182 0.00000000000 0.00000000000 0.00000000000 0.00000000000 0.00000000000 0.00000000000 0.25718644276
0.06495968127 -0.00229348691 0.25717536492 63.61499241069 0.00000000000 0.00000000000 0.00000000000 0.00000000000 0.00000000000 0.00000000000 0.25718559136
0.06494834550 -0.00230370968 0.25717442136 63.64804806262 0.00000000000 0.00000000000 0.00000000000 0.00000000000 0.00000000000 0.00000000000 0.25718473921
0.06493699982 -0.00231392139 0.25717347675 63.68131118610 0.00000000000 0.00000000000 0.00000000000 0.00000000000 0.00000000000 0.00000000000 0.25718388631
0.06492564425 -0.00232412203 0.25717253110 63.71463777086 0.00000000000 0.00000000000 0.00000000000 0.00000000000 0.00000000000 0.00000000000 0.25718303267
0.06491427878 -0.00233431157 0.25717158439 63.74817685909 0.00000000000 0.00000000000 0.00000000000 0.00000000000 0.00000000000 0.00000000000 0.25718217829
0.06490290342 -0.00234449000 0.25717063664 63.78177690434 0.00000000000 0.00000000000 0.00000000000 0.00000000000 0.00000000000 0.00000000000 0.25718132316
0.06489151817 -0.00235465731 0.25716968784 63.81570888245 0.00000000000 0.00000000000 0.00000000000 0.00000000000 0.00000000000 0.00000000000 0.25718046729
0.06488012305 -0.00236481348 0.25716873800 63.84969687183 0.00000000000 0.00000000000 0.00000000000 0.00000000000 0.00000000000 0.00000000000 0.25717961067
0.06486871805 -0.00237495849 0.25716778711 63.88382972401 0.00000000000 0.00000000000 0.00000000000 0.00000000000 0.00000000000 0.00000000000 0.25717875332
0.06485730318 -0.00238509233 0.25716683519 63.91801519231 0.00000000000 0.00000000000 0.00000000000 0.00000000000 0.00000000000 0.00000000000 0.25717789522
0.06484587844 -0.00239521499 0.25716588223 63.95218253935 0.00000000000 0.00000000000 0.00000000000 0.00000000000 0.00000000000 0.00000000000 0.25717703638
0.06483444385 -0.00240532644 0.25716492824 63.98640503012 0.00000000000 0.00000000000 0.00000000000 0.00000000000 0.00000000000 0.00000000000 0.25717617680
0.06482299940 -0.00241542668 0.25716397321 64.02078572284 0.00000000000 0.00000000000 0.00000000000 0.00000000000 0.00000000000 0.00000000000 0.25717531648
0.06481154511 -0.00242551568 0.25716301715 64.05523000651 0.00000000000 0.00000000000 0.00000000000 0.00000000000 0.00000000000 0.00000000000 0.25717445541
0.06480008097 -0.00243559343 0.25716206006 64.09000489980 0.00000000000 0.00000000000 0.00000000000 0.00000000000 0.00000000000 0.00000000000 0.25717359361
0.06478860700 -0.00244565992 0.25716110195 64.12485196783 0.00000000000 0.00000000000 0.00000000000 0.00000000000 0.00000000000 0.00000000000 0.25717273107
0.06477712319 -0.00245571512 0.25716014280 64.15989116864 0.00000000000 0.00000000000 0.00000000000 0.00000000000 0.00000000000 0.00000000000 0.25717186779
0.06476562956 -0.00246575903 0.25715918264 64.19500545298 0.00000000000 0.00000000000 0.00000000000 0.00000000000 0.00000000000 0.00000000000 0.25717100377
0.06475412611 -0.00247579162 0.25715822145 64.23021273241 0.00000000000 0.00000000000 0.00000000000 0.00000000000 0.00000000000 0.00000000000 0.25717013902
0.06474261285 -0.00248581289 0.25715725924 64.26549147357 0.00000000000 0.00000000000 0.00000000000 0.00000000000 0.00000000000 0.00000000000 0.25716927352
0.06473108978 -0.00249582280 0.25715629601 64.30078586637 0.00000000000 0.00000000000 0.00000000000 0.00000000000 0.00000000000 0.00000000000 0.25716840729
0.06471955691 -0.00250582136 0.25715533176 64.33614629324 0.00000000000 0.00000000000 0.00000000000 0.00000000000 0.00000000000 0.00000000000 0.25716754032
0.06470801425 -0.00251580853 0.25715436650 64.37152842708 0.00000000000 0.00000000000 0.00000000000 0.00000000000 0.00000000000 0.00000000000 0.25716667262
0.06469646179 -0.00252578431 0.25715340023 64.40697251138 0.00000000000 0.00000000000 0.00000000000 0.00000000000 0.00000000000 0.00000000000 0.25716580418
0.06468489955 -0.00253574867 0.25715243295 64.44308907451 0.00000000000 0.00000000000 0.00000000000 0.00000000000 0.00000000000 0.00000000000 0.25716493500
0.06467332753 -0.00254570161 0.25715146466 64.47925982066 0.00000000000 0.00000000000 0.00000000000 0.00000000000 0.00000000000 0.00000000000 0.25716406509
0.06466174574 -0.00255564311 0.25715049536 64.51554813701 0.00000000000 0.00000000000 0.00000000000 0.00000000000 0.00000000000 0.00000000000 0.25716319444
0.06465015418 -0.00256557315 0.25714952506 64.55188851895 0.00000000000 0.00000000000 0.00000000000 0.00000000000 0.00000000000 0.00000000000 0.25716232306
0.06463855286 -0.00257549171 0.25714855375 64.58833895482 0.00000000000 0.00000000000 0.00000000000 0.00000000000 0.00000000000 0.00000000000 0.25716145095
0.06462694178 -0.00258539879 0.25714758144 64.62031267503 0.00000000000 0.00000000000 0.00000000000 0.00000000000 0.00000000000 0.00000000000 0.25716057810
0.06461532066 -0.00259529436 0.25714661210 119.19919109806 0.00000000000 0.00000000000 0.00000000000 0.00000000000 0.00000000000 0.00000000000 0.25715970848
0.06460368816 -0.00260517840 0.25714566545 211.21997405588 0.00000000000 0.00000000000 0.00000000000 0.00000000000 0.00000000000 0.00000000000 0.25715886182
0.06459204307 -0.00261505091 0.25714475885 156.06811016416 0.00000000000 0.00000000000 0.00000000000 0.00000000000 0.00000000000 0.00000000000 0.25715805547
0.06458038592 -0.00262491186 0.25714388471 105.26881430137 0.00000000000 0.00000000000 0.00000000000 0.00000000000 0.00000000000 0.00000000000 0.25715728184
0.06456871763 -0.00263476124 0.25714302991 76.69284392226 0.00000000000 0.00000000000 0.00000000000 0.00000000000 0.00000000000 0.00000000000 0.25715652782
0.06455703893 -0.00264459903 0.25714218401 64.84792671822 0.00000000000 0.00000000000 0.00000000000 0.00000000000 0.00000000000 0.00000000000 0.25715578294
0.06454535039 -0.00265442521 0.25714133885 64.88574652426 0.00000000000 0.00000000000 0.00000000000 0.00000000000 0.00000000000 0.00000000000 0.25715503907
0.06453365214 -0.00266423977 0.25714049282 64.92364086363 0.00000000000 0.00000000000 0.00000000000 0.00000000000 0.00000000000 0.00000000000 0.25715429458
0.06452194417 -0.00267404269 0.25713964592 64.96156122367 0.00000000000 0.00000000000 0.00000000000 0.00000000000 0.00000000000 0.00000000000 0.25715354948
0.06451022649 -0.00268383395 0.25713879814 64.99955639149 0.00000000000 0.00000000000 0.00000000000 0.00000000000 0.00000000000 0.00000000000 0.25715280375
0.06449849912 -0.00269361354 0.25713794950 65.03778062569 0.00000000000 0.00000000000 0.00000000000 0.00000000000 0.00000000000 0.00000000000 0.25715205741
0.06448676205 -0.00270338144 0.25713709999 65.07607692006 0.00000000000 0.00000000000 0.00000000000 0.00000000000 0.00000000000 0.00000000000 0.25715131045
0.06447501529 -0.00271313764 0.25713624962 65.11514296131 0.00000000000 0.00000000000 0.00000000000 0.00000000000 0.00000000000 0.00000000000 0.25715056287
0.06446325884 -0.00272288210 0.25713539838 65.15427023467 0.00000000000 0.00000000000 0.00000000000 0.00000000000 0.00000000000 0.00000000000 0.25714981468
0.06445149272 -0.00273261483 0.25713454628 65.19366380306 0.00000000000 0.00000000000 0.00000000000 0.00000000000 0.00000000000 0.00000000000 0.25714906587
0.06443971693 -0.00274233580 0.25713369333 65.23311033566 0.00000000000 0.00000000000 0.00000000000 0.00000000000 0.00000000000 0.00000000000 0.25714831644
0.06442793147 -0.00275204500 0.25713283951 65.27255325444 0.00000000000 0.00000000000 0.00000000000 0.00000000000 0.00000000000 0.00000000000 0.25714756640
0.06441613635 -0.00276174241 0.25713198484 65.31205268291 0.00000000000 0.00000000000 0.00000000000 0.00000000000 0.00000000000 0.00000000000 0.25714681575
0.06440433158 -0.00277142801 0.25713112932 65.35245391259 0.00000000000 0.00000000000 0.00000000000 0.00000000000 0.00000000000 0.00000000000 0.25714606448
0.06439251715 -0.00278110179 0.25713027294 65.39291821428 0.00000000000 0.00000000000 0.00000000000 0.00000000000 0.00000000000 0.00000000000 0.25714531260
0.06438069307 -0.00279076373 0.25712941572 65.43398576357 0.00000000000 0.00000000000 0.00000000000 0.00000000000 0.00000000000 0.00000000000 0.25714456010
0.06436885936 -0.00280041381 0.25712855764 65.47512282592 0.00000000000 0.00000000000 0.00000000000 0.00000000000 0.00000000000 0.00000000000 0.25714380699
0.06435701601 -0.00281005202 0.25712769872 65.51641322478 0.00000000000 0.00000000000 0.00000000000 0.00000000000 0.00000000000 0.00000000000 0.25714305327
0.06434516304 -0.00281967833 0.25712683896 65.55777629637 0.00000000000 0.00000000000 0.00000000000 0.00000000000 0.00000000000 0.00000000000 0.25714229893
0.06433330044 -0.00282929274 0.25712597835 65.59912750462 0.00000000000 0.00000000000 0.00000000000 0.00000000000 0.00000000000 0.00000000000 0.25714154398
0.06432142823 -0.00283889522 0.25712511690 65.64055208485 0.00000000000 0.00000000000 0.00000000000 0.00000000000 0.00000000000 0.00000000000 0.25714078842
0.06430954640 -0.00284848575 0.25712425462 65.68221607068 0.00000000000 0.00000000000 0.00000000000 0.00000000000 0.00000000000 0.00000000000 0.25714003225
0.06429765498 -0.00285806432 0.25712339150 65.72395180448 0.00000000000 0.00000000000 0.00000000000 0.00000000000 0.00000000000 0.00000000000 0.25713927546
0.06428575395 -0.00286763092 0.25712252754 65.76569476248 0.00000000000 0.00000000000 0.00000000000 0.00000000000 0.00000000000 0.00000000000 0.25713851807
0.06427384333 -0.00287718551 0.25712166275 65.80750974942 0.00000000000 0.00000000000 0.00000000000 0.00000000000 0.00000000000 0.00000000000 0.25713776006
0.06426192313 -0.00288672810 0.25712079713 65.84983997477 0.00000000000 0.00000000000 0.00000000000 0.00000000000 0.00000000000 0.00000000000 0.25713700145
0.06424999335 -0.00289625865 0.25711993068 65.89224025281 0.00000000000 0.00000000000 0.00000000000 0.00000000000 0.00000000000 0.00000000000 0.25713624222
0.06423805399 -0.00290577715 0.25711906340 65.93470401691 0.00000000000 0.00000000000 0.00000000000 0.00000000000 0.00000000000 0.00000000000 0.25713548239
0.06422610506 -0.00291528358 0.25711819530 65.97723545264 0.00000000000 0.00000000000 0.00000000000 0.00000000000 0.00000000000 0.00000000000 0.25713472195
0.06421414657 -0.00292477793 0.25711732637 66.01993118736 0.00000000000 0.00000000000 0.00000000000 0.00000000000 0.00000000000 0.00000000000 0.25713396090
0.06420217853 -0.00293426018 0.25711645662 66.06270171208 0.00000000000 0.00000000000 0.00000000000 0.00000000000 0.00000000000 0.00000000000 0.25713319924
0.06419020093 -0.00294373030 0.25711558606 66.10630824545 0.00000000000 0.00000000000 0.00000000000 0.00000000000 0.00000000000 0.00000000000 0.25713243697
0.06417821379 -0.00295318829 0.25711471467 66.14995441561 0.00000000000 0.00000000000 0.00000000000 0.00000000000 0.00000000000 0.00000000000 0.25713167409
0.06416621711 -0.00296263413 0.25711384247 66.19365547533 0.00000000000 0.00000000000 0.00000000000 0.00000000000 0.00000000000 0.00000000000 0.25713091061
0.06415421090 -0.00297206779 0.25711296946 66.23750195908 0.00000000000 0.00000000000 0.00000000000 0.00000000000 0.00000000000 0.00000000000 0.25713014652
0.06414219515 -0.00298148926 0.25711209563 66.28234376572 0.00000000000 0.00000000000 0.00000000000 0.00000000000 0.00000000000 0.00000000000 0.25712938183
0.06413016988 -0.00299089853 0.25711122100 66.32693008080 0.00000000000 0.00000000000 0.00000000000 0.00000000000 0.00000000000 0.00000000000 0.25712861653
0.06411813508 -0.00300029559 0.25711034555 66.36848233366 0.00000000000 0.00000000000 0.00000000000 0.00000000000 0.00000000000 0.00000000000 0.25712785062
0.06410609080 -0.00300968038 0.25710946930 66.41120580449 0.00000000000 0.00000000000 0.00000000000 0.00000000000 0.00000000000 0.00000000000 0.25712708411
0.06409403701 -0.00301905290 0.25710859225 66.46456208982 0.00000000000 0.00000000000 0.00000000000 0.00000000000 0.00000000000 0.00000000000 0.25712631699
0.06408197342 -0.00302841338 0.25710771437 66.50986004163 0.00000000000 0.00000000000 0.00000000000 0.00000000000 0.00000000000 0.00000000000 0.25712554925
0.06406989964 -0.00303776210 0.25710683564 66.55147860682 0.00000000000 0.00000000000 0.00000000000 0.00000000000 0.00000000000 0.00000000000 0.25712478086
0.06405781513 -0.00304709947 0.25710595599 66.58059667885 0.00000000000 0.00000000000 0.00000000000 0.00000000000 0.00000000000 0.00000000000 0.25712401175
0.06404571952 -0.00305642574 0.25710507538 66.62400094615 0.00000000000 0.00000000000 0.00000000000 0.00000000000 0.00000000000 0.00000000000 0.25712324190
0.06403361335 -0.00306574049 0.25710419391 66.68487947437 0.00000000000 0.00000000000 0.00000000000 0.00000000000 0.00000000000 0.00000000000 0.25712247139
0.06402149717 -0.00307504326 0.25710331167 66.72734361769 0.00000000000 0.00000000000 0.00000000000 0.00000000000 0.00000000000 0.00000000000 0.25712170030
0.06400937092 -0.00308433409 0.25710242867 66.76454825292 0.00000000000 0.00000000000 0.00000000000 0.00000000000 0.00000000000 0.00000000000 0.25712092864
0.06399723437 -0.00309361314 0.25710154488 66.79648770629 0.00000000000 0.00000000000 0.00000000000 0.00000000000 0.00000000000 0.00000000000 0.25712015639
0.06398508726 -0.00310288059 0.25710066029 66.82315769596 0.00000000000 0.00000000000 0.00000000000 0.00000000000 0.00000000000 0.00000000000 0.25711938353
