VARIABLES=
"CoordinateX"
"CoordinateY"
"CoordinateZ"
"Kappa1"
"Kappa2"
"dy"
"dz"
"d2x"
"d2y"
"d2z"
"R"
ZONE T="Konrollpunkte"
I=101, J=1, K=1
0.05917135711 -0.00799057670 0.25490326521 0.00000000000 0.00000000000 0.00000000000 0.00000000000 0.00000000000 0.00000000000 0.00000000000 0.00000000000
0.05917060618 -0.00797478414 0.25490372434 0.00000000000 0.00000000000 0.00000000000 0.00000000000 0.00000000000 0.00000000000 0.00000000000 0.00000000000
0.05916947748 -0.00795104679 0.25490441260 0.00000000000 0.00000000000 0.00000000000 0.00000000000 0.00000000000 0.00000000000 0.00000000000 0.00000000000
0.05916797089 -0.00791936229 0.25490532784 0.00000000000 0.00000000000 0.00000000000 0.00000000000 0.00000000000 0.00000000000 0.00000000000 0.00000000000
0.05916683804 -0.00789553750 0.25490601345 0.00000000000 0.00000000000 0.00000000000 0.00000000000 0.00000000000 0.00000000000 0.00000000000 0.00000000000
0.05916570547 -0.00787171860 0.25490669666 0.00000000000 0.00000000000 0.00000000000 0.00000000000 0.00000000000 0.00000000000 0.00000000000 0.00000000000
0.05916457745 -0.00784799525 0.25490737492 0.00000000000 0.00000000000 0.00000000000 0.00000000000 0.00000000000 0.00000000000 0.00000000000 0.00000000000
0.05916345536 -0.00782439665 0.25490804742 0.00000000000 0.00000000000 0.00000000000 0.00000000000 0.00000000000 0.00000000000 0.00000000000 0.00000000000
0.05916233894 -0.00780091718 0.25490871435 0.00000000000 0.00000000000 0.00000000000 0.00000000000 0.00000000000 0.00000000000 0.00000000000 0.00000000000
0.05916122650 -0.00777752129 0.25490937676 0.00000000000 0.00000000000 0.00000000000 0.00000000000 0.00000000000 0.00000000000 0.00000000000 0.00000000000
0.05916011611 -0.00775416858 0.25491003580 0.00000000000 0.00000000000 0.00000000000 0.00000000000 0.00000000000 0.00000000000 0.00000000000 0.00000000000
0.05915900628 -0.00773082755 0.25491069237 0.00000000000 0.00000000000 0.00000000000 0.00000000000 0.00000000000 0.00000000000 0.00000000000 0.00000000000
0.05915789611 -0.00770747934 0.25491134700 0.00000000000 0.00000000000 0.00000000000 0.00000000000 0.00000000000 0.00000000000 0.00000000000 0.00000000000
0.05915678524 -0.00768411615 0.25491199991 0.00000000000 0.00000000000 0.00000000000 0.00000000000 0.00000000000 0.00000000000 0.00000000000 0.00000000000
0.05915567363 -0.00766073761 0.25491265111 0.00000000000 0.00000000000 0.00000000000 0.00000000000 0.00000000000 0.00000000000 0.00000000000 0.00000000000
0.05915456145 -0.00763734676 0.25491330050 0.00000000000 0.00000000000 0.00000000000 0.00000000000 0.00000000000 0.00000000000 0.00000000000 0.00000000000
0.05915344884 -0.00761394694 0.25491394799 0.00000000000 0.00000000000 0.00000000000 0.00000000000 0.00000000000 0.00000000000 0.00000000000 0.00000000000
0.05915233595 -0.00759054113 0.25491459350 0.00000000000 0.00000000000 0.00000000000 0.00000000000 0.00000000000 0.00000000000 0.00000000000 0.00000000000
0.05915122289 -0.00756713177 0.25491523695 0.00000000000 0.00000000000 0.00000000000 0.00000000000 0.00000000000 0.00000000000 0.00000000000 0.00000000000
0.05915010976 -0.00754372065 0.25491587831 0.00000000000 0.00000000000 0.00000000000 0.00000000000 0.00000000000 0.00000000000 0.00000000000 0.00000000000
0.05914899659 -0.00752030879 0.25491651753 0.00000000000 0.00000000000 0.00000000000 0.00000000000 0.00000000000 0.00000000000 0.00000000000 0.00000000000
0.05914788341 -0.00749689671 0.25491715460 0.00000000000 0.00000000000 0.00000000000 0.00000000000 0.00000000000 0.00000000000 0.00000000000 0.00000000000
0.05914677025 -0.00747348491 0.25491778951 0.00000000000 0.00000000000 0.00000000000 0.00000000000 0.00000000000 0.00000000000 0.00000000000 0.00000000000
0.05914565713 -0.00745007383 0.25491842226 0.00000000000 0.00000000000 0.00000000000 0.00000000000 0.00000000000 0.00000000000 0.00000000000 0.00000000000
0.05914454406 -0.00742666390 0.25491905282 0.00000000000 0.00000000000 0.00000000000 0.00000000000 0.00000000000 0.00000000000 0.00000000000 0.00000000000
0.05914343107 -0.00740325542 0.25491968119 0.00000000000 0.00000000000 0.00000000000 0.00000000000 0.00000000000 0.00000000000 0.00000000000 0.00000000000
0.05914231816 -0.00737984862 0.25492030737 0.00000000000 0.00000000000 0.00000000000 0.00000000000 0.00000000000 0.00000000000 0.00000000000 0.00000000000
0.05914120534 -0.00735644365 0.25492093134 0.00000000000 0.00000000000 0.00000000000 0.00000000000 0.00000000000 0.00000000000 0.00000000000 0.00000000000
0.05914009260 -0.00733304038 0.25492155312 0.00000000000 0.00000000000 0.00000000000 0.00000000000 0.00000000000 0.00000000000 0.00000000000 0.00000000000
0.05913897993 -0.00730963843 0.25492217272 0.00000000000 0.00000000000 0.00000000000 0.00000000000 0.00000000000 0.00000000000 0.00000000000 0.00000000000
0.05913786730 -0.00728623728 0.25492279014 0.00000000000 0.00000000000 0.00000000000 0.00000000000 0.00000000000 0.00000000000 0.00000000000 0.00000000000
0.05913675470 -0.00726283656 0.25492340541 0.00000000000 0.00000000000 0.00000000000 0.00000000000 0.00000000000 0.00000000000 0.00000000000 0.00000000000
0.05913564211 -0.00723943617 0.25492401852 0.00000000000 0.00000000000 0.00000000000 0.00000000000 0.00000000000 0.00000000000 0.00000000000 0.00000000000
0.05913452954 -0.00721603609 0.25492462946 0.00000000000 0.00000000000 0.00000000000 0.00000000000 0.00000000000 0.00000000000 0.00000000000 0.00000000000
0.05913341699 -0.00719263642 0.25492523825 0.00000000000 0.00000000000 0.00000000000 0.00000000000 0.00000000000 0.00000000000 0.00000000000 0.00000000000
0.05913230448 -0.00716923743 0.25492584488 0.00000000000 0.00000000000 0.00000000000 0.00000000000 0.00000000000 0.00000000000 0.00000000000 0.00000000000
0.05913119203 -0.00714583977 0.25492644932 0.00000000000 0.00000000000 0.00000000000 0.00000000000 0.00000000000 0.00000000000 0.00000000000 0.00000000000
0.05913007970 -0.00712244439 0.25492705155 0.00000000000 0.00000000000 0.00000000000 0.00000000000 0.00000000000 0.00000000000 0.00000000000 0.00000000000
0.05912896753 -0.00709905258 0.25492765154 0.00000000000 0.00000000000 0.00000000000 0.00000000000 0.00000000000 0.00000000000 0.00000000000 0.00000000000
0.05912785562 -0.00707566590 0.25492824925 0.00000000000 0.00000000000 0.00000000000 0.00000000000 0.00000000000 0.00000000000 0.00000000000 0.00000000000
0.05912674402 -0.00705228584 0.25492884465 0.00000000000 0.00000000000 0.00000000000 0.00000000000 0.00000000000 0.00000000000 0.00000000000 0.00000000000
0.05912563279 -0.00702891342 0.25492943771 0.00000000000 0.00000000000 0.00000000000 0.00000000000 0.00000000000 0.00000000000 0.00000000000 0.00000000000
0.05912452193 -0.00700554889 0.25493002843 0.00000000000 0.00000000000 0.00000000000 0.00000000000 0.00000000000 0.00000000000 0.00000000000 0.00000000000
0.05912341143 -0.00698219162 0.25493061682 0.00000000000 0.00000000000 0.00000000000 0.00000000000 0.00000000000 0.00000000000 0.00000000000 0.00000000000
0.05912230121 -0.00695884032 0.25493120292 0.00000000000 0.00000000000 0.00000000000 0.00000000000 0.00000000000 0.00000000000 0.00000000000 0.00000000000
0.05912119120 -0.00693549341 0.25493178677 0.00000000000 0.00000000000 0.00000000000 0.00000000000 0.00000000000 0.00000000000 0.00000000000 0.00000000000
0.05912008133 -0.00691214939 0.25493236841 0.00000000000 0.00000000000 0.00000000000 0.00000000000 0.00000000000 0.00000000000 0.00000000000 0.00000000000
0.05911897154 -0.00688880706 0.25493294787 0.00000000000 0.00000000000 0.00000000000 0.00000000000 0.00000000000 0.00000000000 0.00000000000 0.00000000000
0.05911786180 -0.00686546555 0.25493352517 0.00000000000 0.00000000000 0.00000000000 0.00000000000 0.00000000000 0.00000000000 0.00000000000 0.00000000000
0.05911675207 -0.00684212434 0.25493410032 0.00000000000 0.00000000000 0.00000000000 0.00000000000 0.00000000000 0.00000000000 0.00000000000 0.00000000000
0.05911564235 -0.00681878302 0.25493467334 0.00000000000 0.00000000000 0.00000000000 0.00000000000 0.00000000000 0.00000000000 0.00000000000 0.00000000000
0.05911453260 -0.00679544119 0.25493524423 0.00000000000 0.00000000000 0.00000000000 0.00000000000 0.00000000000 0.00000000000 0.00000000000 0.00000000000
0.05911342280 -0.00677209836 0.25493581301 0.00000000000 0.00000000000 0.00000000000 0.00000000000 0.00000000000 0.00000000000 0.00000000000 0.00000000000
0.05911231293 -0.00674875388 0.25493637969 0.00000000000 0.00000000000 0.00000000000 0.00000000000 0.00000000000 0.00000000000 0.00000000000 0.00000000000
0.05911120294 -0.00672540696 0.25493694429 0.00000000000 0.00000000000 0.00000000000 0.00000000000 0.00000000000 0.00000000000 0.00000000000 0.00000000000
0.05911009280 -0.00670205662 0.25493750684 0.00000000000 0.00000000000 0.00000000000 0.00000000000 0.00000000000 0.00000000000 0.00000000000 0.00000000000
0.05910898245 -0.00667870185 0.25493806735 0.00000000000 0.00000000000 0.00000000000 0.00000000000 0.00000000000 0.00000000000 0.00000000000 0.00000000000
0.05910787184 -0.00665534173 0.25493862585 0.00000000000 0.00000000000 0.00000000000 0.00000000000 0.00000000000 0.00000000000 0.00000000000 0.00000000000
0.05910676095 -0.00663197544 0.25493918235 0.00000000000 0.00000000000 0.00000000000 0.00000000000 0.00000000000 0.00000000000 0.00000000000 0.00000000000
0.05910564974 -0.00660860239 0.25493973687 0.00000000000 0.00000000000 0.00000000000 0.00000000000 0.00000000000 0.00000000000 0.00000000000 0.00000000000
0.05910453820 -0.00658522254 0.25494028940 0.00000000000 0.00000000000 0.00000000000 0.00000000000 0.00000000000 0.00000000000 0.00000000000 0.00000000000
0.05910342638 -0.00656183658 0.25494083994 0.00000000000 0.00000000000 0.00000000000 0.00000000000 0.00000000000 0.00000000000 0.00000000000 0.00000000000
0.05910231432 -0.00653844560 0.25494138844 0.00000000000 0.00000000000 0.00000000000 0.00000000000 0.00000000000 0.00000000000 0.00000000000 0.00000000000
0.05910120208 -0.00651505075 0.25494193489 0.00000000000 0.00000000000 0.00000000000 0.00000000000 0.00000000000 0.00000000000 0.00000000000 0.00000000000
0.05910008971 -0.00649165310 0.25494247926 0.00000000000 0.00000000000 0.00000000000 0.00000000000 0.00000000000 0.00000000000 0.00000000000 0.00000000000
0.05909897726 -0.00646825356 0.25494302152 0.00000000000 0.00000000000 0.00000000000 0.00000000000 0.00000000000 0.00000000000 0.00000000000 0.00000000000
0.05909786475 -0.00644485295 0.25494356166 0.00000000000 0.00000000000 0.00000000000 0.00000000000 0.00000000000 0.00000000000 0.00000000000 0.00000000000
0.05909675223 -0.00642145191 0.25494409965 0.00000000000 0.00000000000 0.00000000000 0.00000000000 0.00000000000 0.00000000000 0.00000000000 0.00000000000
0.05909563972 -0.00639805108 0.25494463550 0.00000000000 0.00000000000 0.00000000000 0.00000000000 0.00000000000 0.00000000000 0.00000000000 0.00000000000
0.05909452726 -0.00637465119 0.25494516917 0.00000000000 0.00000000000 0.00000000000 0.00000000000 0.00000000000 0.00000000000 0.00000000000 0.00000000000
0.05909341492 -0.00635125388 0.25494570064 0.00000000000 0.00000000000 0.00000000000 0.00000000000 0.00000000000 0.00000000000 0.00000000000 0.00000000000
0.05909230281 -0.00632786141 0.25494622985 0.00000000000 0.00000000000 0.00000000000 0.00000000000 0.00000000000 0.00000000000 0.00000000000 0.00000000000
0.05909119107 -0.00630447657 0.25494675674 0.00000000000 0.00000000000 0.00000000000 0.00000000000 0.00000000000 0.00000000000 0.00000000000 0.00000000000
0.05909007986 -0.00628110270 0.25494728124 0.00000000000 0.00000000000 0.00000000000 0.00000000000 0.00000000000 0.00000000000 0.00000000000 0.00000000000
0.05908896934 -0.00625774341 0.25494780327 0.00000000000 0.00000000000 0.00000000000 0.00000000000 0.00000000000 0.00000000000 0.00000000000 0.00000000000
0.05908785963 -0.00623440120 0.25494832278 0.00000000000 0.00000000000 0.00000000000 0.00000000000 0.00000000000 0.00000000000 0.00000000000 0.00000000000
0.05908675073 -0.00621107586 0.25494883978 0.00000000000 0.00000000000 0.00000000000 0.00000000000 0.00000000000 0.00000000000 0.00000000000 0.00000000000
0.05908564251 -0.00618776493 0.25494935432 0.00000000000 0.00000000000 0.00000000000 0.00000000000 0.00000000000 0.00000000000 0.00000000000 0.00000000000
0.05908453484 -0.00616446524 0.25494986649 0.00000000000 0.00000000000 0.00000000000 0.00000000000 0.00000000000 0.00000000000 0.00000000000 0.00000000000
0.05908342754 -0.00614117345 0.25495037635 0.00000000000 0.00000000000 0.00000000000 0.00000000000 0.00000000000 0.00000000000 0.00000000000 0.00000000000
0.05908232047 -0.00611788651 0.25495088398 0.00000000000 0.00000000000 0.00000000000 0.00000000000 0.00000000000 0.00000000000 0.00000000000 0.00000000000
0.05908121353 -0.00609460211 0.25495138943 0.00000000000 0.00000000000 0.00000000000 0.00000000000 0.00000000000 0.00000000000 0.00000000000 0.00000000000
0.05908010664 -0.00607131871 0.25495189273 0.00000000000 0.00000000000 0.00000000000 0.00000000000 0.00000000000 0.00000000000 0.00000000000 0.00000000000
0.05907899974 -0.00604803517 0.25495239390 0.00000000000 0.00000000000 0.00000000000 0.00000000000 0.00000000000 0.00000000000 0.00000000000 0.00000000000
0.05907789278 -0.00602475032 0.25495289298 0.00000000000 0.00000000000 0.00000000000 0.00000000000 0.00000000000 0.00000000000 0.00000000000 0.00000000000
0.05907678571 -0.00600146296 0.25495338998 0.00000000000 0.00000000000 0.00000000000 0.00000000000 0.00000000000 0.00000000000 0.00000000000 0.00000000000
0.05907567846 -0.00597817192 0.25495388493 0.00000000000 0.00000000000 0.00000000000 0.00000000000 0.00000000000 0.00000000000 0.00000000000 0.00000000000
0.05907457099 -0.00595487608 0.25495437785 0.00000000000 0.00000000000 0.00000000000 0.00000000000 0.00000000000 0.00000000000 0.00000000000 0.00000000000
0.05907346326 -0.00593157485 0.25495486876 0.00000000000 0.00000000000 0.00000000000 0.00000000000 0.00000000000 0.00000000000 0.00000000000 0.00000000000
0.05907235530 -0.00590826863 0.25495535764 0.00000000000 0.00000000000 0.00000000000 0.00000000000 0.00000000000 0.00000000000 0.00000000000 0.00000000000
0.05907124717 -0.00588495866 0.25495584447 0.00000000000 0.00000000000 0.00000000000 0.00000000000 0.00000000000 0.00000000000 0.00000000000 0.00000000000
0.05907013891 -0.00586164621 0.25495632921 0.00000000000 0.00000000000 0.00000000000 0.00000000000 0.00000000000 0.00000000000 0.00000000000 0.00000000000
0.05906903059 -0.00583833218 0.25495681186 0.00000000000 0.00000000000 0.00000000000 0.00000000000 0.00000000000 0.00000000000 0.00000000000 0.00000000000
0.05906792222 -0.00581501721 0.25495729240 0.00000000000 0.00000000000 0.00000000000 0.00000000000 0.00000000000 0.00000000000 0.00000000000 0.00000000000
0.05906681383 -0.00579170170 0.25495777081 0.00000000000 0.00000000000 0.00000000000 0.00000000000 0.00000000000 0.00000000000 0.00000000000 0.00000000000
0.05906570542 -0.00576838574 0.25495824710 0.00000000000 0.00000000000 0.00000000000 0.00000000000 0.00000000000 0.00000000000 0.00000000000 0.00000000000
0.05906459698 -0.00574506921 0.25495872127 0.00000000000 0.00000000000 0.00000000000 0.00000000000 0.00000000000 0.00000000000 0.00000000000 0.00000000000
0.05906348851 -0.00572175190 0.25495919332 0.00000000000 0.00000000000 0.00000000000 0.00000000000 0.00000000000 0.00000000000 0.00000000000 0.00000000000
0.05906201045 -0.00569065994 0.25495981944 0.00000000000 0.00000000000 0.00000000000 0.00000000000 0.00000000000 0.00000000000 0.00000000000 0.00000000000
0.05906090183 -0.00566733923 0.25496028658 0.00000000000 0.00000000000 0.00000000000 0.00000000000 0.00000000000 0.00000000000 0.00000000000 0.00000000000
0.05906016266 -0.00565179038 0.25496059686 0.00000000000 0.00000000000 0.00000000000 0.00000000000 0.00000000000 0.00000000000 0.00000000000 0.00000000000
ZONE T="NURB"
I=201, J=1, K=1
0.05917135711 -0.00799057670 0.25490326521 3.27096548981 0.00000000000 0.00000000000 0.00000000000 0.00000000000 0.00000000000 0.00000000000 0.25502847671
0.05917079280 -0.00797870897 0.25490361001 3.21001550018 0.00000000000 0.00000000000 0.00000000000 0.00000000000 0.00000000000 0.00000000000 0.25502844977
0.05917022801 -0.00796683092 0.25490395465 3.15144831480 0.00000000000 0.00000000000 0.00000000000 0.00000000000 0.00000000000 0.00000000000 0.25502842290
0.05916966281 -0.00795494453 0.25490429908 3.09516820628 0.00000000000 0.00000000000 0.00000000000 0.00000000000 0.00000000000 0.00000000000 0.25502839613
0.05916909732 -0.00794305177 0.25490464326 3.04595171435 0.00000000000 0.00000000000 0.00000000000 0.00000000000 0.00000000000 0.00000000000 0.25502836946
0.05916853155 -0.00793115332 0.25490498716 3.81332808698 0.00000000000 0.00000000000 0.00000000000 0.00000000000 0.00000000000 0.00000000000 0.25502834288
0.05916796531 -0.00791924478 0.25490533080 4.56047200253 0.00000000000 0.00000000000 0.00000000000 0.00000000000 0.00000000000 0.00000000000 0.25502831628
0.05916739843 -0.00790732294 0.25490567420 4.22794340776 0.00000000000 0.00000000000 0.00000000000 0.00000000000 0.00000000000 0.00000000000 0.25502828960
0.05916683122 -0.00789539404 0.25490601720 3.91209884345 0.00000000000 0.00000000000 0.00000000000 0.00000000000 0.00000000000 0.00000000000 0.25502826285
0.05916626410 -0.00788346708 0.25490635958 3.90490016091 0.00000000000 0.00000000000 0.00000000000 0.00000000000 0.00000000000 0.00000000000 0.25502823610
0.05916569759 -0.00787155292 0.25490670104 3.91218455025 0.00000000000 0.00000000000 0.00000000000 0.00000000000 0.00000000000 0.00000000000 0.25502820938
0.05916513217 -0.00785966149 0.25490704129 3.90987208836 0.00000000000 0.00000000000 0.00000000000 0.00000000000 0.00000000000 0.00000000000 0.25502818271
0.05916456805 -0.00784779768 0.25490738019 3.91225956340 0.00000000000 0.00000000000 0.00000000000 0.00000000000 0.00000000000 0.00000000000 0.25502815610
0.05916400539 -0.00783596439 0.25490771767 3.91274768924 0.00000000000 0.00000000000 0.00000000000 0.00000000000 0.00000000000 0.00000000000 0.25502812956
0.05916344418 -0.00782416160 0.25490805374 3.91236601463 0.00000000000 0.00000000000 0.00000000000 0.00000000000 0.00000000000 0.00000000000 0.25502810309
0.05916288436 -0.00781238792 0.25490838843 3.91524437122 0.00000000000 0.00000000000 0.00000000000 0.00000000000 0.00000000000 0.00000000000 0.25502807669
0.05916232573 -0.00780063946 0.25490872187 3.91241096554 0.00000000000 0.00000000000 0.00000000000 0.00000000000 0.00000000000 0.00000000000 0.25502805034
0.05916176809 -0.00778891161 0.25490905417 3.91565885060 0.00000000000 0.00000000000 0.00000000000 0.00000000000 0.00000000000 0.00000000000 0.25502802403
0.05916121119 -0.00777719936 0.25490938550 3.91239316068 0.00000000000 0.00000000000 0.00000000000 0.00000000000 0.00000000000 0.00000000000 0.25502799777
0.05916065480 -0.00776549778 0.25490971598 3.91492021994 0.00000000000 0.00000000000 0.00000000000 0.00000000000 0.00000000000 0.00000000000 0.25502797152
0.05916009871 -0.00775380270 0.25491004575 3.91234130684 0.00000000000 0.00000000000 0.00000000000 0.00000000000 0.00000000000 0.00000000000 0.25502794529
0.05915954276 -0.00774211039 0.25491037490 3.91386464997 0.00000000000 0.00000000000 0.00000000000 0.00000000000 0.00000000000 0.00000000000 0.25502791907
0.05915898681 -0.00773041816 0.25491070351 3.91228713326 0.00000000000 0.00000000000 0.00000000000 0.00000000000 0.00000000000 0.00000000000 0.25502789284
0.05915843077 -0.00771872384 0.25491103164 3.91293727727 0.00000000000 0.00000000000 0.00000000000 0.00000000000 0.00000000000 0.00000000000 0.25502786661
0.05915787457 -0.00770702619 0.25491135933 3.91225574864 0.00000000000 0.00000000000 0.00000000000 0.00000000000 0.00000000000 0.00000000000 0.25502784038
0.05915731817 -0.00769532434 0.25491168660 3.91230856990 0.00000000000 0.00000000000 0.00000000000 0.00000000000 0.00000000000 0.00000000000 0.25502781413
0.05915676156 -0.00768361808 0.25491201345 3.91225231284 0.00000000000 0.00000000000 0.00000000000 0.00000000000 0.00000000000 0.00000000000 0.25502778788
0.05915620474 -0.00767190744 0.25491233989 3.91201609645 0.00000000000 0.00000000000 0.00000000000 0.00000000000 0.00000000000 0.00000000000 0.25502776161
0.05915564773 -0.00766019276 0.25491266590 3.91226684434 0.00000000000 0.00000000000 0.00000000000 0.00000000000 0.00000000000 0.00000000000 0.25502773534
0.05915509055 -0.00764847445 0.25491299148 3.91198644972 0.00000000000 0.00000000000 0.00000000000 0.00000000000 0.00000000000 0.00000000000 0.25502770905
0.05915453322 -0.00763675298 0.25491331660 3.91227727911 0.00000000000 0.00000000000 0.00000000000 0.00000000000 0.00000000000 0.00000000000 0.25502768277
0.05915397576 -0.00762502882 0.25491364126 3.91201191256 0.00000000000 0.00000000000 0.00000000000 0.00000000000 0.00000000000 0.00000000000 0.25502765647
0.05915341820 -0.00761330242 0.25491396544 3.91228225560 0.00000000000 0.00000000000 0.00000000000 0.00000000000 0.00000000000 0.00000000000 0.25502763017
0.05915286055 -0.00760157421 0.25491428913 3.91205594372 0.00000000000 0.00000000000 0.00000000000 0.00000000000 0.00000000000 0.00000000000 0.25502760386
0.05915230283 -0.00758984460 0.25491461232 3.91228671640 0.00000000000 0.00000000000 0.00000000000 0.00000000000 0.00000000000 0.00000000000 0.25502757756
0.05915174507 -0.00757811393 0.25491493500 3.91211207575 0.00000000000 0.00000000000 0.00000000000 0.00000000000 0.00000000000 0.00000000000 0.25502755125
0.05915118727 -0.00756638254 0.25491525716 3.91229368922 0.00000000000 0.00000000000 0.00000000000 0.00000000000 0.00000000000 0.00000000000 0.25502752494
0.05915062945 -0.00755465068 0.25491557879 3.91217604630 0.00000000000 0.00000000000 0.00000000000 0.00000000000 0.00000000000 0.00000000000 0.25502749862
0.05915007162 -0.00754291860 0.25491589988 3.91230302616 0.00000000000 0.00000000000 0.00000000000 0.00000000000 0.00000000000 0.00000000000 0.25502747231
0.05914951379 -0.00753118649 0.25491622044 3.91220940249 0.00000000000 0.00000000000 0.00000000000 0.00000000000 0.00000000000 0.00000000000 0.25502744600
0.05914895597 -0.00751945454 0.25491654045 3.91231601822 0.00000000000 0.00000000000 0.00000000000 0.00000000000 0.00000000000 0.00000000000 0.25502741969
0.05914839817 -0.00750772292 0.25491685991 3.91221045175 0.00000000000 0.00000000000 0.00000000000 0.00000000000 0.00000000000 0.00000000000 0.25502739337
0.05914784039 -0.00749599184 0.25491717882 3.91233090312 0.00000000000 0.00000000000 0.00000000000 0.00000000000 0.00000000000 0.00000000000 0.25502736706
0.05914728265 -0.00748426150 0.25491749717 3.91220385387 0.00000000000 0.00000000000 0.00000000000 0.00000000000 0.00000000000 0.00000000000 0.25502734075
0.05914672495 -0.00747253215 0.25491781495 3.91234273219 0.00000000000 0.00000000000 0.00000000000 0.00000000000 0.00000000000 0.00000000000 0.25502731445
0.05914616732 -0.00746080403 0.25491813216 3.91220492188 0.00000000000 0.00000000000 0.00000000000 0.00000000000 0.00000000000 0.00000000000 0.25502728814
0.05914560975 -0.00744907738 0.25491844878 3.91234829202 0.00000000000 0.00000000000 0.00000000000 0.00000000000 0.00000000000 0.00000000000 0.25502726184
0.05914505227 -0.00743735245 0.25491876482 3.91221933654 0.00000000000 0.00000000000 0.00000000000 0.00000000000 0.00000000000 0.00000000000 0.25502723555
0.05914449488 -0.00742562947 0.25491908027 3.91233858682 0.00000000000 0.00000000000 0.00000000000 0.00000000000 0.00000000000 0.00000000000 0.25502720926
0.05914393760 -0.00741390863 0.25491939513 3.91223948066 0.00000000000 0.00000000000 0.00000000000 0.00000000000 0.00000000000 0.00000000000 0.25502718297
0.05914338042 -0.00740219009 0.25491970938 3.91230868923 0.00000000000 0.00000000000 0.00000000000 0.00000000000 0.00000000000 0.00000000000 0.25502715669
0.05914282336 -0.00739047396 0.25492002303 3.91227112413 0.00000000000 0.00000000000 0.00000000000 0.00000000000 0.00000000000 0.00000000000 0.25502713041
0.05914226641 -0.00737876028 0.25492033607 3.91226735976 0.00000000000 0.00000000000 0.00000000000 0.00000000000 0.00000000000 0.00000000000 0.25502710414
0.05914170959 -0.00736704903 0.25492064851 3.91231415754 0.00000000000 0.00000000000 0.00000000000 0.00000000000 0.00000000000 0.00000000000 0.25502707787
0.05914115287 -0.00735534009 0.25492096035 3.91223505401 0.00000000000 0.00000000000 0.00000000000 0.00000000000 0.00000000000 0.00000000000 0.25502705161
0.05914059626 -0.00734363331 0.25492127160 3.91235504638 0.00000000000 0.00000000000 0.00000000000 0.00000000000 0.00000000000 0.00000000000 0.25502702536
0.05914003974 -0.00733192848 0.25492158225 3.91222343155 0.00000000000 0.00000000000 0.00000000000 0.00000000000 0.00000000000 0.00000000000 0.25502699911
0.05913948330 -0.00732022534 0.25492189233 3.91237217975 0.00000000000 0.00000000000 0.00000000000 0.00000000000 0.00000000000 0.00000000000 0.25502697286
0.05913892693 -0.00730852364 0.25492220182 3.91222697826 0.00000000000 0.00000000000 0.00000000000 0.00000000000 0.00000000000 0.00000000000 0.25502694662
0.05913837062 -0.00729682312 0.25492251075 3.91235603813 0.00000000000 0.00000000000 0.00000000000 0.00000000000 0.00000000000 0.00000000000 0.25502692037
0.05913781435 -0.00728512355 0.25492281912 3.91223578249 0.00000000000 0.00000000000 0.00000000000 0.00000000000 0.00000000000 0.00000000000 0.25502689413
0.05913725812 -0.00727342472 0.25492312693 3.91232767678 0.00000000000 0.00000000000 0.00000000000 0.00000000000 0.00000000000 0.00000000000 0.25502686790
0.05913670192 -0.00726172647 0.25492343418 3.91224890811 0.00000000000 0.00000000000 0.00000000000 0.00000000000 0.00000000000 0.00000000000 0.25502684166
0.05913614574 -0.00725002866 0.25492374089 3.91231115666 0.00000000000 0.00000000000 0.00000000000 0.00000000000 0.00000000000 0.00000000000 0.25502681543
0.05913558957 -0.00723833120 0.25492404706 3.91226207752 0.00000000000 0.00000000000 0.00000000000 0.00000000000 0.00000000000 0.00000000000 0.25502678919
0.05913503342 -0.00722663398 0.25492435267 3.91229873509 0.00000000000 0.00000000000 0.00000000000 0.00000000000 0.00000000000 0.00000000000 0.25502676296
0.05913447728 -0.00721493695 0.25492465775 3.91226953051 0.00000000000 0.00000000000 0.00000000000 0.00000000000 0.00000000000 0.00000000000 0.25502673672
0.05913392115 -0.00720324007 0.25492496229 3.91227664161 0.00000000000 0.00000000000 0.00000000000 0.00000000000 0.00000000000 0.00000000000 0.25502671049
0.05913336502 -0.00719154332 0.25492526628 3.91226866587 0.00000000000 0.00000000000 0.00000000000 0.00000000000 0.00000000000 0.00000000000 0.25502668426
0.05913280890 -0.00717984670 0.25492556974 3.91224856448 0.00000000000 0.00000000000 0.00000000000 0.00000000000 0.00000000000 0.00000000000 0.25502665803
0.05913225279 -0.00716815024 0.25492587265 3.91226279051 0.00000000000 0.00000000000 0.00000000000 0.00000000000 0.00000000000 0.00000000000 0.25502663180
0.05913169669 -0.00715645398 0.25492617502 3.91222249987 0.00000000000 0.00000000000 0.00000000000 0.00000000000 0.00000000000 0.00000000000 0.25502660556
0.05913114060 -0.00714475800 0.25492647685 3.91225624716 0.00000000000 0.00000000000 0.00000000000 0.00000000000 0.00000000000 0.00000000000 0.25502657933
0.05913058453 -0.00713306237 0.25492677813 3.91219862150 0.00000000000 0.00000000000 0.00000000000 0.00000000000 0.00000000000 0.00000000000 0.25502655310
0.05913002848 -0.00712136719 0.25492707887 3.91225000244 0.00000000000 0.00000000000 0.00000000000 0.00000000000 0.00000000000 0.00000000000 0.25502652687
0.05912947246 -0.00710967256 0.25492737905 3.91217898316 0.00000000000 0.00000000000 0.00000000000 0.00000000000 0.00000000000 0.00000000000 0.25502650065
0.05912891647 -0.00709797861 0.25492767868 3.91224933425 0.00000000000 0.00000000000 0.00000000000 0.00000000000 0.00000000000 0.00000000000 0.25502647442
0.05912836052 -0.00708628548 0.25492797775 3.91218528152 0.00000000000 0.00000000000 0.00000000000 0.00000000000 0.00000000000 0.00000000000 0.25502644820
0.05912780462 -0.00707459327 0.25492827626 3.91225643285 0.00000000000 0.00000000000 0.00000000000 0.00000000000 0.00000000000 0.00000000000 0.25502642198
0.05912724877 -0.00706290210 0.25492857421 3.91222160973 0.00000000000 0.00000000000 0.00000000000 0.00000000000 0.00000000000 0.00000000000 0.25502639576
0.05912669297 -0.00705121204 0.25492887159 3.91227391676 0.00000000000 0.00000000000 0.00000000000 0.00000000000 0.00000000000 0.00000000000 0.25502636954
0.05912613722 -0.00703952314 0.25492916840 3.91228376514 0.00000000000 0.00000000000 0.00000000000 0.00000000000 0.00000000000 0.00000000000 0.25502634332
0.05912558153 -0.00702783542 0.25492946466 3.91229793936 0.00000000000 0.00000000000 0.00000000000 0.00000000000 0.00000000000 0.00000000000 0.25502631711
0.05912502590 -0.00701614886 0.25492976034 3.91235045326 0.00000000000 0.00000000000 0.00000000000 0.00000000000 0.00000000000 0.00000000000 0.25502629090
0.05912447032 -0.00700446337 0.25493005546 3.91232076556 0.00000000000 0.00000000000 0.00000000000 0.00000000000 0.00000000000 0.00000000000 0.25502626470
0.05912391479 -0.00699277888 0.25493035002 3.91240001923 0.00000000000 0.00000000000 0.00000000000 0.00000000000 0.00000000000 0.00000000000 0.25502623849
0.05912335930 -0.00698109525 0.25493064403 3.91233491597 0.00000000000 0.00000000000 0.00000000000 0.00000000000 0.00000000000 0.00000000000 0.25502621229
0.05912280384 -0.00696941234 0.25493093748 3.91241962568 0.00000000000 0.00000000000 0.00000000000 0.00000000000 0.00000000000 0.00000000000 0.25502618609
0.05912224842 -0.00695773001 0.25493123038 3.91233926163 0.00000000000 0.00000000000 0.00000000000 0.00000000000 0.00000000000 0.00000000000 0.25502615989
0.05912169301 -0.00694604811 0.25493152273 3.91241161933 0.00000000000 0.00000000000 0.00000000000 0.00000000000 0.00000000000 0.00000000000 0.25502613369
0.05912113762 -0.00693436651 0.25493181454 3.91233760961 0.00000000000 0.00000000000 0.00000000000 0.00000000000 0.00000000000 0.00000000000 0.25502610749
0.05912058224 -0.00692268508 0.25493210581 3.91238732231 0.00000000000 0.00000000000 0.00000000000 0.00000000000 0.00000000000 0.00000000000 0.25502608130
0.05912002686 -0.00691100374 0.25493239654 3.91233364683 0.00000000000 0.00000000000 0.00000000000 0.00000000000 0.00000000000 0.00000000000 0.25502605510
0.05911947148 -0.00689932239 0.25493268674 3.91235899311 0.00000000000 0.00000000000 0.00000000000 0.00000000000 0.00000000000 0.00000000000 0.25502602890
0.05911891611 -0.00688764099 0.25493297640 3.91232738689 0.00000000000 0.00000000000 0.00000000000 0.00000000000 0.00000000000 0.00000000000 0.25502600270
0.05911836072 -0.00687595949 0.25493326553 3.91233561978 0.00000000000 0.00000000000 0.00000000000 0.00000000000 0.00000000000 0.00000000000 0.25502597651
0.05911780533 -0.00686427788 0.25493355413 3.91232364106 0.00000000000 0.00000000000 0.00000000000 0.00000000000 0.00000000000 0.00000000000 0.25502595031
0.05911724994 -0.00685259612 0.25493384219 3.91232631081 0.00000000000 0.00000000000 0.00000000000 0.00000000000 0.00000000000 0.00000000000 0.25502592411
0.05911669454 -0.00684091423 0.25493412973 3.91232089842 0.00000000000 0.00000000000 0.00000000000 0.00000000000 0.00000000000 0.00000000000 0.25502589791
0.05911613914 -0.00682923217 0.25493441673 3.91232935807 0.00000000000 0.00000000000 0.00000000000 0.00000000000 0.00000000000 0.00000000000 0.25502587172
0.05911558372 -0.00681754995 0.25493470320 3.91232113268 0.00000000000 0.00000000000 0.00000000000 0.00000000000 0.00000000000 0.00000000000 0.25502584552
0.05911502830 -0.00680586753 0.25493498914 3.91233931781 0.00000000000 0.00000000000 0.00000000000 0.00000000000 0.00000000000 0.00000000000 0.25502581932
0.05911447287 -0.00679418488 0.25493527454 3.91232287546 0.00000000000 0.00000000000 0.00000000000 0.00000000000 0.00000000000 0.00000000000 0.25502579312
0.05911391742 -0.00678250197 0.25493555942 3.91235095593 0.00000000000 0.00000000000 0.00000000000 0.00000000000 0.00000000000 0.00000000000 0.25502576692
0.05911336196 -0.00677081874 0.25493584377 3.91232830146 0.00000000000 0.00000000000 0.00000000000 0.00000000000 0.00000000000 0.00000000000 0.25502574072
0.05911280649 -0.00675913514 0.25493612760 3.91236443273 0.00000000000 0.00000000000 0.00000000000 0.00000000000 0.00000000000 0.00000000000 0.25502571451
0.05911225099 -0.00674745111 0.25493641090 3.91233575736 0.00000000000 0.00000000000 0.00000000000 0.00000000000 0.00000000000 0.00000000000 0.25502568831
0.05911169547 -0.00673576659 0.25493669367 3.91237489516 0.00000000000 0.00000000000 0.00000000000 0.00000000000 0.00000000000 0.00000000000 0.25502566211
0.05911113993 -0.00672408151 0.25493697593 3.91234382872 0.00000000000 0.00000000000 0.00000000000 0.00000000000 0.00000000000 0.00000000000 0.25502563590
0.05911058436 -0.00671239581 0.25493725766 3.91237565716 0.00000000000 0.00000000000 0.00000000000 0.00000000000 0.00000000000 0.00000000000 0.25502560970
0.05911002875 -0.00670070944 0.25493753887 3.91234982290 0.00000000000 0.00000000000 0.00000000000 0.00000000000 0.00000000000 0.00000000000 0.25502558349
0.05910947311 -0.00668902234 0.25493781957 3.91236733661 0.00000000000 0.00000000000 0.00000000000 0.00000000000 0.00000000000 0.00000000000 0.25502555728
0.05910891744 -0.00667733448 0.25493809974 3.91235235253 0.00000000000 0.00000000000 0.00000000000 0.00000000000 0.00000000000 0.00000000000 0.25502553107
0.05910836173 -0.00666564585 0.25493837940 3.91235781235 0.00000000000 0.00000000000 0.00000000000 0.00000000000 0.00000000000 0.00000000000 0.25502550485
0.05910780598 -0.00665395642 0.25493865854 3.91234738525 0.00000000000 0.00000000000 0.00000000000 0.00000000000 0.00000000000 0.00000000000 0.25502547864
0.05910725020 -0.00664226619 0.25493893717 3.91234221671 0.00000000000 0.00000000000 0.00000000000 0.00000000000 0.00000000000 0.00000000000 0.25502545242
0.05910669438 -0.00663057515 0.25493921527 3.91233075000 0.00000000000 0.00000000000 0.00000000000 0.00000000000 0.00000000000 0.00000000000 0.25502542620
0.05910613852 -0.00661888331 0.25493949286 3.91230727248 0.00000000000 0.00000000000 0.00000000000 0.00000000000 0.00000000000 0.00000000000 0.25502539998
0.05910558262 -0.00660719068 0.25493976993 3.91230313703 0.00000000000 0.00000000000 0.00000000000 0.00000000000 0.00000000000 0.00000000000 0.25502537376
0.05910502669 -0.00659549732 0.25494004649 3.91225417955 0.00000000000 0.00000000000 0.00000000000 0.00000000000 0.00000000000 0.00000000000 0.25502534754
0.05910447073 -0.00658380329 0.25494032252 3.91228139140 0.00000000000 0.00000000000 0.00000000000 0.00000000000 0.00000000000 0.00000000000 0.25502532131
0.05910391474 -0.00657210866 0.25494059803 3.91223324249 0.00000000000 0.00000000000 0.00000000000 0.00000000000 0.00000000000 0.00000000000 0.25502529509
0.05910335873 -0.00656041351 0.25494087301 3.91226890789 0.00000000000 0.00000000000 0.00000000000 0.00000000000 0.00000000000 0.00000000000 0.25502526886
0.05910280269 -0.00654871793 0.25494114747 3.91223428742 0.00000000000 0.00000000000 0.00000000000 0.00000000000 0.00000000000 0.00000000000 0.25502524263
0.05910224664 -0.00653702196 0.25494142140 3.91226594250 0.00000000000 0.00000000000 0.00000000000 0.00000000000 0.00000000000 0.00000000000 0.25502521640
0.05910169058 -0.00652532568 0.25494169480 3.91224497927 0.00000000000 0.00000000000 0.00000000000 0.00000000000 0.00000000000 0.00000000000 0.25502519017
0.05910113450 -0.00651362913 0.25494196767 3.91226973809 0.00000000000 0.00000000000 0.00000000000 0.00000000000 0.00000000000 0.00000000000 0.25502516394
0.05910057841 -0.00650193235 0.25494224001 3.91225470925 0.00000000000 0.00000000000 0.00000000000 0.00000000000 0.00000000000 0.00000000000 0.25502513771
0.05910002231 -0.00649023538 0.25494251182 3.91227787069 0.00000000000 0.00000000000 0.00000000000 0.00000000000 0.00000000000 0.00000000000 0.25502511148
0.05909946621 -0.00647853825 0.25494278309 3.91226326737 0.00000000000 0.00000000000 0.00000000000 0.00000000000 0.00000000000 0.00000000000 0.25502508525
0.05909891010 -0.00646684101 0.25494305383 3.91228761239 0.00000000000 0.00000000000 0.00000000000 0.00000000000 0.00000000000 0.00000000000 0.25502505902
0.05909835399 -0.00645514370 0.25494332403 3.91227102108 0.00000000000 0.00000000000 0.00000000000 0.00000000000 0.00000000000 0.00000000000 0.25502503279
0.05909779788 -0.00644344636 0.25494359370 3.91229559705 0.00000000000 0.00000000000 0.00000000000 0.00000000000 0.00000000000 0.00000000000 0.25502500655
0.05909724177 -0.00643174902 0.25494386283 3.91227044391 0.00000000000 0.00000000000 0.00000000000 0.00000000000 0.00000000000 0.00000000000 0.25502498032
0.05909668567 -0.00642005176 0.25494413142 3.91229910801 0.00000000000 0.00000000000 0.00000000000 0.00000000000 0.00000000000 0.00000000000 0.25502495409
0.05909612957 -0.00640835464 0.25494439947 3.91225980256 0.00000000000 0.00000000000 0.00000000000 0.00000000000 0.00000000000 0.00000000000 0.25502492786
0.05909557348 -0.00639665773 0.25494466698 3.91228654632 0.00000000000 0.00000000000 0.00000000000 0.00000000000 0.00000000000 0.00000000000 0.25502490163
0.05909501741 -0.00638496114 0.25494493394 3.91218413792 0.00000000000 0.00000000000 0.00000000000 0.00000000000 0.00000000000 0.00000000000 0.25502487540
0.05909446136 -0.00637326506 0.25494520036 3.91227751928 0.00000000000 0.00000000000 0.00000000000 0.00000000000 0.00000000000 0.00000000000 0.25502484917
0.05909390535 -0.00636156973 0.25494546622 3.91212998703 0.00000000000 0.00000000000 0.00000000000 0.00000000000 0.00000000000 0.00000000000 0.25502482294
0.05909334939 -0.00634987543 0.25494573153 3.91227262661 0.00000000000 0.00000000000 0.00000000000 0.00000000000 0.00000000000 0.00000000000 0.25502479672
0.05909279349 -0.00633818247 0.25494599626 3.91208767183 0.00000000000 0.00000000000 0.00000000000 0.00000000000 0.00000000000 0.00000000000 0.25502477050
0.05909223767 -0.00632649120 0.25494626042 3.91226623877 0.00000000000 0.00000000000 0.00000000000 0.00000000000 0.00000000000 0.00000000000 0.25502474428
0.05909168195 -0.00631480201 0.25494652400 3.91203875503 0.00000000000 0.00000000000 0.00000000000 0.00000000000 0.00000000000 0.00000000000 0.25502471807
0.05909112636 -0.00630311533 0.25494678699 3.91226370504 0.00000000000 0.00000000000 0.00000000000 0.00000000000 0.00000000000 0.00000000000 0.25502469186
0.05909057090 -0.00629143163 0.25494704937 3.91202119969 0.00000000000 0.00000000000 0.00000000000 0.00000000000 0.00000000000 0.00000000000 0.25502466566
0.05909001561 -0.00627975135 0.25494731114 3.91228154163 0.00000000000 0.00000000000 0.00000000000 0.00000000000 0.00000000000 0.00000000000 0.25502463947
0.05908946051 -0.00626807495 0.25494757229 3.91211432961 0.00000000000 0.00000000000 0.00000000000 0.00000000000 0.00000000000 0.00000000000 0.25502461328
0.05908890560 -0.00625640274 0.25494783281 3.91232686769 0.00000000000 0.00000000000 0.00000000000 0.00000000000 0.00000000000 0.00000000000 0.25502458711
0.05908835091 -0.00624473498 0.25494809269 3.91234028233 0.00000000000 0.00000000000 0.00000000000 0.00000000000 0.00000000000 0.00000000000 0.25502456094
0.05908779642 -0.00623307167 0.25494835195 3.91236512520 0.00000000000 0.00000000000 0.00000000000 0.00000000000 0.00000000000 0.00000000000 0.25502453479
0.05908724215 -0.00622141272 0.25494861057 3.91253191655 0.00000000000 0.00000000000 0.00000000000 0.00000000000 0.00000000000 0.00000000000 0.25502450864
0.05908668807 -0.00620975784 0.25494886857 3.91237600053 0.00000000000 0.00000000000 0.00000000000 0.00000000000 0.00000000000 0.00000000000 0.25502448251
0.05908613417 -0.00619810668 0.25494912595 3.91259127741 0.00000000000 0.00000000000 0.00000000000 0.00000000000 0.00000000000 0.00000000000 0.25502445638
0.05908558042 -0.00618645884 0.25494938273 3.91237788673 0.00000000000 0.00000000000 0.00000000000 0.00000000000 0.00000000000 0.00000000000 0.25502443026
0.05908502682 -0.00617481390 0.25494963892 3.91260854955 0.00000000000 0.00000000000 0.00000000000 0.00000000000 0.00000000000 0.00000000000 0.25502440415
0.05908447333 -0.00616317143 0.25494989451 3.91237179127 0.00000000000 0.00000000000 0.00000000000 0.00000000000 0.00000000000 0.00000000000 0.25502437804
0.05908391994 -0.00615153098 0.25495014953 3.91258486197 0.00000000000 0.00000000000 0.00000000000 0.00000000000 0.00000000000 0.00000000000 0.25502435193
0.05908336663 -0.00613989215 0.25495040398 3.91235901032 0.00000000000 0.00000000000 0.00000000000 0.00000000000 0.00000000000 0.00000000000 0.25502432583
0.05908281337 -0.00612825454 0.25495065788 3.91252691841 0.00000000000 0.00000000000 0.00000000000 0.00000000000 0.00000000000 0.00000000000 0.25502429974
0.05908226016 -0.00611661784 0.25495091122 3.91234494807 0.00000000000 0.00000000000 0.00000000000 0.00000000000 0.00000000000 0.00000000000 0.25502427364
0.05908170698 -0.00610498173 0.25495116402 3.91246510102 0.00000000000 0.00000000000 0.00000000000 0.00000000000 0.00000000000 0.00000000000 0.25502424755
0.05908115381 -0.00609334597 0.25495141628 3.91233375874 0.00000000000 0.00000000000 0.00000000000 0.00000000000 0.00000000000 0.00000000000 0.25502422146
0.05908060065 -0.00608171033 0.25495166801 3.91243863188 0.00000000000 0.00000000000 0.00000000000 0.00000000000 0.00000000000 0.00000000000 0.25502419536
0.05908004749 -0.00607007460 0.25495191921 3.91232421054 0.00000000000 0.00000000000 0.00000000000 0.00000000000 0.00000000000 0.00000000000 0.25502416927
0.05907949432 -0.00605843855 0.25495216988 3.91245040306 0.00000000000 0.00000000000 0.00000000000 0.00000000000 0.00000000000 0.00000000000 0.25502414318
0.05907894111 -0.00604680193 0.25495242003 3.91231175108 0.00000000000 0.00000000000 0.00000000000 0.00000000000 0.00000000000 0.00000000000 0.25502411708
0.05907838787 -0.00603516447 0.25495266967 3.91246153775 0.00000000000 0.00000000000 0.00000000000 0.00000000000 0.00000000000 0.00000000000 0.25502409099
0.05907783457 -0.00602352590 0.25495291881 3.91229844001 0.00000000000 0.00000000000 0.00000000000 0.00000000000 0.00000000000 0.00000000000 0.25502406489
0.05907728121 -0.00601188588 0.25495316744 3.91246754186 0.00000000000 0.00000000000 0.00000000000 0.00000000000 0.00000000000 0.00000000000 0.25502403879
0.05907672777 -0.00600024411 0.25495341558 3.91228531407 0.00000000000 0.00000000000 0.00000000000 0.00000000000 0.00000000000 0.00000000000 0.25502401268
0.05907617422 -0.00598860025 0.25495366323 3.91246325614 0.00000000000 0.00000000000 0.00000000000 0.00000000000 0.00000000000 0.00000000000 0.25502398657
0.05907562056 -0.00597695397 0.25495391040 3.91227459223 0.00000000000 0.00000000000 0.00000000000 0.00000000000 0.00000000000 0.00000000000 0.25502396045
0.05907506677 -0.00596530497 0.25495415709 3.91240428132 0.00000000000 0.00000000000 0.00000000000 0.00000000000 0.00000000000 0.00000000000 0.25502393433
0.05907451285 -0.00595365305 0.25495440331 3.91229109531 0.00000000000 0.00000000000 0.00000000000 0.00000000000 0.00000000000 0.00000000000 0.25502390820
0.05907395878 -0.00594199811 0.25495464907 3.91227153285 0.00000000000 0.00000000000 0.00000000000 0.00000000000 0.00000000000 0.00000000000 0.25502388207
0.05907340457 -0.00593034027 0.25495489435 3.91237317869 0.00000000000 0.00000000000 0.00000000000 0.00000000000 0.00000000000 0.00000000000 0.25502385592
0.05907285024 -0.00591867986 0.25495513916 3.91210758819 0.00000000000 0.00000000000 0.00000000000 0.00000000000 0.00000000000 0.00000000000 0.25502382978
0.05907229583 -0.00590701755 0.25495538347 3.91254849259 0.00000000000 0.00000000000 0.00000000000 0.00000000000 0.00000000000 0.00000000000 0.25502380362
0.05907174136 -0.00589535424 0.25495562726 3.91198021543 0.00000000000 0.00000000000 0.00000000000 0.00000000000 0.00000000000 0.00000000000 0.25502377747
0.05907118691 -0.00588369125 0.25495587052 3.91278933294 0.00000000000 0.00000000000 0.00000000000 0.00000000000 0.00000000000 0.00000000000 0.25502375132
0.05907063255 -0.00587203009 0.25495611321 3.91188617073 0.00000000000 0.00000000000 0.00000000000 0.00000000000 0.00000000000 0.00000000000 0.25502372517
0.05907007837 -0.00586037268 0.25495635528 3.91301077943 0.00000000000 0.00000000000 0.00000000000 0.00000000000 0.00000000000 0.00000000000 0.25502369903
0.05906952446 -0.00584872106 0.25495659670 3.91186136191 0.00000000000 0.00000000000 0.00000000000 0.00000000000 0.00000000000 0.00000000000 0.25502367290
0.05906897094 -0.00583707737 0.25495683742 3.91306171596 0.00000000000 0.00000000000 0.00000000000 0.00000000000 0.00000000000 0.00000000000 0.25502364679
0.05906841788 -0.00582544367 0.25495707741 3.91199441269 0.00000000000 0.00000000000 0.00000000000 0.00000000000 0.00000000000 0.00000000000 0.25502362070
0.05906786538 -0.00581382161 0.25495731663 3.91279333091 0.00000000000 0.00000000000 0.00000000000 0.00000000000 0.00000000000 0.00000000000 0.25502359464
0.05906731349 -0.00580221238 0.25495755505 3.91236086517 0.00000000000 0.00000000000 0.00000000000 0.00000000000 0.00000000000 0.00000000000 0.25502356861
0.05906676222 -0.00579061607 0.25495779268 3.91202632699 0.00000000000 0.00000000000 0.00000000000 0.00000000000 0.00000000000 0.00000000000 0.25502354260
0.05906621153 -0.00577903210 0.25495802953 3.91272115250 0.00000000000 0.00000000000 0.00000000000 0.00000000000 0.00000000000 0.00000000000 0.25502351663
0.05906566134 -0.00576745863 0.25495826564 3.91117825744 0.00000000000 0.00000000000 0.00000000000 0.00000000000 0.00000000000 0.00000000000 0.25502349067
0.05906511155 -0.00575589334 0.25495850105 3.91295249161 0.00000000000 0.00000000000 0.00000000000 0.00000000000 0.00000000000 0.00000000000 0.25502346474
0.05906456200 -0.00574433325 0.25495873584 3.93180691059 0.00000000000 0.00000000000 0.00000000000 0.00000000000 0.00000000000 0.00000000000 0.25502343882
0.05906401254 -0.00573277513 0.25495897006 4.25727796190 0.00000000000 0.00000000000 0.00000000000 0.00000000000 0.00000000000 0.00000000000 0.25502341289
0.05906346301 -0.00572121534 0.25495920373 4.52802440641 0.00000000000 0.00000000000 0.00000000000 0.00000000000 0.00000000000 0.00000000000 0.25502338692
0.05906291326 -0.00570965115 0.25495943691 3.77369864776 0.00000000000 0.00000000000 0.00000000000 0.00000000000 0.00000000000 0.00000000000 0.25502336087
0.05906236336 -0.00569808352 0.25495966966 3.04576058263 0.00000000000 0.00000000000 0.00000000000 0.00000000000 0.00000000000 0.00000000000 0.25502333483
0.05906181335 -0.00568651378 0.25495990202 3.09953308643 0.00000000000 0.00000000000 0.00000000000 0.00000000000 0.00000000000 0.00000000000 0.25502330889
0.05906126324 -0.00567494191 0.25496013401 3.15288695962 0.00000000000 0.00000000000 0.00000000000 0.00000000000 0.00000000000 0.00000000000 0.25502328305
0.05906071302 -0.00566336756 0.25496036562 3.20580828170 0.00000000000 0.00000000000 0.00000000000 0.00000000000 0.00000000000 0.00000000000 0.25502325731
0.05906016266 -0.00565179038 0.25496059686 3.25828321321 0.00000000000 0.00000000000 0.00000000000 0.00000000000 0.00000000000 0.00000000000 0.25502323166
