VARIABLES=
"CoordinateX"
"CoordinateY"
"CoordinateZ"
"Kappa1"
"Kappa2"
"dy"
"dz"
"d2x"
"d2y"
"d2z"
"R"
ZONE T="Konrollpunkte"
I=101, J=1, K=1
0.05869802348 -0.00556743913 0.25676810173 0.00000000000 0.00000000000 0.00000000000 0.00000000000 0.00000000000 0.00000000000 0.00000000000 0.00000000000
0.05868205817 -0.00557069810 0.25676746957 0.00000000000 0.00000000000 0.00000000000 0.00000000000 0.00000000000 0.00000000000 0.00000000000 0.00000000000
0.05865810211 -0.00557553379 0.25676652211 0.00000000000 0.00000000000 0.00000000000 0.00000000000 0.00000000000 0.00000000000 0.00000000000 0.00000000000
0.05862613999 -0.00558187600 0.25676526024 0.00000000000 0.00000000000 0.00000000000 0.00000000000 0.00000000000 0.00000000000 0.00000000000 0.00000000000
0.05860215838 -0.00558657972 0.25676431454 0.00000000000 0.00000000000 0.00000000000 0.00000000000 0.00000000000 0.00000000000 0.00000000000 0.00000000000
0.05857816644 -0.00559123037 0.25676336955 0.00000000000 0.00000000000 0.00000000000 0.00000000000 0.00000000000 0.00000000000 0.00000000000 0.00000000000
0.05855416425 -0.00559582774 0.25676242527 0.00000000000 0.00000000000 0.00000000000 0.00000000000 0.00000000000 0.00000000000 0.00000000000 0.00000000000
0.05853015190 -0.00560037164 0.25676148172 0.00000000000 0.00000000000 0.00000000000 0.00000000000 0.00000000000 0.00000000000 0.00000000000 0.00000000000
0.05850612949 -0.00560486186 0.25676053890 0.00000000000 0.00000000000 0.00000000000 0.00000000000 0.00000000000 0.00000000000 0.00000000000 0.00000000000
0.05848209712 -0.00560929820 0.25675959683 0.00000000000 0.00000000000 0.00000000000 0.00000000000 0.00000000000 0.00000000000 0.00000000000 0.00000000000
0.05845805490 -0.00561368049 0.25675865552 0.00000000000 0.00000000000 0.00000000000 0.00000000000 0.00000000000 0.00000000000 0.00000000000 0.00000000000
0.05843400294 -0.00561800855 0.25675771498 0.00000000000 0.00000000000 0.00000000000 0.00000000000 0.00000000000 0.00000000000 0.00000000000 0.00000000000
0.05840994135 -0.00562228220 0.25675677522 0.00000000000 0.00000000000 0.00000000000 0.00000000000 0.00000000000 0.00000000000 0.00000000000 0.00000000000
0.05838587022 -0.00562650129 0.25675583624 0.00000000000 0.00000000000 0.00000000000 0.00000000000 0.00000000000 0.00000000000 0.00000000000 0.00000000000
0.05836178963 -0.00563066567 0.25675489807 0.00000000000 0.00000000000 0.00000000000 0.00000000000 0.00000000000 0.00000000000 0.00000000000 0.00000000000
0.05833769966 -0.00563477517 0.25675396070 0.00000000000 0.00000000000 0.00000000000 0.00000000000 0.00000000000 0.00000000000 0.00000000000 0.00000000000
0.05831360038 -0.00563882966 0.25675302414 0.00000000000 0.00000000000 0.00000000000 0.00000000000 0.00000000000 0.00000000000 0.00000000000 0.00000000000
0.05828949188 -0.00564282897 0.25675208841 0.00000000000 0.00000000000 0.00000000000 0.00000000000 0.00000000000 0.00000000000 0.00000000000 0.00000000000
0.05826537425 -0.00564677296 0.25675115351 0.00000000000 0.00000000000 0.00000000000 0.00000000000 0.00000000000 0.00000000000 0.00000000000 0.00000000000
0.05824124759 -0.00565066148 0.25675021945 0.00000000000 0.00000000000 0.00000000000 0.00000000000 0.00000000000 0.00000000000 0.00000000000 0.00000000000
0.05821711202 -0.00565449440 0.25674928624 0.00000000000 0.00000000000 0.00000000000 0.00000000000 0.00000000000 0.00000000000 0.00000000000 0.00000000000
0.05819296768 -0.00565827164 0.25674835390 0.00000000000 0.00000000000 0.00000000000 0.00000000000 0.00000000000 0.00000000000 0.00000000000 0.00000000000
0.05816881471 -0.00566199313 0.25674742242 0.00000000000 0.00000000000 0.00000000000 0.00000000000 0.00000000000 0.00000000000 0.00000000000 0.00000000000
0.05814465324 -0.00566565883 0.25674649182 0.00000000000 0.00000000000 0.00000000000 0.00000000000 0.00000000000 0.00000000000 0.00000000000 0.00000000000
0.05812048342 -0.00566926874 0.25674556211 0.00000000000 0.00000000000 0.00000000000 0.00000000000 0.00000000000 0.00000000000 0.00000000000 0.00000000000
0.05809630537 -0.00567282286 0.25674463329 0.00000000000 0.00000000000 0.00000000000 0.00000000000 0.00000000000 0.00000000000 0.00000000000 0.00000000000
0.05807211922 -0.00567632122 0.25674370537 0.00000000000 0.00000000000 0.00000000000 0.00000000000 0.00000000000 0.00000000000 0.00000000000 0.00000000000
0.05804792510 -0.00567976386 0.25674277835 0.00000000000 0.00000000000 0.00000000000 0.00000000000 0.00000000000 0.00000000000 0.00000000000 0.00000000000
0.05802372311 -0.00568315081 0.25674185224 0.00000000000 0.00000000000 0.00000000000 0.00000000000 0.00000000000 0.00000000000 0.00000000000 0.00000000000
0.05799951337 -0.00568648212 0.25674092705 0.00000000000 0.00000000000 0.00000000000 0.00000000000 0.00000000000 0.00000000000 0.00000000000 0.00000000000
0.05797529600 -0.00568975781 0.25674000277 0.00000000000 0.00000000000 0.00000000000 0.00000000000 0.00000000000 0.00000000000 0.00000000000 0.00000000000
0.05795107114 -0.00569297792 0.25673907942 0.00000000000 0.00000000000 0.00000000000 0.00000000000 0.00000000000 0.00000000000 0.00000000000 0.00000000000
0.05792683894 -0.00569614255 0.25673815701 0.00000000000 0.00000000000 0.00000000000 0.00000000000 0.00000000000 0.00000000000 0.00000000000 0.00000000000
0.05790259956 -0.00569925182 0.25673723553 0.00000000000 0.00000000000 0.00000000000 0.00000000000 0.00000000000 0.00000000000 0.00000000000 0.00000000000
0.05787835318 -0.00570230587 0.25673631499 0.00000000000 0.00000000000 0.00000000000 0.00000000000 0.00000000000 0.00000000000 0.00000000000 0.00000000000
0.05785409999 -0.00570530494 0.25673539540 0.00000000000 0.00000000000 0.00000000000 0.00000000000 0.00000000000 0.00000000000 0.00000000000 0.00000000000
0.05782984015 -0.00570824930 0.25673447676 0.00000000000 0.00000000000 0.00000000000 0.00000000000 0.00000000000 0.00000000000 0.00000000000 0.00000000000
0.05780557385 -0.00571113922 0.25673355907 0.00000000000 0.00000000000 0.00000000000 0.00000000000 0.00000000000 0.00000000000 0.00000000000 0.00000000000
0.05778130124 -0.00571397504 0.25673264232 0.00000000000 0.00000000000 0.00000000000 0.00000000000 0.00000000000 0.00000000000 0.00000000000 0.00000000000
0.05775702249 -0.00571675712 0.25673172653 0.00000000000 0.00000000000 0.00000000000 0.00000000000 0.00000000000 0.00000000000 0.00000000000 0.00000000000
0.05773273775 -0.00571948581 0.25673081168 0.00000000000 0.00000000000 0.00000000000 0.00000000000 0.00000000000 0.00000000000 0.00000000000 0.00000000000
0.05770844714 -0.00572216146 0.25672989778 0.00000000000 0.00000000000 0.00000000000 0.00000000000 0.00000000000 0.00000000000 0.00000000000 0.00000000000
0.05768415082 -0.00572478444 0.25672898482 0.00000000000 0.00000000000 0.00000000000 0.00000000000 0.00000000000 0.00000000000 0.00000000000 0.00000000000
0.05765984891 -0.00572735507 0.25672807281 0.00000000000 0.00000000000 0.00000000000 0.00000000000 0.00000000000 0.00000000000 0.00000000000 0.00000000000
0.05763554157 -0.00572987370 0.25672716174 0.00000000000 0.00000000000 0.00000000000 0.00000000000 0.00000000000 0.00000000000 0.00000000000 0.00000000000
0.05761122894 -0.00573234066 0.25672625161 0.00000000000 0.00000000000 0.00000000000 0.00000000000 0.00000000000 0.00000000000 0.00000000000 0.00000000000
0.05758691117 -0.00573475630 0.25672534243 0.00000000000 0.00000000000 0.00000000000 0.00000000000 0.00000000000 0.00000000000 0.00000000000 0.00000000000
0.05756258842 -0.00573712095 0.25672443419 0.00000000000 0.00000000000 0.00000000000 0.00000000000 0.00000000000 0.00000000000 0.00000000000 0.00000000000
0.05753826083 -0.00573943494 0.25672352688 0.00000000000 0.00000000000 0.00000000000 0.00000000000 0.00000000000 0.00000000000 0.00000000000 0.00000000000
0.05751392854 -0.00574169860 0.25672262052 0.00000000000 0.00000000000 0.00000000000 0.00000000000 0.00000000000 0.00000000000 0.00000000000 0.00000000000
0.05748959169 -0.00574391227 0.25672171509 0.00000000000 0.00000000000 0.00000000000 0.00000000000 0.00000000000 0.00000000000 0.00000000000 0.00000000000
0.05746525042 -0.00574607627 0.25672081061 0.00000000000 0.00000000000 0.00000000000 0.00000000000 0.00000000000 0.00000000000 0.00000000000 0.00000000000
0.05744090485 -0.00574819094 0.25671990705 0.00000000000 0.00000000000 0.00000000000 0.00000000000 0.00000000000 0.00000000000 0.00000000000 0.00000000000
0.05741655511 -0.00575025660 0.25671900443 0.00000000000 0.00000000000 0.00000000000 0.00000000000 0.00000000000 0.00000000000 0.00000000000 0.00000000000
0.05739220131 -0.00575227359 0.25671810274 0.00000000000 0.00000000000 0.00000000000 0.00000000000 0.00000000000 0.00000000000 0.00000000000 0.00000000000
0.05736784359 -0.00575424222 0.25671720198 0.00000000000 0.00000000000 0.00000000000 0.00000000000 0.00000000000 0.00000000000 0.00000000000 0.00000000000
0.05734348205 -0.00575616284 0.25671630215 0.00000000000 0.00000000000 0.00000000000 0.00000000000 0.00000000000 0.00000000000 0.00000000000 0.00000000000
0.05731911680 -0.00575803575 0.25671540324 0.00000000000 0.00000000000 0.00000000000 0.00000000000 0.00000000000 0.00000000000 0.00000000000 0.00000000000
0.05729474797 -0.00575986126 0.25671450525 0.00000000000 0.00000000000 0.00000000000 0.00000000000 0.00000000000 0.00000000000 0.00000000000 0.00000000000
0.05727037566 -0.00576163971 0.25671360819 0.00000000000 0.00000000000 0.00000000000 0.00000000000 0.00000000000 0.00000000000 0.00000000000 0.00000000000
0.05724599998 -0.00576337137 0.25671271205 0.00000000000 0.00000000000 0.00000000000 0.00000000000 0.00000000000 0.00000000000 0.00000000000 0.00000000000
0.05722162102 -0.00576505654 0.25671181682 0.00000000000 0.00000000000 0.00000000000 0.00000000000 0.00000000000 0.00000000000 0.00000000000 0.00000000000
0.05719723891 -0.00576669552 0.25671092250 0.00000000000 0.00000000000 0.00000000000 0.00000000000 0.00000000000 0.00000000000 0.00000000000 0.00000000000
0.05717285373 -0.00576828856 0.25671002911 0.00000000000 0.00000000000 0.00000000000 0.00000000000 0.00000000000 0.00000000000 0.00000000000 0.00000000000
0.05714846562 -0.00576983594 0.25670913662 0.00000000000 0.00000000000 0.00000000000 0.00000000000 0.00000000000 0.00000000000 0.00000000000 0.00000000000
0.05712407468 -0.00577133794 0.25670824505 0.00000000000 0.00000000000 0.00000000000 0.00000000000 0.00000000000 0.00000000000 0.00000000000 0.00000000000
0.05709968102 -0.00577279483 0.25670735438 0.00000000000 0.00000000000 0.00000000000 0.00000000000 0.00000000000 0.00000000000 0.00000000000 0.00000000000
0.05707528474 -0.00577420686 0.25670646462 0.00000000000 0.00000000000 0.00000000000 0.00000000000 0.00000000000 0.00000000000 0.00000000000 0.00000000000
0.05705088596 -0.00577557430 0.25670557577 0.00000000000 0.00000000000 0.00000000000 0.00000000000 0.00000000000 0.00000000000 0.00000000000 0.00000000000
0.05702648477 -0.00577689740 0.25670468783 0.00000000000 0.00000000000 0.00000000000 0.00000000000 0.00000000000 0.00000000000 0.00000000000 0.00000000000
0.05700208125 -0.00577817642 0.25670380079 0.00000000000 0.00000000000 0.00000000000 0.00000000000 0.00000000000 0.00000000000 0.00000000000 0.00000000000
0.05697767550 -0.00577941157 0.25670291465 0.00000000000 0.00000000000 0.00000000000 0.00000000000 0.00000000000 0.00000000000 0.00000000000 0.00000000000
0.05695326759 -0.00578060303 0.25670202942 0.00000000000 0.00000000000 0.00000000000 0.00000000000 0.00000000000 0.00000000000 0.00000000000 0.00000000000
0.05692885760 -0.00578175096 0.25670114508 0.00000000000 0.00000000000 0.00000000000 0.00000000000 0.00000000000 0.00000000000 0.00000000000 0.00000000000
0.05690444559 -0.00578285549 0.25670026165 0.00000000000 0.00000000000 0.00000000000 0.00000000000 0.00000000000 0.00000000000 0.00000000000 0.00000000000
0.05688003166 -0.00578391670 0.25669937912 0.00000000000 0.00000000000 0.00000000000 0.00000000000 0.00000000000 0.00000000000 0.00000000000 0.00000000000
0.05685561590 -0.00578493467 0.25669849750 0.00000000000 0.00000000000 0.00000000000 0.00000000000 0.00000000000 0.00000000000 0.00000000000 0.00000000000
0.05683119840 -0.00578590947 0.25669761678 0.00000000000 0.00000000000 0.00000000000 0.00000000000 0.00000000000 0.00000000000 0.00000000000 0.00000000000
0.05680677929 -0.00578684116 0.25669673698 0.00000000000 0.00000000000 0.00000000000 0.00000000000 0.00000000000 0.00000000000 0.00000000000 0.00000000000
0.05678235868 -0.00578772980 0.25669585809 0.00000000000 0.00000000000 0.00000000000 0.00000000000 0.00000000000 0.00000000000 0.00000000000 0.00000000000
0.05675793670 -0.00578857545 0.25669498011 0.00000000000 0.00000000000 0.00000000000 0.00000000000 0.00000000000 0.00000000000 0.00000000000 0.00000000000
0.05673351344 -0.00578937820 0.25669410306 0.00000000000 0.00000000000 0.00000000000 0.00000000000 0.00000000000 0.00000000000 0.00000000000 0.00000000000
0.05670908899 -0.00579013805 0.25669322693 0.00000000000 0.00000000000 0.00000000000 0.00000000000 0.00000000000 0.00000000000 0.00000000000 0.00000000000
0.05668466340 -0.00579085484 0.25669235173 0.00000000000 0.00000000000 0.00000000000 0.00000000000 0.00000000000 0.00000000000 0.00000000000 0.00000000000
0.05666023690 -0.00579152845 0.25669147747 0.00000000000 0.00000000000 0.00000000000 0.00000000000 0.00000000000 0.00000000000 0.00000000000 0.00000000000
0.05663581046 -0.00579215847 0.25669060419 0.00000000000 0.00000000000 0.00000000000 0.00000000000 0.00000000000 0.00000000000 0.00000000000 0.00000000000
0.05661138707 -0.00579274422 0.25668973202 0.00000000000 0.00000000000 0.00000000000 0.00000000000 0.00000000000 0.00000000000 0.00000000000 0.00000000000
0.05658697404 -0.00579328490 0.25668886123 0.00000000000 0.00000000000 0.00000000000 0.00000000000 0.00000000000 0.00000000000 0.00000000000 0.00000000000
0.05656258525 -0.00579377958 0.25668799233 0.00000000000 0.00000000000 0.00000000000 0.00000000000 0.00000000000 0.00000000000 0.00000000000 0.00000000000
0.05653824104 -0.00579422722 0.25668712605 0.00000000000 0.00000000000 0.00000000000 0.00000000000 0.00000000000 0.00000000000 0.00000000000 0.00000000000
0.05651396319 -0.00579462692 0.25668626320 0.00000000000 0.00000000000 0.00000000000 0.00000000000 0.00000000000 0.00000000000 0.00000000000 0.00000000000
0.05648976487 -0.00579497809 0.25668540423 0.00000000000 0.00000000000 0.00000000000 0.00000000000 0.00000000000 0.00000000000 0.00000000000 0.00000000000
0.05646563995 -0.00579528044 0.25668454895 0.00000000000 0.00000000000 0.00000000000 0.00000000000 0.00000000000 0.00000000000 0.00000000000 0.00000000000
0.05644156158 -0.00579553398 0.25668369640 0.00000000000 0.00000000000 0.00000000000 0.00000000000 0.00000000000 0.00000000000 0.00000000000 0.00000000000
0.05641749380 -0.00579573834 0.25668284534 0.00000000000 0.00000000000 0.00000000000 0.00000000000 0.00000000000 0.00000000000 0.00000000000 0.00000000000
0.05639342415 -0.00579589265 0.25668199534 0.00000000000 0.00000000000 0.00000000000 0.00000000000 0.00000000000 0.00000000000 0.00000000000 0.00000000000
0.05636940720 -0.00579599710 0.25668114832 0.00000000000 0.00000000000 0.00000000000 0.00000000000 0.00000000000 0.00000000000 0.00000000000 0.00000000000
0.05634558294 -0.00579605432 0.25668030915 0.00000000000 0.00000000000 0.00000000000 0.00000000000 0.00000000000 0.00000000000 0.00000000000 0.00000000000
0.05631433417 -0.00579606410 0.25667920993 0.00000000000 0.00000000000 0.00000000000 0.00000000000 0.00000000000 0.00000000000 0.00000000000 0.00000000000
0.05629127090 -0.00579598088 0.25667840069 0.00000000000 0.00000000000 0.00000000000 0.00000000000 0.00000000000 0.00000000000 0.00000000000 0.00000000000
0.05627583562 -0.00579588290 0.25667786005 0.00000000000 0.00000000000 0.00000000000 0.00000000000 0.00000000000 0.00000000000 0.00000000000 0.00000000000
ZONE T="NURB"
I=201, J=1, K=1
0.05869802348 -0.00556743913 0.25676810173 89.13176937133 0.00000000000 0.00000000000 0.00000000000 0.00000000000 0.00000000000 0.00000000000 0.25682845334
0.05868606522 -0.00556987336 0.25676762837 89.29655058765 0.00000000000 0.00000000000 0.00000000000 0.00000000000 0.00000000000 0.00000000000 0.25682803287
0.05867410475 -0.00557229445 0.25676715519 89.45724603375 0.00000000000 0.00000000000 0.00000000000 0.00000000000 0.00000000000 0.00000000000 0.25682761232
0.05866214194 -0.00557470241 0.25676668221 89.61383636222 0.00000000000 0.00000000000 0.00000000000 0.00000000000 0.00000000000 0.00000000000 0.25682719170
0.05865017666 -0.00557709723 0.25676620940 89.76630292418 0.00000000000 0.00000000000 0.00000000000 0.00000000000 0.00000000000 0.00000000000 0.25682677100
0.05863820880 -0.00557947891 0.25676573677 89.92429543853 0.00000000000 0.00000000000 0.00000000000 0.00000000000 0.00000000000 0.00000000000 0.25682635021
0.05862623834 -0.00558184744 0.25676526431 90.08229154265 0.00000000000 0.00000000000 0.00000000000 0.00000000000 0.00000000000 0.00000000000 0.25682592933
0.05861426528 -0.00558420280 0.25676479202 90.23886802911 0.00000000000 0.00000000000 0.00000000000 0.00000000000 0.00000000000 0.00000000000 0.25682550835
0.05860228963 -0.00558654494 0.25676431990 90.39544836742 0.00000000000 0.00000000000 0.00000000000 0.00000000000 0.00000000000 0.00000000000 0.25682508729
0.05859031140 -0.00558887386 0.25676384796 90.55234865675 0.00000000000 0.00000000000 0.00000000000 0.00000000000 0.00000000000 0.00000000000 0.25682466613
0.05857833061 -0.00559118952 0.25676337620 90.70942702265 0.00000000000 0.00000000000 0.00000000000 0.00000000000 0.00000000000 0.00000000000 0.25682424488
0.05856634725 -0.00559349190 0.25676290461 90.85904640550 0.00000000000 0.00000000000 0.00000000000 0.00000000000 0.00000000000 0.00000000000 0.25682382354
0.05855436135 -0.00559578098 0.25676243321 91.00869061495 0.00000000000 0.00000000000 0.00000000000 0.00000000000 0.00000000000 0.00000000000 0.25682340211
0.05854237292 -0.00559805672 0.25676196198 91.16135457469 0.00000000000 0.00000000000 0.00000000000 0.00000000000 0.00000000000 0.00000000000 0.25682298059
0.05853038196 -0.00560031910 0.25676149094 91.31420439495 0.00000000000 0.00000000000 0.00000000000 0.00000000000 0.00000000000 0.00000000000 0.25682255899
0.05851838849 -0.00560256811 0.25676102008 91.45847625933 0.00000000000 0.00000000000 0.00000000000 0.00000000000 0.00000000000 0.00000000000 0.25682213729
0.05850639252 -0.00560480371 0.25676054941 91.60271866414 0.00000000000 0.00000000000 0.00000000000 0.00000000000 0.00000000000 0.00000000000 0.25682171551
0.05849439406 -0.00560702587 0.25676007892 91.73498240261 0.00000000000 0.00000000000 0.00000000000 0.00000000000 0.00000000000 0.00000000000 0.25682129364
0.05848239313 -0.00560923459 0.25675960862 91.86712808511 0.00000000000 0.00000000000 0.00000000000 0.00000000000 0.00000000000 0.00000000000 0.25682087168
0.05847038973 -0.00561142983 0.25675913851 91.99826503885 0.00000000000 0.00000000000 0.00000000000 0.00000000000 0.00000000000 0.00000000000 0.25682044964
0.05845838388 -0.00561361157 0.25675866859 92.12952823305 0.00000000000 0.00000000000 0.00000000000 0.00000000000 0.00000000000 0.00000000000 0.25682002751
0.05844637560 -0.00561577979 0.25675819886 92.25568514777 0.00000000000 0.00000000000 0.00000000000 0.00000000000 0.00000000000 0.00000000000 0.25681960529
0.05843436489 -0.00561793448 0.25675772932 92.38183224292 0.00000000000 0.00000000000 0.00000000000 0.00000000000 0.00000000000 0.00000000000 0.25681918299
0.05842235177 -0.00562007560 0.25675725998 92.49662387393 0.00000000000 0.00000000000 0.00000000000 0.00000000000 0.00000000000 0.00000000000 0.25681876061
0.05841033625 -0.00562220314 0.25675679083 92.61116610774 0.00000000000 0.00000000000 0.00000000000 0.00000000000 0.00000000000 0.00000000000 0.25681833814
0.05839831834 -0.00562431708 0.25675632187 92.72811462655 0.00000000000 0.00000000000 0.00000000000 0.00000000000 0.00000000000 0.00000000000 0.25681791558
0.05838629806 -0.00562641740 0.25675585312 92.84522807403 0.00000000000 0.00000000000 0.00000000000 0.00000000000 0.00000000000 0.00000000000 0.25681749295
0.05837427541 -0.00562850408 0.25675538456 92.95992597413 0.00000000000 0.00000000000 0.00000000000 0.00000000000 0.00000000000 0.00000000000 0.25681707022
0.05836225040 -0.00563057710 0.25675491620 93.07459862073 0.00000000000 0.00000000000 0.00000000000 0.00000000000 0.00000000000 0.00000000000 0.25681664742
0.05835022305 -0.00563263644 0.25675444805 93.19245010504 0.00000000000 0.00000000000 0.00000000000 0.00000000000 0.00000000000 0.00000000000 0.25681622454
0.05833819337 -0.00563468209 0.25675398009 93.31048727011 0.00000000000 0.00000000000 0.00000000000 0.00000000000 0.00000000000 0.00000000000 0.25681580157
0.05832616137 -0.00563671401 0.25675351234 93.42367484255 0.00000000000 0.00000000000 0.00000000000 0.00000000000 0.00000000000 0.00000000000 0.25681537852
0.05831412706 -0.00563873220 0.25675304479 93.53672814240 0.00000000000 0.00000000000 0.00000000000 0.00000000000 0.00000000000 0.00000000000 0.25681495539
0.05830209044 -0.00564073664 0.25675257745 93.64401454833 0.00000000000 0.00000000000 0.00000000000 0.00000000000 0.00000000000 0.00000000000 0.25681453218
0.05829005154 -0.00564272730 0.25675211031 93.75113606455 0.00000000000 0.00000000000 0.00000000000 0.00000000000 0.00000000000 0.00000000000 0.25681410888
0.05827801037 -0.00564470417 0.25675164339 93.85848842397 0.00000000000 0.00000000000 0.00000000000 0.00000000000 0.00000000000 0.00000000000 0.25681368551
0.05826596693 -0.00564666723 0.25675117667 93.96597282826 0.00000000000 0.00000000000 0.00000000000 0.00000000000 0.00000000000 0.00000000000 0.25681326206
0.05825392125 -0.00564861646 0.25675071016 94.06110835260 0.00000000000 0.00000000000 0.00000000000 0.00000000000 0.00000000000 0.00000000000 0.25681283853
0.05824187333 -0.00565055184 0.25675024386 94.15573851215 0.00000000000 0.00000000000 0.00000000000 0.00000000000 0.00000000000 0.00000000000 0.25681241492
0.05822982320 -0.00565247337 0.25674977777 94.20585276369 0.00000000000 0.00000000000 0.00000000000 0.00000000000 0.00000000000 0.00000000000 0.25681199123
0.05821777086 -0.00565438102 0.25674931190 94.25367121356 0.00000000000 0.00000000000 0.00000000000 0.00000000000 0.00000000000 0.00000000000 0.25681156747
0.05820571633 -0.00565627479 0.25674884624 94.29206696209 0.00000000000 0.00000000000 0.00000000000 0.00000000000 0.00000000000 0.00000000000 0.25681114363
0.05819365963 -0.00565815467 0.25674838080 94.33007189829 0.00000000000 0.00000000000 0.00000000000 0.00000000000 0.00000000000 0.00000000000 0.25681071971
0.05818160077 -0.00566002065 0.25674791558 94.35346679610 0.00000000000 0.00000000000 0.00000000000 0.00000000000 0.00000000000 0.00000000000 0.25681029572
0.05816953978 -0.00566187273 0.25674745057 94.37611611436 0.00000000000 0.00000000000 0.00000000000 0.00000000000 0.00000000000 0.00000000000 0.25680987165
0.05815747666 -0.00566371090 0.25674698578 94.36052222956 0.00000000000 0.00000000000 0.00000000000 0.00000000000 0.00000000000 0.00000000000 0.25680944750
0.05814541144 -0.00566553516 0.25674652121 94.34260926510 0.00000000000 0.00000000000 0.00000000000 0.00000000000 0.00000000000 0.00000000000 0.25680902329
0.05813334413 -0.00566734551 0.25674605686 94.31574969102 0.00000000000 0.00000000000 0.00000000000 0.00000000000 0.00000000000 0.00000000000 0.25680859900
0.05812127475 -0.00566914195 0.25674559273 94.28840793187 0.00000000000 0.00000000000 0.00000000000 0.00000000000 0.00000000000 0.00000000000 0.25680817463
0.05810920331 -0.00567092448 0.25674512883 94.26029098384 0.00000000000 0.00000000000 0.00000000000 0.00000000000 0.00000000000 0.00000000000 0.25680775020
0.05809712984 -0.00567269311 0.25674466514 94.23221797291 0.00000000000 0.00000000000 0.00000000000 0.00000000000 0.00000000000 0.00000000000 0.25680732569
0.05808505434 -0.00567444784 0.25674420169 94.18581191200 0.00000000000 0.00000000000 0.00000000000 0.00000000000 0.00000000000 0.00000000000 0.25680690111
0.05807297683 -0.00567618867 0.25674373845 94.13813601780 0.00000000000 0.00000000000 0.00000000000 0.00000000000 0.00000000000 0.00000000000 0.25680647646
0.05806089733 -0.00567791560 0.25674327544 94.09134115282 0.00000000000 0.00000000000 0.00000000000 0.00000000000 0.00000000000 0.00000000000 0.25680605174
0.05804881586 -0.00567962865 0.25674281266 94.04468657006 0.00000000000 0.00000000000 0.00000000000 0.00000000000 0.00000000000 0.00000000000 0.25680562695
0.05803673242 -0.00568132781 0.25674235010 94.00112451284 0.00000000000 0.00000000000 0.00000000000 0.00000000000 0.00000000000 0.00000000000 0.25680520209
0.05802464705 -0.00568301310 0.25674188777 93.95788840975 0.00000000000 0.00000000000 0.00000000000 0.00000000000 0.00000000000 0.00000000000 0.25680477717
0.05801255974 -0.00568468451 0.25674142567 93.91542962954 0.00000000000 0.00000000000 0.00000000000 0.00000000000 0.00000000000 0.00000000000 0.25680435217
0.05800047051 -0.00568634205 0.25674096380 93.87312685328 0.00000000000 0.00000000000 0.00000000000 0.00000000000 0.00000000000 0.00000000000 0.25680392711
0.05798837939 -0.00568798572 0.25674050216 93.83910113901 0.00000000000 0.00000000000 0.00000000000 0.00000000000 0.00000000000 0.00000000000 0.25680350198
0.05797628639 -0.00568961553 0.25674004075 93.80588961317 0.00000000000 0.00000000000 0.00000000000 0.00000000000 0.00000000000 0.00000000000 0.25680307679
0.05796419153 -0.00569123148 0.25673957957 93.70273410329 0.00000000000 0.00000000000 0.00000000000 0.00000000000 0.00000000000 0.00000000000 0.25680265153
0.05795209481 -0.00569283358 0.25673911862 93.59346704437 0.00000000000 0.00000000000 0.00000000000 0.00000000000 0.00000000000 0.00000000000 0.25680222621
0.05793999627 -0.00569442185 0.25673865790 93.47573788069 0.00000000000 0.00000000000 0.00000000000 0.00000000000 0.00000000000 0.00000000000 0.25680180082
0.05792789592 -0.00569599630 0.25673819742 93.35738170161 0.00000000000 0.00000000000 0.00000000000 0.00000000000 0.00000000000 0.00000000000 0.25680137536
0.05791579378 -0.00569755695 0.25673773717 93.22493160916 0.00000000000 0.00000000000 0.00000000000 0.00000000000 0.00000000000 0.00000000000 0.25680094985
0.05790368988 -0.00569910381 0.25673727716 93.09128728115 0.00000000000 0.00000000000 0.00000000000 0.00000000000 0.00000000000 0.00000000000 0.25680052427
0.05789158422 -0.00570063691 0.25673681737 92.88216462265 0.00000000000 0.00000000000 0.00000000000 0.00000000000 0.00000000000 0.00000000000 0.25680009863
0.05787947684 -0.00570215626 0.25673635783 92.66571295663 0.00000000000 0.00000000000 0.00000000000 0.00000000000 0.00000000000 0.00000000000 0.25679967293
0.05786736775 -0.00570366191 0.25673589852 92.43400579490 0.00000000000 0.00000000000 0.00000000000 0.00000000000 0.00000000000 0.00000000000 0.25679924717
0.05785525698 -0.00570515388 0.25673543945 92.20087806268 0.00000000000 0.00000000000 0.00000000000 0.00000000000 0.00000000000 0.00000000000 0.25679882135
0.05784314454 -0.00570663221 0.25673498061 91.95573742081 0.00000000000 0.00000000000 0.00000000000 0.00000000000 0.00000000000 0.00000000000 0.25679839547
0.05783103045 -0.00570809692 0.25673452200 91.70945240792 0.00000000000 0.00000000000 0.00000000000 0.00000000000 0.00000000000 0.00000000000 0.25679796954
0.05781891475 -0.00570954806 0.25673406364 91.41245199149 0.00000000000 0.00000000000 0.00000000000 0.00000000000 0.00000000000 0.00000000000 0.25679754355
0.05780679744 -0.00571098567 0.25673360551 91.11001860763 0.00000000000 0.00000000000 0.00000000000 0.00000000000 0.00000000000 0.00000000000 0.25679711750
0.05779467855 -0.00571240979 0.25673314762 90.80035385490 0.00000000000 0.00000000000 0.00000000000 0.00000000000 0.00000000000 0.00000000000 0.25679669139
0.05778255810 -0.00571382046 0.25673268996 90.48996238782 0.00000000000 0.00000000000 0.00000000000 0.00000000000 0.00000000000 0.00000000000 0.25679626523
0.05777043610 -0.00571521772 0.25673223254 90.18501375592 0.00000000000 0.00000000000 0.00000000000 0.00000000000 0.00000000000 0.00000000000 0.25679583902
0.05775831259 -0.00571660163 0.25673177535 89.88076528771 0.00000000000 0.00000000000 0.00000000000 0.00000000000 0.00000000000 0.00000000000 0.25679541275
0.05774618757 -0.00571797223 0.25673131841 89.57662156593 0.00000000000 0.00000000000 0.00000000000 0.00000000000 0.00000000000 0.00000000000 0.25679498643
0.05773406106 -0.00571932955 0.25673086169 89.27254696048 0.00000000000 0.00000000000 0.00000000000 0.00000000000 0.00000000000 0.00000000000 0.25679456006
0.05772193309 -0.00572067365 0.25673040522 88.96781220521 0.00000000000 0.00000000000 0.00000000000 0.00000000000 0.00000000000 0.00000000000 0.25679413364
0.05770980366 -0.00572200456 0.25672994898 88.66305362697 0.00000000000 0.00000000000 0.00000000000 0.00000000000 0.00000000000 0.00000000000 0.25679370716
0.05769767281 -0.00572332233 0.25672949297 88.36383092958 0.00000000000 0.00000000000 0.00000000000 0.00000000000 0.00000000000 0.00000000000 0.25679328064
0.05768554054 -0.00572462701 0.25672903720 88.06537542674 0.00000000000 0.00000000000 0.00000000000 0.00000000000 0.00000000000 0.00000000000 0.25679285406
0.05767340688 -0.00572591863 0.25672858167 87.77159214739 0.00000000000 0.00000000000 0.00000000000 0.00000000000 0.00000000000 0.00000000000 0.25679242744
0.05766127184 -0.00572719724 0.25672812637 87.47849548358 0.00000000000 0.00000000000 0.00000000000 0.00000000000 0.00000000000 0.00000000000 0.25679200077
0.05764913544 -0.00572846288 0.25672767130 87.18572490347 0.00000000000 0.00000000000 0.00000000000 0.00000000000 0.00000000000 0.00000000000 0.25679157405
0.05763699771 -0.00572971559 0.25672721648 86.89308617053 0.00000000000 0.00000000000 0.00000000000 0.00000000000 0.00000000000 0.00000000000 0.25679114728
0.05762485865 -0.00573095541 0.25672676188 86.60118031314 0.00000000000 0.00000000000 0.00000000000 0.00000000000 0.00000000000 0.00000000000 0.25679072046
0.05761271829 -0.00573218239 0.25672630752 86.30946632394 0.00000000000 0.00000000000 0.00000000000 0.00000000000 0.00000000000 0.00000000000 0.25679029360
0.05760057664 -0.00573339657 0.25672585340 86.01833222196 0.00000000000 0.00000000000 0.00000000000 0.00000000000 0.00000000000 0.00000000000 0.25678986670
0.05758843373 -0.00573459799 0.25672539951 85.72737254016 0.00000000000 0.00000000000 0.00000000000 0.00000000000 0.00000000000 0.00000000000 0.25678943975
0.05757628957 -0.00573578669 0.25672494585 85.43710230875 0.00000000000 0.00000000000 0.00000000000 0.00000000000 0.00000000000 0.00000000000 0.25678901276
0.05756414418 -0.00573696271 0.25672449243 85.14702171531 0.00000000000 0.00000000000 0.00000000000 0.00000000000 0.00000000000 0.00000000000 0.25678858572
0.05755199757 -0.00573812609 0.25672403925 84.85977039917 0.00000000000 0.00000000000 0.00000000000 0.00000000000 0.00000000000 0.00000000000 0.25678815864
0.05753984978 -0.00573927689 0.25672358630 84.57301946497 0.00000000000 0.00000000000 0.00000000000 0.00000000000 0.00000000000 0.00000000000 0.25678773152
0.05752770080 -0.00574041513 0.25672313358 84.28787381527 0.00000000000 0.00000000000 0.00000000000 0.00000000000 0.00000000000 0.00000000000 0.25678730436
0.05751555066 -0.00574154086 0.25672268109 84.00304762362 0.00000000000 0.00000000000 0.00000000000 0.00000000000 0.00000000000 0.00000000000 0.25678687716
0.05750339939 -0.00574265412 0.25672222884 83.71796174746 0.00000000000 0.00000000000 0.00000000000 0.00000000000 0.00000000000 0.00000000000 0.25678644991
0.05749124698 -0.00574375494 0.25672177683 83.43290714686 0.00000000000 0.00000000000 0.00000000000 0.00000000000 0.00000000000 0.00000000000 0.25678602263
0.05747909347 -0.00574484339 0.25672132504 83.14962356948 0.00000000000 0.00000000000 0.00000000000 0.00000000000 0.00000000000 0.00000000000 0.25678559531
0.05746693886 -0.00574591948 0.25672087349 82.86668323526 0.00000000000 0.00000000000 0.00000000000 0.00000000000 0.00000000000 0.00000000000 0.25678516795
0.05745478317 -0.00574698327 0.25672042218 82.58378110301 0.00000000000 0.00000000000 0.00000000000 0.00000000000 0.00000000000 0.00000000000 0.25678474055
0.05744262642 -0.00574803480 0.25671997109 82.30094487863 0.00000000000 0.00000000000 0.00000000000 0.00000000000 0.00000000000 0.00000000000 0.25678431311
0.05743046862 -0.00574907410 0.25671952024 82.01881622733 0.00000000000 0.00000000000 0.00000000000 0.00000000000 0.00000000000 0.00000000000 0.25678388564
0.05741830980 -0.00575010121 0.25671906962 81.73686297229 0.00000000000 0.00000000000 0.00000000000 0.00000000000 0.00000000000 0.00000000000 0.25678345813
0.05740614995 -0.00575111619 0.25671861923 81.45771852318 0.00000000000 0.00000000000 0.00000000000 0.00000000000 0.00000000000 0.00000000000 0.25678303059
0.05739398911 -0.00575211907 0.25671816908 81.17910688825 0.00000000000 0.00000000000 0.00000000000 0.00000000000 0.00000000000 0.00000000000 0.25678260301
0.05738182728 -0.00575310988 0.25671771915 80.89863800762 0.00000000000 0.00000000000 0.00000000000 0.00000000000 0.00000000000 0.00000000000 0.25678217539
0.05736966448 -0.00575408867 0.25671726946 80.61790753186 0.00000000000 0.00000000000 0.00000000000 0.00000000000 0.00000000000 0.00000000000 0.25678174775
0.05735750073 -0.00575505549 0.25671682000 80.34409470883 0.00000000000 0.00000000000 0.00000000000 0.00000000000 0.00000000000 0.00000000000 0.25678132006
0.05734533604 -0.00575601036 0.25671637077 80.07155376729 0.00000000000 0.00000000000 0.00000000000 0.00000000000 0.00000000000 0.00000000000 0.25678089235
0.05733317042 -0.00575695333 0.25671592177 79.80256070091 0.00000000000 0.00000000000 0.00000000000 0.00000000000 0.00000000000 0.00000000000 0.25678046460
0.05732100388 -0.00575788445 0.25671547300 79.53425587037 0.00000000000 0.00000000000 0.00000000000 0.00000000000 0.00000000000 0.00000000000 0.25678003682
0.05730883645 -0.00575880374 0.25671502446 79.26545494442 0.00000000000 0.00000000000 0.00000000000 0.00000000000 0.00000000000 0.00000000000 0.25677960901
0.05729666814 -0.00575971125 0.25671457615 78.99661348949 0.00000000000 0.00000000000 0.00000000000 0.00000000000 0.00000000000 0.00000000000 0.25677918117
0.05728449896 -0.00576060701 0.25671412807 78.74089983276 0.00000000000 0.00000000000 0.00000000000 0.00000000000 0.00000000000 0.00000000000 0.25677875329
0.05727232892 -0.00576149107 0.25671368022 78.48769527186 0.00000000000 0.00000000000 0.00000000000 0.00000000000 0.00000000000 0.00000000000 0.25677832539
0.05726015804 -0.00576236346 0.25671323260 78.24019624295 0.00000000000 0.00000000000 0.00000000000 0.00000000000 0.00000000000 0.00000000000 0.25677789746
0.05724798633 -0.00576322422 0.25671278521 77.99383640871 0.00000000000 0.00000000000 0.00000000000 0.00000000000 0.00000000000 0.00000000000 0.25677746950
0.05723581380 -0.00576407338 0.25671233804 77.74822847699 0.00000000000 0.00000000000 0.00000000000 0.00000000000 0.00000000000 0.00000000000 0.25677704151
0.05722364047 -0.00576491098 0.25671189111 77.50281903925 0.00000000000 0.00000000000 0.00000000000 0.00000000000 0.00000000000 0.00000000000 0.25677661349
0.05721146635 -0.00576573705 0.25671144440 77.26576125129 0.00000000000 0.00000000000 0.00000000000 0.00000000000 0.00000000000 0.00000000000 0.25677618544
0.05719929146 -0.00576655163 0.25671099792 77.03042524226 0.00000000000 0.00000000000 0.00000000000 0.00000000000 0.00000000000 0.00000000000 0.25677575737
0.05718711580 -0.00576735476 0.25671055167 76.79756571613 0.00000000000 0.00000000000 0.00000000000 0.00000000000 0.00000000000 0.00000000000 0.25677532927
0.05717493939 -0.00576814646 0.25671010565 76.56527312828 0.00000000000 0.00000000000 0.00000000000 0.00000000000 0.00000000000 0.00000000000 0.25677490114
0.05716276225 -0.00576892677 0.25670965985 76.33460265238 0.00000000000 0.00000000000 0.00000000000 0.00000000000 0.00000000000 0.00000000000 0.25677447299
0.05715058439 -0.00576969572 0.25670921429 76.10433133370 0.00000000000 0.00000000000 0.00000000000 0.00000000000 0.00000000000 0.00000000000 0.25677404481
0.05713840582 -0.00577045336 0.25670876895 75.87467623215 0.00000000000 0.00000000000 0.00000000000 0.00000000000 0.00000000000 0.00000000000 0.25677361661
0.05712622656 -0.00577119970 0.25670832383 75.64521251349 0.00000000000 0.00000000000 0.00000000000 0.00000000000 0.00000000000 0.00000000000 0.25677318838
0.05711404661 -0.00577193480 0.25670787895 75.41640865123 0.00000000000 0.00000000000 0.00000000000 0.00000000000 0.00000000000 0.00000000000 0.25677276013
0.05710186599 -0.00577265866 0.25670743428 75.18780531973 0.00000000000 0.00000000000 0.00000000000 0.00000000000 0.00000000000 0.00000000000 0.25677233185
0.05708968472 -0.00577337135 0.25670698985 74.96439931003 0.00000000000 0.00000000000 0.00000000000 0.00000000000 0.00000000000 0.00000000000 0.25677190356
0.05707750280 -0.00577407287 0.25670654564 74.74218339706 0.00000000000 0.00000000000 0.00000000000 0.00000000000 0.00000000000 0.00000000000 0.25677147523
0.05706532025 -0.00577476327 0.25670610166 74.52664761750 0.00000000000 0.00000000000 0.00000000000 0.00000000000 0.00000000000 0.00000000000 0.25677104689
0.05705313708 -0.00577544258 0.25670565791 74.31264734315 0.00000000000 0.00000000000 0.00000000000 0.00000000000 0.00000000000 0.00000000000 0.25677061853
0.05704095331 -0.00577611083 0.25670521438 74.09834632954 0.00000000000 0.00000000000 0.00000000000 0.00000000000 0.00000000000 0.00000000000 0.25677019014
0.05702876894 -0.00577676806 0.25670477107 73.88402064330 0.00000000000 0.00000000000 0.00000000000 0.00000000000 0.00000000000 0.00000000000 0.25676976173
0.05701658398 -0.00577741428 0.25670432799 73.69508585109 0.00000000000 0.00000000000 0.00000000000 0.00000000000 0.00000000000 0.00000000000 0.25676933331
0.05700439845 -0.00577804954 0.25670388514 73.51204434304 0.00000000000 0.00000000000 0.00000000000 0.00000000000 0.00000000000 0.00000000000 0.25676890486
0.05699221236 -0.00577867385 0.25670344251 73.35724642755 0.00000000000 0.00000000000 0.00000000000 0.00000000000 0.00000000000 0.00000000000 0.25676847639
0.05698002572 -0.00577928724 0.25670300011 73.20910662542 0.00000000000 0.00000000000 0.00000000000 0.00000000000 0.00000000000 0.00000000000 0.25676804790
0.05696783854 -0.00577988973 0.25670255793 73.06354915126 0.00000000000 0.00000000000 0.00000000000 0.00000000000 0.00000000000 0.00000000000 0.25676761940
0.05695565082 -0.00578048134 0.25670211597 72.91863617637 0.00000000000 0.00000000000 0.00000000000 0.00000000000 0.00000000000 0.00000000000 0.25676719087
0.05694346259 -0.00578106210 0.25670167424 72.80102417521 0.00000000000 0.00000000000 0.00000000000 0.00000000000 0.00000000000 0.00000000000 0.25676676233
0.05693127384 -0.00578163202 0.25670123274 72.69008870386 0.00000000000 0.00000000000 0.00000000000 0.00000000000 0.00000000000 0.00000000000 0.25676633377
0.05691908458 -0.00578219111 0.25670079146 72.61851204815 0.00000000000 0.00000000000 0.00000000000 0.00000000000 0.00000000000 0.00000000000 0.25676590519
0.05690689484 -0.00578273940 0.25670035040 72.55671584598 0.00000000000 0.00000000000 0.00000000000 0.00000000000 0.00000000000 0.00000000000 0.25676547660
0.05689470461 -0.00578327687 0.25669990957 72.48141412010 0.00000000000 0.00000000000 0.00000000000 0.00000000000 0.00000000000 0.00000000000 0.25676504798
0.05688251392 -0.00578380356 0.25669946897 72.40276700675 0.00000000000 0.00000000000 0.00000000000 0.00000000000 0.00000000000 0.00000000000 0.25676461935
0.05687032276 -0.00578431946 0.25669902859 72.34104180525 0.00000000000 0.00000000000 0.00000000000 0.00000000000 0.00000000000 0.00000000000 0.25676419071
0.05685813115 -0.00578482459 0.25669858844 72.28371764531 0.00000000000 0.00000000000 0.00000000000 0.00000000000 0.00000000000 0.00000000000 0.25676376205
0.05684593911 -0.00578531896 0.25669814851 72.23157838108 0.00000000000 0.00000000000 0.00000000000 0.00000000000 0.00000000000 0.00000000000 0.25676333337
0.05683374663 -0.00578580256 0.25669770881 72.18086950734 0.00000000000 0.00000000000 0.00000000000 0.00000000000 0.00000000000 0.00000000000 0.25676290468
0.05682155375 -0.00578627542 0.25669726934 72.12417702518 0.00000000000 0.00000000000 0.00000000000 0.00000000000 0.00000000000 0.00000000000 0.25676247597
0.05680936046 -0.00578673753 0.25669683009 72.06599448769 0.00000000000 0.00000000000 0.00000000000 0.00000000000 0.00000000000 0.00000000000 0.25676204725
0.05679716679 -0.00578718891 0.25669639107 72.01722469264 0.00000000000 0.00000000000 0.00000000000 0.00000000000 0.00000000000 0.00000000000 0.25676161852
0.05678497273 -0.00578762956 0.25669595228 71.97107339688 0.00000000000 0.00000000000 0.00000000000 0.00000000000 0.00000000000 0.00000000000 0.25676118977
0.05677277832 -0.00578805950 0.25669551372 71.89290484460 0.00000000000 0.00000000000 0.00000000000 0.00000000000 0.00000000000 0.00000000000 0.25676076101
0.05676058355 -0.00578847872 0.25669507538 71.80608309080 0.00000000000 0.00000000000 0.00000000000 0.00000000000 0.00000000000 0.00000000000 0.25676033224
0.05674838844 -0.00578888724 0.25669463728 71.79061818080 0.00000000000 0.00000000000 0.00000000000 0.00000000000 0.00000000000 0.00000000000 0.25675990345
0.05673619300 -0.00578928507 0.25669419940 71.79495930445 0.00000000000 0.00000000000 0.00000000000 0.00000000000 0.00000000000 0.00000000000 0.25675947466
0.05672399725 -0.00578967220 0.25669376175 71.90119039033 0.00000000000 0.00000000000 0.00000000000 0.00000000000 0.00000000000 0.00000000000 0.25675904585
0.05671180117 -0.00579004862 0.25669332433 72.03605525613 0.00000000000 0.00000000000 0.00000000000 0.00000000000 0.00000000000 0.00000000000 0.25675861703
0.05669960479 -0.00579041431 0.25669288715 72.13517163072 0.00000000000 0.00000000000 0.00000000000 0.00000000000 0.00000000000 0.00000000000 0.25675818820
0.05668740810 -0.00579076925 0.25669245019 72.22406245998 0.00000000000 0.00000000000 0.00000000000 0.00000000000 0.00000000000 0.00000000000 0.25675775936
0.05667521111 -0.00579111343 0.25669201347 72.49688410973 0.00000000000 0.00000000000 0.00000000000 0.00000000000 0.00000000000 0.00000000000 0.25675733051
0.05666301385 -0.00579144680 0.25669157697 72.82363659360 0.00000000000 0.00000000000 0.00000000000 0.00000000000 0.00000000000 0.00000000000 0.25675690165
0.05665081635 -0.00579176933 0.25669114072 73.30017045507 0.00000000000 0.00000000000 0.00000000000 0.00000000000 0.00000000000 0.00000000000 0.25675647278
0.05663861871 -0.00579208092 0.25669070471 73.82340852412 0.00000000000 0.00000000000 0.00000000000 0.00000000000 0.00000000000 0.00000000000 0.25675604391
0.05662642108 -0.00579238152 0.25669026894 74.35626536075 0.00000000000 0.00000000000 0.00000000000 0.00000000000 0.00000000000 0.00000000000 0.25675561504
0.05661422377 -0.00579267102 0.25668983344 74.89985981137 0.00000000000 0.00000000000 0.00000000000 0.00000000000 0.00000000000 0.00000000000 0.25675518617
0.05660202720 -0.00579294934 0.25668939821 75.49147806740 0.00000000000 0.00000000000 0.00000000000 0.00000000000 0.00000000000 0.00000000000 0.25675475734
0.05658983210 -0.00579321638 0.25668896329 76.11509401080 0.00000000000 0.00000000000 0.00000000000 0.00000000000 0.00000000000 0.00000000000 0.25675432855
0.05657763937 -0.00579347202 0.25668852871 76.77589235975 0.00000000000 0.00000000000 0.00000000000 0.00000000000 0.00000000000 0.00000000000 0.25675389985
0.05656545025 -0.00579371617 0.25668809452 77.47609804025 0.00000000000 0.00000000000 0.00000000000 0.00000000000 0.00000000000 0.00000000000 0.25675347128
0.05655326616 -0.00579394869 0.25668766076 78.15459756497 0.00000000000 0.00000000000 0.00000000000 0.00000000000 0.00000000000 0.00000000000 0.25675304288
0.05654108870 -0.00579416948 0.25668722751 78.85850192459 0.00000000000 0.00000000000 0.00000000000 0.00000000000 0.00000000000 0.00000000000 0.25675261472
0.05652891948 -0.00579437842 0.25668679481 79.53943472326 0.00000000000 0.00000000000 0.00000000000 0.00000000000 0.00000000000 0.00000000000 0.25675218684
0.05651675981 -0.00579457541 0.25668636271 80.23347306112 0.00000000000 0.00000000000 0.00000000000 0.00000000000 0.00000000000 0.00000000000 0.25675175931
0.05650461072 -0.00579476036 0.25668593126 80.94872347583 0.00000000000 0.00000000000 0.00000000000 0.00000000000 0.00000000000 0.00000000000 0.25675133214
0.05649247238 -0.00579493321 0.25668550046 81.66012548062 0.00000000000 0.00000000000 0.00000000000 0.00000000000 0.00000000000 0.00000000000 0.25675090535
0.05648034436 -0.00579509387 0.25668507030 82.31842335008 0.00000000000 0.00000000000 0.00000000000 0.00000000000 0.00000000000 0.00000000000 0.25675047893
0.05646822520 -0.00579524231 0.25668464073 82.91598582392 0.00000000000 0.00000000000 0.00000000000 0.00000000000 0.00000000000 0.00000000000 0.25675005281
0.05645611281 -0.00579537848 0.25668421167 83.69293116175 0.00000000000 0.00000000000 0.00000000000 0.00000000000 0.00000000000 0.00000000000 0.25674962694
0.05644400435 -0.00579550232 0.25668378303 84.44916743470 0.00000000000 0.00000000000 0.00000000000 0.00000000000 0.00000000000 0.00000000000 0.25674920120
0.05643189670 -0.00579561375 0.25668335469 85.31728446992 0.00000000000 0.00000000000 0.00000000000 0.00000000000 0.00000000000 0.00000000000 0.25674877549
0.05641978740 -0.00579571268 0.25668292658 86.17147774543 0.00000000000 0.00000000000 0.00000000000 0.00000000000 0.00000000000 0.00000000000 0.25674834972
0.05640767473 -0.00579579899 0.25668249864 85.98566164954 0.00000000000 0.00000000000 0.00000000000 0.00000000000 0.00000000000 0.00000000000 0.25674792383
0.05639556014 -0.00579587269 0.25668207091 85.63816910214 0.00000000000 0.00000000000 0.00000000000 0.00000000000 0.00000000000 0.00000000000 0.25674749788
0.05638344727 -0.00579593383 0.25668164353 83.65673902745 0.00000000000 0.00000000000 0.00000000000 0.00000000000 0.00000000000 0.00000000000 0.25674707199
0.05637134528 -0.00579598263 0.25668121681 81.59198924125 0.00000000000 0.00000000000 0.00000000000 0.00000000000 0.00000000000 0.00000000000 0.25674664648
0.05635926595 -0.00579601935 0.25668079116 83.98607643208 0.00000000000 0.00000000000 0.00000000000 0.00000000000 0.00000000000 0.00000000000 0.25674622176
0.05634722314 -0.00579604373 0.25668036707 87.63177368378 0.00000000000 0.00000000000 0.00000000000 0.00000000000 0.00000000000 0.00000000000 0.25674579834
0.05633523000 -0.00579605525 0.25667994502 98.40369994345 0.00000000000 0.00000000000 0.00000000000 0.00000000000 0.00000000000 0.00000000000 0.25674537665
0.05632329027 -0.00579605264 0.25667952517 110.52082842456 0.00000000000 0.00000000000 0.00000000000 0.00000000000 0.00000000000 0.00000000000 0.25674495685
0.05631140130 -0.00579603453 0.25667910745 114.28240020937 0.00000000000 0.00000000000 0.00000000000 0.00000000000 0.00000000000 0.00000000000 0.25674453883
0.05629954485 -0.00579600038 0.25667869124 116.25612694370 0.00000000000 0.00000000000 0.00000000000 0.00000000000 0.00000000000 0.00000000000 0.25674412195
0.05628769745 -0.00579594992 0.25667827571 117.31513323307 0.00000000000 0.00000000000 0.00000000000 0.00000000000 0.00000000000 0.00000000000 0.25674370539
0.05627583562 -0.00579588290 0.25667786005 117.44152861778 0.00000000000 0.00000000000 0.00000000000 0.00000000000 0.00000000000 0.00000000000 0.25674328832
