VARIABLES=
"CoordinateX"
"CoordinateY"
"CoordinateZ"
"Kappa1"
"Kappa2"
"dy"
"dz"
"d2x"
"d2y"
"d2z"
"R"
ZONE T="Konrollpunkte"
I=101, J=1, K=1
0.02643984296 -0.01084336502 0.25442004011 0.00000000000 0.00000000000 0.00000000000 0.00000000000 0.00000000000 0.00000000000 0.00000000000 0.00000000000
0.02643746221 -0.01083953621 0.25442047401 0.00000000000 0.00000000000 0.00000000000 0.00000000000 0.00000000000 0.00000000000 0.00000000000 0.00000000000
0.02643398792 -0.01083373212 0.25442111632 0.00000000000 0.00000000000 0.00000000000 0.00000000000 0.00000000000 0.00000000000 0.00000000000 0.00000000000
0.02642955316 -0.01082587827 0.25442195495 0.00000000000 0.00000000000 0.00000000000 0.00000000000 0.00000000000 0.00000000000 0.00000000000 0.00000000000
0.02642632685 -0.01081993203 0.25442257479 0.00000000000 0.00000000000 0.00000000000 0.00000000000 0.00000000000 0.00000000000 0.00000000000 0.00000000000
0.02642320124 -0.01081393166 0.25442318534 0.00000000000 0.00000000000 0.00000000000 0.00000000000 0.00000000000 0.00000000000 0.00000000000 0.00000000000
0.02642017721 -0.01080787888 0.25442378643 0.00000000000 0.00000000000 0.00000000000 0.00000000000 0.00000000000 0.00000000000 0.00000000000 0.00000000000
0.02641725564 -0.01080177543 0.25442437787 0.00000000000 0.00000000000 0.00000000000 0.00000000000 0.00000000000 0.00000000000 0.00000000000 0.00000000000
0.02641443737 -0.01079562305 0.25442495949 0.00000000000 0.00000000000 0.00000000000 0.00000000000 0.00000000000 0.00000000000 0.00000000000 0.00000000000
0.02641172320 -0.01078942353 0.25442553112 0.00000000000 0.00000000000 0.00000000000 0.00000000000 0.00000000000 0.00000000000 0.00000000000 0.00000000000
0.02640911393 -0.01078317863 0.25442609259 0.00000000000 0.00000000000 0.00000000000 0.00000000000 0.00000000000 0.00000000000 0.00000000000 0.00000000000
0.02640661028 -0.01077689015 0.25442664375 0.00000000000 0.00000000000 0.00000000000 0.00000000000 0.00000000000 0.00000000000 0.00000000000 0.00000000000
0.02640421300 -0.01077055990 0.25442718442 0.00000000000 0.00000000000 0.00000000000 0.00000000000 0.00000000000 0.00000000000 0.00000000000 0.00000000000
0.02640192275 -0.01076418970 0.25442771445 0.00000000000 0.00000000000 0.00000000000 0.00000000000 0.00000000000 0.00000000000 0.00000000000 0.00000000000
0.02639974021 -0.01075778138 0.25442823368 0.00000000000 0.00000000000 0.00000000000 0.00000000000 0.00000000000 0.00000000000 0.00000000000 0.00000000000
0.02639766600 -0.01075133678 0.25442874197 0.00000000000 0.00000000000 0.00000000000 0.00000000000 0.00000000000 0.00000000000 0.00000000000 0.00000000000
0.02639570071 -0.01074485774 0.25442923916 0.00000000000 0.00000000000 0.00000000000 0.00000000000 0.00000000000 0.00000000000 0.00000000000 0.00000000000
0.02639384491 -0.01073834614 0.25442972511 0.00000000000 0.00000000000 0.00000000000 0.00000000000 0.00000000000 0.00000000000 0.00000000000 0.00000000000
0.02639209914 -0.01073180383 0.25443019967 0.00000000000 0.00000000000 0.00000000000 0.00000000000 0.00000000000 0.00000000000 0.00000000000 0.00000000000
0.02639046389 -0.01072523271 0.25443066271 0.00000000000 0.00000000000 0.00000000000 0.00000000000 0.00000000000 0.00000000000 0.00000000000 0.00000000000
0.02638893963 -0.01071863465 0.25443111409 0.00000000000 0.00000000000 0.00000000000 0.00000000000 0.00000000000 0.00000000000 0.00000000000 0.00000000000
0.02638752680 -0.01071201156 0.25443155369 0.00000000000 0.00000000000 0.00000000000 0.00000000000 0.00000000000 0.00000000000 0.00000000000 0.00000000000
0.02638622581 -0.01070536534 0.25443198136 0.00000000000 0.00000000000 0.00000000000 0.00000000000 0.00000000000 0.00000000000 0.00000000000 0.00000000000
0.02638503703 -0.01069869789 0.25443239700 0.00000000000 0.00000000000 0.00000000000 0.00000000000 0.00000000000 0.00000000000 0.00000000000 0.00000000000
0.02638396081 -0.01069201113 0.25443280047 0.00000000000 0.00000000000 0.00000000000 0.00000000000 0.00000000000 0.00000000000 0.00000000000 0.00000000000
0.02638299744 -0.01068530698 0.25443319166 0.00000000000 0.00000000000 0.00000000000 0.00000000000 0.00000000000 0.00000000000 0.00000000000 0.00000000000
0.02638214722 -0.01067858737 0.25443357045 0.00000000000 0.00000000000 0.00000000000 0.00000000000 0.00000000000 0.00000000000 0.00000000000 0.00000000000
0.02638141038 -0.01067185423 0.25443393675 0.00000000000 0.00000000000 0.00000000000 0.00000000000 0.00000000000 0.00000000000 0.00000000000 0.00000000000
0.02638078713 -0.01066510949 0.25443429043 0.00000000000 0.00000000000 0.00000000000 0.00000000000 0.00000000000 0.00000000000 0.00000000000 0.00000000000
0.02638027765 -0.01065835509 0.25443463140 0.00000000000 0.00000000000 0.00000000000 0.00000000000 0.00000000000 0.00000000000 0.00000000000 0.00000000000
0.02637988210 -0.01065159298 0.25443495956 0.00000000000 0.00000000000 0.00000000000 0.00000000000 0.00000000000 0.00000000000 0.00000000000 0.00000000000
0.02637960057 -0.01064482508 0.25443527481 0.00000000000 0.00000000000 0.00000000000 0.00000000000 0.00000000000 0.00000000000 0.00000000000 0.00000000000
0.02637943316 -0.01063805335 0.25443557707 0.00000000000 0.00000000000 0.00000000000 0.00000000000 0.00000000000 0.00000000000 0.00000000000 0.00000000000
0.02637937992 -0.01063127974 0.25443586624 0.00000000000 0.00000000000 0.00000000000 0.00000000000 0.00000000000 0.00000000000 0.00000000000 0.00000000000
0.02637944085 -0.01062450618 0.25443614224 0.00000000000 0.00000000000 0.00000000000 0.00000000000 0.00000000000 0.00000000000 0.00000000000 0.00000000000
0.02637961594 -0.01061773463 0.25443640500 0.00000000000 0.00000000000 0.00000000000 0.00000000000 0.00000000000 0.00000000000 0.00000000000 0.00000000000
0.02637990514 -0.01061096702 0.25443665444 0.00000000000 0.00000000000 0.00000000000 0.00000000000 0.00000000000 0.00000000000 0.00000000000 0.00000000000
0.02638030837 -0.01060420531 0.25443689049 0.00000000000 0.00000000000 0.00000000000 0.00000000000 0.00000000000 0.00000000000 0.00000000000 0.00000000000
0.02638082551 -0.01059745144 0.25443711307 0.00000000000 0.00000000000 0.00000000000 0.00000000000 0.00000000000 0.00000000000 0.00000000000 0.00000000000
0.02638145641 -0.01059070734 0.25443732214 0.00000000000 0.00000000000 0.00000000000 0.00000000000 0.00000000000 0.00000000000 0.00000000000 0.00000000000
0.02638220089 -0.01058397496 0.25443751762 0.00000000000 0.00000000000 0.00000000000 0.00000000000 0.00000000000 0.00000000000 0.00000000000 0.00000000000
0.02638305873 -0.01057725623 0.25443769946 0.00000000000 0.00000000000 0.00000000000 0.00000000000 0.00000000000 0.00000000000 0.00000000000 0.00000000000
0.02638402970 -0.01057055307 0.25443786762 0.00000000000 0.00000000000 0.00000000000 0.00000000000 0.00000000000 0.00000000000 0.00000000000 0.00000000000
0.02638511351 -0.01056386742 0.25443802204 0.00000000000 0.00000000000 0.00000000000 0.00000000000 0.00000000000 0.00000000000 0.00000000000 0.00000000000
0.02638630985 -0.01055720120 0.25443816268 0.00000000000 0.00000000000 0.00000000000 0.00000000000 0.00000000000 0.00000000000 0.00000000000 0.00000000000
0.02638761838 -0.01055055631 0.25443828950 0.00000000000 0.00000000000 0.00000000000 0.00000000000 0.00000000000 0.00000000000 0.00000000000 0.00000000000
0.02638903871 -0.01054393468 0.25443840248 0.00000000000 0.00000000000 0.00000000000 0.00000000000 0.00000000000 0.00000000000 0.00000000000 0.00000000000
0.02639057045 -0.01053733819 0.25443850157 0.00000000000 0.00000000000 0.00000000000 0.00000000000 0.00000000000 0.00000000000 0.00000000000 0.00000000000
0.02639221315 -0.01053076875 0.25443858675 0.00000000000 0.00000000000 0.00000000000 0.00000000000 0.00000000000 0.00000000000 0.00000000000 0.00000000000
0.02639396634 -0.01052422825 0.25443865801 0.00000000000 0.00000000000 0.00000000000 0.00000000000 0.00000000000 0.00000000000 0.00000000000 0.00000000000
0.02639582952 -0.01051771856 0.25443871531 0.00000000000 0.00000000000 0.00000000000 0.00000000000 0.00000000000 0.00000000000 0.00000000000 0.00000000000
0.02639780215 -0.01051124155 0.25443875865 0.00000000000 0.00000000000 0.00000000000 0.00000000000 0.00000000000 0.00000000000 0.00000000000 0.00000000000
0.02639988366 -0.01050479909 0.25443878802 0.00000000000 0.00000000000 0.00000000000 0.00000000000 0.00000000000 0.00000000000 0.00000000000 0.00000000000
0.02640207346 -0.01049839302 0.25443880341 0.00000000000 0.00000000000 0.00000000000 0.00000000000 0.00000000000 0.00000000000 0.00000000000 0.00000000000
0.02640437092 -0.01049202518 0.25443880483 0.00000000000 0.00000000000 0.00000000000 0.00000000000 0.00000000000 0.00000000000 0.00000000000 0.00000000000
0.02640677537 -0.01048569742 0.25443879226 0.00000000000 0.00000000000 0.00000000000 0.00000000000 0.00000000000 0.00000000000 0.00000000000 0.00000000000
0.02640928613 -0.01047941153 0.25443876572 0.00000000000 0.00000000000 0.00000000000 0.00000000000 0.00000000000 0.00000000000 0.00000000000 0.00000000000
0.02641190248 -0.01047316933 0.25443872523 0.00000000000 0.00000000000 0.00000000000 0.00000000000 0.00000000000 0.00000000000 0.00000000000 0.00000000000
0.02641462366 -0.01046697262 0.25443867079 0.00000000000 0.00000000000 0.00000000000 0.00000000000 0.00000000000 0.00000000000 0.00000000000 0.00000000000
0.02641744889 -0.01046082317 0.25443860242 0.00000000000 0.00000000000 0.00000000000 0.00000000000 0.00000000000 0.00000000000 0.00000000000 0.00000000000
0.02642037737 -0.01045472274 0.25443852015 0.00000000000 0.00000000000 0.00000000000 0.00000000000 0.00000000000 0.00000000000 0.00000000000 0.00000000000
0.02642340824 -0.01044867310 0.25443842401 0.00000000000 0.00000000000 0.00000000000 0.00000000000 0.00000000000 0.00000000000 0.00000000000 0.00000000000
0.02642654064 -0.01044267598 0.25443831402 0.00000000000 0.00000000000 0.00000000000 0.00000000000 0.00000000000 0.00000000000 0.00000000000 0.00000000000
0.02642977367 -0.01043673310 0.25443819022 0.00000000000 0.00000000000 0.00000000000 0.00000000000 0.00000000000 0.00000000000 0.00000000000 0.00000000000
0.02643310640 -0.01043084617 0.25443805265 0.00000000000 0.00000000000 0.00000000000 0.00000000000 0.00000000000 0.00000000000 0.00000000000 0.00000000000
0.02643653787 -0.01042501689 0.25443790136 0.00000000000 0.00000000000 0.00000000000 0.00000000000 0.00000000000 0.00000000000 0.00000000000 0.00000000000
0.02644006709 -0.01041924692 0.25443773639 0.00000000000 0.00000000000 0.00000000000 0.00000000000 0.00000000000 0.00000000000 0.00000000000 0.00000000000
0.02644369306 -0.01041353792 0.25443755779 0.00000000000 0.00000000000 0.00000000000 0.00000000000 0.00000000000 0.00000000000 0.00000000000 0.00000000000
0.02644741473 -0.01040789154 0.25443736563 0.00000000000 0.00000000000 0.00000000000 0.00000000000 0.00000000000 0.00000000000 0.00000000000 0.00000000000
0.02645123103 -0.01040230940 0.25443715995 0.00000000000 0.00000000000 0.00000000000 0.00000000000 0.00000000000 0.00000000000 0.00000000000 0.00000000000
0.02645514087 -0.01039679309 0.25443694082 0.00000000000 0.00000000000 0.00000000000 0.00000000000 0.00000000000 0.00000000000 0.00000000000 0.00000000000
0.02645914311 -0.01039134422 0.25443670831 0.00000000000 0.00000000000 0.00000000000 0.00000000000 0.00000000000 0.00000000000 0.00000000000 0.00000000000
0.02646323662 -0.01038596433 0.25443646249 0.00000000000 0.00000000000 0.00000000000 0.00000000000 0.00000000000 0.00000000000 0.00000000000 0.00000000000
0.02646742022 -0.01038065498 0.25443620344 0.00000000000 0.00000000000 0.00000000000 0.00000000000 0.00000000000 0.00000000000 0.00000000000 0.00000000000
0.02647169270 -0.01037541769 0.25443593123 0.00000000000 0.00000000000 0.00000000000 0.00000000000 0.00000000000 0.00000000000 0.00000000000 0.00000000000
0.02647605284 -0.01037025397 0.25443564595 0.00000000000 0.00000000000 0.00000000000 0.00000000000 0.00000000000 0.00000000000 0.00000000000 0.00000000000
0.02648049938 -0.01036516530 0.25443534768 0.00000000000 0.00000000000 0.00000000000 0.00000000000 0.00000000000 0.00000000000 0.00000000000 0.00000000000
0.02648503105 -0.01036015314 0.25443503651 0.00000000000 0.00000000000 0.00000000000 0.00000000000 0.00000000000 0.00000000000 0.00000000000 0.00000000000
0.02648964654 -0.01035521893 0.25443471254 0.00000000000 0.00000000000 0.00000000000 0.00000000000 0.00000000000 0.00000000000 0.00000000000 0.00000000000
0.02649434453 -0.01035036410 0.25443437587 0.00000000000 0.00000000000 0.00000000000 0.00000000000 0.00000000000 0.00000000000 0.00000000000 0.00000000000
0.02649912367 -0.01034559003 0.25443402660 0.00000000000 0.00000000000 0.00000000000 0.00000000000 0.00000000000 0.00000000000 0.00000000000 0.00000000000
0.02650398259 -0.01034089809 0.25443366482 0.00000000000 0.00000000000 0.00000000000 0.00000000000 0.00000000000 0.00000000000 0.00000000000 0.00000000000
0.02650891989 -0.01033628964 0.25443329066 0.00000000000 0.00000000000 0.00000000000 0.00000000000 0.00000000000 0.00000000000 0.00000000000 0.00000000000
0.02651393415 -0.01033176600 0.25443290421 0.00000000000 0.00000000000 0.00000000000 0.00000000000 0.00000000000 0.00000000000 0.00000000000 0.00000000000
0.02651902393 -0.01032732847 0.25443250561 0.00000000000 0.00000000000 0.00000000000 0.00000000000 0.00000000000 0.00000000000 0.00000000000 0.00000000000
0.02652418777 -0.01032297832 0.25443209496 0.00000000000 0.00000000000 0.00000000000 0.00000000000 0.00000000000 0.00000000000 0.00000000000 0.00000000000
0.02652942418 -0.01031871681 0.25443167239 0.00000000000 0.00000000000 0.00000000000 0.00000000000 0.00000000000 0.00000000000 0.00000000000 0.00000000000
0.02653473167 -0.01031454515 0.25443123803 0.00000000000 0.00000000000 0.00000000000 0.00000000000 0.00000000000 0.00000000000 0.00000000000 0.00000000000
0.02654010871 -0.01031046455 0.25443079199 0.00000000000 0.00000000000 0.00000000000 0.00000000000 0.00000000000 0.00000000000 0.00000000000 0.00000000000
0.02654555374 -0.01030647618 0.25443033443 0.00000000000 0.00000000000 0.00000000000 0.00000000000 0.00000000000 0.00000000000 0.00000000000 0.00000000000
0.02655106522 -0.01030258118 0.25442986547 0.00000000000 0.00000000000 0.00000000000 0.00000000000 0.00000000000 0.00000000000 0.00000000000 0.00000000000
0.02655664155 -0.01029878068 0.25442938525 0.00000000000 0.00000000000 0.00000000000 0.00000000000 0.00000000000 0.00000000000 0.00000000000 0.00000000000
0.02656228113 -0.01029507576 0.25442889391 0.00000000000 0.00000000000 0.00000000000 0.00000000000 0.00000000000 0.00000000000 0.00000000000 0.00000000000
0.02656798234 -0.01029146749 0.25442839161 0.00000000000 0.00000000000 0.00000000000 0.00000000000 0.00000000000 0.00000000000 0.00000000000 0.00000000000
0.02657374355 -0.01028795691 0.25442787848 0.00000000000 0.00000000000 0.00000000000 0.00000000000 0.00000000000 0.00000000000 0.00000000000 0.00000000000
0.02657956310 -0.01028454503 0.25442735468 0.00000000000 0.00000000000 0.00000000000 0.00000000000 0.00000000000 0.00000000000 0.00000000000 0.00000000000
0.02658543931 -0.01028123282 0.25442682036 0.00000000000 0.00000000000 0.00000000000 0.00000000000 0.00000000000 0.00000000000 0.00000000000 0.00000000000
0.02659137050 -0.01027802124 0.25442627569 0.00000000000 0.00000000000 0.00000000000 0.00000000000 0.00000000000 0.00000000000 0.00000000000 0.00000000000
0.02659934980 -0.01027387453 0.25442553584 0.00000000000 0.00000000000 0.00000000000 0.00000000000 0.00000000000 0.00000000000 0.00000000000 0.00000000000
0.02660541160 -0.01027091817 0.25442496592 0.00000000000 0.00000000000 0.00000000000 0.00000000000 0.00000000000 0.00000000000 0.00000000000 0.00000000000
0.02660948486 -0.01026901670 0.25442457951 0.00000000000 0.00000000000 0.00000000000 0.00000000000 0.00000000000 0.00000000000 0.00000000000 0.00000000000
ZONE T="NURB"
I=201, J=1, K=1
0.02643984296 -0.01084336502 0.25442004011 2484.69322971396 0.00000000000 0.00000000000 0.00000000000 0.00000000000 0.00000000000 0.00000000000 0.25465100702
0.02643806952 -0.01084048583 0.25442036446 2484.46013535236 0.00000000000 0.00000000000 0.00000000000 0.00000000000 0.00000000000 0.00000000000 0.25465120849
0.02643632041 -0.01083759163 0.25442068666 2484.40971518310 0.00000000000 0.00000000000 0.00000000000 0.00000000000 0.00000000000 0.00000000000 0.25465140721
0.02643459576 -0.01083468263 0.25442100668 2484.54209407774 0.00000000000 0.00000000000 0.00000000000 0.00000000000 0.00000000000 0.00000000000 0.25465160315
0.02643289568 -0.01083175904 0.25442132450 2484.85727867885 0.00000000000 0.00000000000 0.00000000000 0.00000000000 0.00000000000 0.00000000000 0.25465179631
0.02643122031 -0.01082882106 0.25442164009 2484.96654502284 0.00000000000 0.00000000000 0.00000000000 0.00000000000 0.00000000000 0.00000000000 0.25465198666
0.02642956976 -0.01082586891 0.25442195343 2485.26026390897 0.00000000000 0.00000000000 0.00000000000 0.00000000000 0.00000000000 0.00000000000 0.25465217420
0.02642794415 -0.01082290280 0.25442226449 2485.32259187788 0.00000000000 0.00000000000 0.00000000000 0.00000000000 0.00000000000 0.00000000000 0.25465235890
0.02642634360 -0.01081992294 0.25442257325 2485.56710723375 0.00000000000 0.00000000000 0.00000000000 0.00000000000 0.00000000000 0.00000000000 0.25465254075
0.02642476822 -0.01081692955 0.25442287968 2485.65517367743 0.00000000000 0.00000000000 0.00000000000 0.00000000000 0.00000000000 0.00000000000 0.25465271974
0.02642321812 -0.01081392284 0.25442318377 2485.92593027763 0.00000000000 0.00000000000 0.00000000000 0.00000000000 0.00000000000 0.00000000000 0.25465289586
0.02642169343 -0.01081090303 0.25442348550 2486.02399101147 0.00000000000 0.00000000000 0.00000000000 0.00000000000 0.00000000000 0.00000000000 0.25465306909
0.02642019423 -0.01080787033 0.25442378483 2486.30465489518 0.00000000000 0.00000000000 0.00000000000 0.00000000000 0.00000000000 0.00000000000 0.25465323942
0.02641872066 -0.01080482496 0.25442408175 2486.41015426235 0.00000000000 0.00000000000 0.00000000000 0.00000000000 0.00000000000 0.00000000000 0.25465340685
0.02641727280 -0.01080176715 0.25442437624 2486.69817093346 0.00000000000 0.00000000000 0.00000000000 0.00000000000 0.00000000000 0.00000000000 0.25465357135
0.02641585077 -0.01079869711 0.25442466828 2486.81149862310 0.00000000000 0.00000000000 0.00000000000 0.00000000000 0.00000000000 0.00000000000 0.25465373291
0.02641445466 -0.01079561505 0.25442495784 2487.10725309713 0.00000000000 0.00000000000 0.00000000000 0.00000000000 0.00000000000 0.00000000000 0.25465389154
0.02641308458 -0.01079252121 0.25442524490 2487.22799951576 0.00000000000 0.00000000000 0.00000000000 0.00000000000 0.00000000000 0.00000000000 0.25465404720
0.02641174062 -0.01078941581 0.25442552944 2487.53107955124 0.00000000000 0.00000000000 0.00000000000 0.00000000000 0.00000000000 0.00000000000 0.25465419990
0.02641042288 -0.01078629906 0.25442581144 2487.65903925109 0.00000000000 0.00000000000 0.00000000000 0.00000000000 0.00000000000 0.00000000000 0.25465434961
0.02640913146 -0.01078317119 0.25442609089 2487.96923614718 0.00000000000 0.00000000000 0.00000000000 0.00000000000 0.00000000000 0.00000000000 0.25465449634
0.02640786645 -0.01078003243 0.25442636775 2488.10413724137 0.00000000000 0.00000000000 0.00000000000 0.00000000000 0.00000000000 0.00000000000 0.25465464007
0.02640662794 -0.01077688300 0.25442664202 2488.42117572816 0.00000000000 0.00000000000 0.00000000000 0.00000000000 0.00000000000 0.00000000000 0.25465478078
0.02640541601 -0.01077372312 0.25442691366 2488.56275658245 0.00000000000 0.00000000000 0.00000000000 0.00000000000 0.00000000000 0.00000000000 0.25465491848
0.02640423076 -0.01077055304 0.25442718266 2488.88637243666 0.00000000000 0.00000000000 0.00000000000 0.00000000000 0.00000000000 0.00000000000 0.25465505314
0.02640307227 -0.01076737296 0.25442744901 2489.03435614275 0.00000000000 0.00000000000 0.00000000000 0.00000000000 0.00000000000 0.00000000000 0.25465518477
0.02640194063 -0.01076418313 0.25442771267 2489.36427042795 0.00000000000 0.00000000000 0.00000000000 0.00000000000 0.00000000000 0.00000000000 0.25465531334
0.02640083590 -0.01076098376 0.25442797363 2489.51837815515 0.00000000000 0.00000000000 0.00000000000 0.00000000000 0.00000000000 0.00000000000 0.25465543885
0.02639975819 -0.01075777509 0.25442823188 2489.85430927864 0.00000000000 0.00000000000 0.00000000000 0.00000000000 0.00000000000 0.00000000000 0.25465556130
0.02639870755 -0.01075455736 0.25442848739 2490.01425132398 0.00000000000 0.00000000000 0.00000000000 0.00000000000 0.00000000000 0.00000000000 0.25465568067
0.02639768407 -0.01075133078 0.25442874014 2490.35590688798 0.00000000000 0.00000000000 0.00000000000 0.00000000000 0.00000000000 0.00000000000 0.25465579696
0.02639668783 -0.01074809560 0.25442899012 2490.52139103048 0.00000000000 0.00000000000 0.00000000000 0.00000000000 0.00000000000 0.00000000000 0.25465591015
0.02639571888 -0.01074485204 0.25442923731 2490.86847601510 0.00000000000 0.00000000000 0.00000000000 0.00000000000 0.00000000000 0.00000000000 0.25465602023
0.02639477731 -0.01074160034 0.25442948168 2491.03920164090 0.00000000000 0.00000000000 0.00000000000 0.00000000000 0.00000000000 0.00000000000 0.25465612721
0.02639386317 -0.01073834073 0.25442972323 2491.39141370648 0.00000000000 0.00000000000 0.00000000000 0.00000000000 0.00000000000 0.00000000000 0.25465623107
0.02639297654 -0.01073507345 0.25442996193 2491.56707395772 0.00000000000 0.00000000000 0.00000000000 0.00000000000 0.00000000000 0.00000000000 0.25465633181
0.02639211748 -0.01073179873 0.25443019777 2491.92410448590 0.00000000000 0.00000000000 0.00000000000 0.00000000000 0.00000000000 0.00000000000 0.25465642941
0.02639128605 -0.01072851680 0.25443043073 2492.10438921026 0.00000000000 0.00000000000 0.00000000000 0.00000000000 0.00000000000 0.00000000000 0.25465652388
0.02639048231 -0.01072522791 0.25443066079 2492.46592623361 0.00000000000 0.00000000000 0.00000000000 0.00000000000 0.00000000000 0.00000000000 0.25465661520
0.02638970632 -0.01072193228 0.25443088794 2492.65051920669 0.00000000000 0.00000000000 0.00000000000 0.00000000000 0.00000000000 0.00000000000 0.25465670336
0.02638895813 -0.01071863015 0.25443111215 2493.01624405251 0.00000000000 0.00000000000 0.00000000000 0.00000000000 0.00000000000 0.00000000000 0.25465678837
0.02638823780 -0.01071532177 0.25443133342 2493.20482371430 0.00000000000 0.00000000000 0.00000000000 0.00000000000 0.00000000000 0.00000000000 0.25465687021
0.02638754537 -0.01071200737 0.25443155172 2493.57441368098 0.00000000000 0.00000000000 0.00000000000 0.00000000000 0.00000000000 0.00000000000 0.25465694888
0.02638688091 -0.01070868718 0.25443176705 2493.76665639525 0.00000000000 0.00000000000 0.00000000000 0.00000000000 0.00000000000 0.00000000000 0.25465702438
0.02638624445 -0.01070536145 0.25443197938 2494.13978605682 0.00000000000 0.00000000000 0.00000000000 0.00000000000 0.00000000000 0.00000000000 0.25465709669
0.02638563604 -0.01070203041 0.25443218870 2494.33536185634 0.00000000000 0.00000000000 0.00000000000 0.00000000000 0.00000000000 0.00000000000 0.25465716581
0.02638505573 -0.01069869430 0.25443239499 2494.71170037322 0.00000000000 0.00000000000 0.00000000000 0.00000000000 0.00000000000 0.00000000000 0.25465723175
0.02638450356 -0.01069535337 0.25443259825 2494.91027721216 0.00000000000 0.00000000000 0.00000000000 0.00000000000 0.00000000000 0.00000000000 0.25465729448
0.02638397956 -0.01069200785 0.25443279844 2495.28949111767 0.00000000000 0.00000000000 0.00000000000 0.00000000000 0.00000000000 0.00000000000 0.25465735402
0.02638348378 -0.01068865799 0.25443299557 2495.49073411520 0.00000000000 0.00000000000 0.00000000000 0.00000000000 0.00000000000 0.00000000000 0.25465741035
0.02638301625 -0.01068530402 0.25443318961 2495.87248684115 0.00000000000 0.00000000000 0.00000000000 0.00000000000 0.00000000000 0.00000000000 0.25465746347
0.02638257700 -0.01068194618 0.25443338056 2496.07605768339 0.00000000000 0.00000000000 0.00000000000 0.00000000000 0.00000000000 0.00000000000 0.25465751337
0.02638216607 -0.01067858472 0.25443356839 2496.46001026212 0.00000000000 0.00000000000 0.00000000000 0.00000000000 0.00000000000 0.00000000000 0.25465756006
0.02638178348 -0.01067521987 0.25443375310 2496.66556915212 0.00000000000 0.00000000000 0.00000000000 0.00000000000 0.00000000000 0.00000000000 0.25465760353
0.02638142927 -0.01067185189 0.25443393467 2497.05138132235 0.00000000000 0.00000000000 0.00000000000 0.00000000000 0.00000000000 0.00000000000 0.25465764377
0.02638110345 -0.01066848100 0.25443411308 2497.25858515597 0.00000000000 0.00000000000 0.00000000000 0.00000000000 0.00000000000 0.00000000000 0.25465768079
0.02638080605 -0.01066510746 0.25443428833 2497.64591293636 0.00000000000 0.00000000000 0.00000000000 0.00000000000 0.00000000000 0.00000000000 0.25465771458
0.02638053710 -0.01066173150 0.25443446040 2497.85441761527 0.00000000000 0.00000000000 0.00000000000 0.00000000000 0.00000000000 0.00000000000 0.25465774514
0.02638029661 -0.01065835338 0.25443462928 2498.24291638425 0.00000000000 0.00000000000 0.00000000000 0.00000000000 0.00000000000 0.00000000000 0.25465777246
0.02638008460 -0.01065497332 0.25443479496 2498.45238010738 0.00000000000 0.00000000000 0.00000000000 0.00000000000 0.00000000000 0.00000000000 0.25465779655
0.02637990108 -0.01065159157 0.25443495743 2498.84170783280 0.00000000000 0.00000000000 0.00000000000 0.00000000000 0.00000000000 0.00000000000 0.25465781740
0.02637974607 -0.01064820838 0.25443511666 2499.05178003151 0.00000000000 0.00000000000 0.00000000000 0.00000000000 0.00000000000 0.00000000000 0.25465783501
0.02637961958 -0.01064482399 0.25443527266 2499.44158567831 0.00000000000 0.00000000000 0.00000000000 0.00000000000 0.00000000000 0.00000000000 0.25465784939
0.02637952161 -0.01064143864 0.25443542542 2499.65192531767 0.00000000000 0.00000000000 0.00000000000 0.00000000000 0.00000000000 0.00000000000 0.25465786052
0.02637945218 -0.01063805258 0.25443557491 2500.04186788780 0.00000000000 0.00000000000 0.00000000000 0.00000000000 0.00000000000 0.00000000000 0.25465786840
0.02637941130 -0.01063466604 0.25443572113 2500.25212717517 0.00000000000 0.00000000000 0.00000000000 0.00000000000 0.00000000000 0.00000000000 0.25465787305
0.02637939895 -0.01063127928 0.25443586406 2500.64185899365 0.00000000000 0.00000000000 0.00000000000 0.00000000000 0.00000000000 0.00000000000 0.25465787445
0.02637941515 -0.01062789253 0.25443600371 2500.85169150427 0.00000000000 0.00000000000 0.00000000000 0.00000000000 0.00000000000 0.00000000000 0.25465787261
0.02637945988 -0.01062450604 0.25443614005 2501.24086674135 0.00000000000 0.00000000000 0.00000000000 0.00000000000 0.00000000000 0.00000000000 0.25465786753
0.02637953316 -0.01062112005 0.25443627309 2501.44993116302 0.00000000000 0.00000000000 0.00000000000 0.00000000000 0.00000000000 0.00000000000 0.25465785920
0.02637963498 -0.01061773481 0.25443640280 2501.83820863114 0.00000000000 0.00000000000 0.00000000000 0.00000000000 0.00000000000 0.00000000000 0.25465784764
0.02637976531 -0.01061435055 0.25443652918 2502.04615887081 0.00000000000 0.00000000000 0.00000000000 0.00000000000 0.00000000000 0.00000000000 0.25465783283
0.02637992417 -0.01061096752 0.25443665223 2502.43319289284 0.00000000000 0.00000000000 0.00000000000 0.00000000000 0.00000000000 0.00000000000 0.25465781478
0.02638011153 -0.01060758597 0.25443677192 2502.63968949480 0.00000000000 0.00000000000 0.00000000000 0.00000000000 0.00000000000 0.00000000000 0.25465779349
0.02638032739 -0.01060420613 0.25443688826 2503.02514146904 0.00000000000 0.00000000000 0.00000000000 0.00000000000 0.00000000000 0.00000000000 0.25465776897
0.02638057172 -0.01060082825 0.25443700123 2503.22984517116 0.00000000000 0.00000000000 0.00000000000 0.00000000000 0.00000000000 0.00000000000 0.25465774121
0.02638084451 -0.01059745258 0.25443711083 2503.61337665948 0.00000000000 0.00000000000 0.00000000000 0.00000000000 0.00000000000 0.00000000000 0.25465771021
0.02638114574 -0.01059407934 0.25443721705 2503.81594950629 0.00000000000 0.00000000000 0.00000000000 0.00000000000 0.00000000000 0.00000000000 0.25465767599
0.02638147539 -0.01059070880 0.25443731989 2504.19722351024 0.00000000000 0.00000000000 0.00000000000 0.00000000000 0.00000000000 0.00000000000 0.25465763853
0.02638183343 -0.01058734118 0.25443741932 2504.39733298634 0.00000000000 0.00000000000 0.00000000000 0.00000000000 0.00000000000 0.00000000000 0.25465759785
0.02638221984 -0.01058397673 0.25443751536 2504.77601802636 0.00000000000 0.00000000000 0.00000000000 0.00000000000 0.00000000000 0.00000000000 0.25465755395
0.02638263459 -0.01058061570 0.25443760798 2504.97333281118 0.00000000000 0.00000000000 0.00000000000 0.00000000000 0.00000000000 0.00000000000 0.25465750683
0.02638307766 -0.01057725832 0.25443769719 2505.34909918979 0.00000000000 0.00000000000 0.00000000000 0.00000000000 0.00000000000 0.00000000000 0.25465745649
0.02638354900 -0.01057390483 0.25443778298 2505.54329209780 0.00000000000 0.00000000000 0.00000000000 0.00000000000 0.00000000000 0.00000000000 0.25465740294
0.02638404859 -0.01057055548 0.25443786534 2505.91581398450 0.00000000000 0.00000000000 0.00000000000 0.00000000000 0.00000000000 0.00000000000 0.25465734618
0.02638457638 -0.01056721051 0.25443794426 2506.10656305521 0.00000000000 0.00000000000 0.00000000000 0.00000000000 0.00000000000 0.00000000000 0.25465728621
0.02638513235 -0.01056387015 0.25443801975 2506.47552008662 0.00000000000 0.00000000000 0.00000000000 0.00000000000 0.00000000000 0.00000000000 0.25465722304
0.02638571645 -0.01056053465 0.25443809179 2506.66250504288 0.00000000000 0.00000000000 0.00000000000 0.00000000000 0.00000000000 0.00000000000 0.25465715668
0.02638632864 -0.01055720424 0.25443816039 2507.02757845324 0.00000000000 0.00000000000 0.00000000000 0.00000000000 0.00000000000 0.00000000000 0.25465708712
0.02638696888 -0.01055387917 0.25443822552 2507.21048780457 0.00000000000 0.00000000000 0.00000000000 0.00000000000 0.00000000000 0.00000000000 0.25465701438
0.02638763712 -0.01055055968 0.25443828720 2507.57136808142 0.00000000000 0.00000000000 0.00000000000 0.00000000000 0.00000000000 0.00000000000 0.25465693846
0.02638833330 -0.01054724599 0.25443834542 2507.74989043822 0.00000000000 0.00000000000 0.00000000000 0.00000000000 0.00000000000 0.00000000000 0.25465685936
0.02638905739 -0.01054393836 0.25443840017 2508.10626821482 0.00000000000 0.00000000000 0.00000000000 0.00000000000 0.00000000000 0.00000000000 0.25465677709
0.02638980933 -0.01054063701 0.25443845145 2508.28010293956 0.00000000000 0.00000000000 0.00000000000 0.00000000000 0.00000000000 0.00000000000 0.25465669166
0.02639058907 -0.01053734219 0.25443849926 2508.63167970065 0.00000000000 0.00000000000 0.00000000000 0.00000000000 0.00000000000 0.00000000000 0.25465660307
0.02639139654 -0.01053405413 0.25443854359 2508.80052733189 0.00000000000 0.00000000000 0.00000000000 0.00000000000 0.00000000000 0.00000000000 0.25465651132
0.02639223170 -0.01053077307 0.25443858444 2509.14700566544 0.00000000000 0.00000000000 0.00000000000 0.00000000000 0.00000000000 0.00000000000 0.25465641644
0.02639309448 -0.01052749924 0.25443862181 2509.31057647954 0.00000000000 0.00000000000 0.00000000000 0.00000000000 0.00000000000 0.00000000000 0.25465631841
0.02639398481 -0.01052423288 0.25443865569 2509.65166903358 0.00000000000 0.00000000000 0.00000000000 0.00000000000 0.00000000000 0.00000000000 0.25465621725
0.02639490265 -0.01052097422 0.25443868608 2509.80967711708 0.00000000000 0.00000000000 0.00000000000 0.00000000000 0.00000000000 0.00000000000 0.25465611297
0.02639584791 -0.01051772350 0.25443871299 2510.14510062738 0.00000000000 0.00000000000 0.00000000000 0.00000000000 0.00000000000 0.00000000000 0.25465600557
0.02639682053 -0.01051448095 0.25443873640 2510.29726846245 0.00000000000 0.00000000000 0.00000000000 0.00000000000 0.00000000000 0.00000000000 0.25465589507
0.02639782045 -0.01051124681 0.25443875633 2510.62674813420 0.00000000000 0.00000000000 0.00000000000 0.00000000000 0.00000000000 0.00000000000 0.25465578146
0.02639884759 -0.01050802130 0.25443877276 2510.77280444946 0.00000000000 0.00000000000 0.00000000000 0.00000000000 0.00000000000 0.00000000000 0.25465566476
0.02639990187 -0.01050480465 0.25443878570 2511.09607172162 0.00000000000 0.00000000000 0.00000000000 0.00000000000 0.00000000000 0.00000000000 0.25465554498
0.02640098323 -0.01050159711 0.25443879514 2511.23575442757 0.00000000000 0.00000000000 0.00000000000 0.00000000000 0.00000000000 0.00000000000 0.25465542212
0.02640209158 -0.01049839890 0.25443880109 2511.55254991321 0.00000000000 0.00000000000 0.00000000000 0.00000000000 0.00000000000 0.00000000000 0.25465529619
0.02640322684 -0.01049521024 0.25443880354 2511.68560060554 0.00000000000 0.00000000000 0.00000000000 0.00000000000 0.00000000000 0.00000000000 0.25465516720
0.02640438893 -0.01049203137 0.25443880250 2511.99566910482 0.00000000000 0.00000000000 0.00000000000 0.00000000000 0.00000000000 0.00000000000 0.25465503517
0.02640557777 -0.01048886252 0.25443879796 2512.12184291251 0.00000000000 0.00000000000 0.00000000000 0.00000000000 0.00000000000 0.00000000000 0.25465490010
0.02640679328 -0.01048570391 0.25443878993 2512.42494293202 0.00000000000 0.00000000000 0.00000000000 0.00000000000 0.00000000000 0.00000000000 0.25465476200
0.02640803536 -0.01048255577 0.25443877841 2512.54399852433 0.00000000000 0.00000000000 0.00000000000 0.00000000000 0.00000000000 0.00000000000 0.25465462088
0.02640930393 -0.01047941833 0.25443876339 2512.83989148315 0.00000000000 0.00000000000 0.00000000000 0.00000000000 0.00000000000 0.00000000000 0.25465447674
0.02641059889 -0.01047629181 0.25443874489 2512.95159740388 0.00000000000 0.00000000000 0.00000000000 0.00000000000 0.00000000000 0.00000000000 0.25465432962
0.02641192016 -0.01047317644 0.25443872290 2513.24005513907 0.00000000000 0.00000000000 0.00000000000 0.00000000000 0.00000000000 0.00000000000 0.25465417950
0.02641326763 -0.01047007244 0.25443869742 2513.34419272503 0.00000000000 0.00000000000 0.00000000000 0.00000000000 0.00000000000 0.00000000000 0.25465402640
0.02641464121 -0.01046698003 0.25443866846 2513.62499992865 0.00000000000 0.00000000000 0.00000000000 0.00000000000 0.00000000000 0.00000000000 0.25465387034
0.02641604081 -0.01046389943 0.25443863602 2513.72135157028 0.00000000000 0.00000000000 0.00000000000 0.00000000000 0.00000000000 0.00000000000 0.25465371132
0.02641746632 -0.01046083088 0.25443860010 2513.99429392136 0.00000000000 0.00000000000 0.00000000000 0.00000000000 0.00000000000 0.00000000000 0.25465354936
0.02641891763 -0.01045777458 0.25443856070 2514.08265935565 0.00000000000 0.00000000000 0.00000000000 0.00000000000 0.00000000000 0.00000000000 0.25465338447
0.02642039466 -0.01045473075 0.25443851783 2514.34754071117 0.00000000000 0.00000000000 0.00000000000 0.00000000000 0.00000000000 0.00000000000 0.25465321665
0.02642189728 -0.01045169963 0.25443847149 2514.42772306452 0.00000000000 0.00000000000 0.00000000000 0.00000000000 0.00000000000 0.00000000000 0.25465304593
0.02642342539 -0.01044868141 0.25443842169 2514.68434973818 0.00000000000 0.00000000000 0.00000000000 0.00000000000 0.00000000000 0.00000000000 0.25465287231
0.02642497888 -0.01044567632 0.25443836843 2514.75616749283 0.00000000000 0.00000000000 0.00000000000 0.00000000000 0.00000000000 0.00000000000 0.25465269581
0.02642655764 -0.01044268458 0.25443831171 2515.00436181669 0.00000000000 0.00000000000 0.00000000000 0.00000000000 0.00000000000 0.00000000000 0.25465251643
0.02642816156 -0.01043970640 0.25443825153 2515.06763519815 0.00000000000 0.00000000000 0.00000000000 0.00000000000 0.00000000000 0.00000000000 0.25465233420
0.02642979052 -0.01043674200 0.25443818792 2515.30722120198 0.00000000000 0.00000000000 0.00000000000 0.00000000000 0.00000000000 0.00000000000 0.25465214912
0.02643144441 -0.01043379158 0.25443812085 2515.36179181081 0.00000000000 0.00000000000 0.00000000000 0.00000000000 0.00000000000 0.00000000000 0.25465196121
0.02643312309 -0.01043085536 0.25443805036 2515.59261523058 0.00000000000 0.00000000000 0.00000000000 0.00000000000 0.00000000000 0.00000000000 0.25465177049
0.02643482647 -0.01042793355 0.25443797643 2515.63832292992 0.00000000000 0.00000000000 0.00000000000 0.00000000000 0.00000000000 0.00000000000 0.25465157696
0.02643655440 -0.01042502636 0.25443789907 2515.86022728348 0.00000000000 0.00000000000 0.00000000000 0.00000000000 0.00000000000 0.00000000000 0.25465138063
0.02643830678 -0.01042213400 0.25443781830 2515.89693196994 0.00000000000 0.00000000000 0.00000000000 0.00000000000 0.00000000000 0.00000000000 0.25465118153
0.02644008346 -0.01041925668 0.25443773411 2516.10978144476 0.00000000000 0.00000000000 0.00000000000 0.00000000000 0.00000000000 0.00000000000 0.25465097967
0.02644188434 -0.01041639460 0.25443764651 2516.13734754709 0.00000000000 0.00000000000 0.00000000000 0.00000000000 0.00000000000 0.00000000000 0.25465077506
0.02644370926 -0.01041354797 0.25443755552 2516.34101058027 0.00000000000 0.00000000000 0.00000000000 0.00000000000 0.00000000000 0.00000000000 0.25465056772
0.02644555811 -0.01041071699 0.25443746113 2516.35931515453 0.00000000000 0.00000000000 0.00000000000 0.00000000000 0.00000000000 0.00000000000 0.25465035766
0.02644743076 -0.01040790187 0.25443736336 2516.55367265225 0.00000000000 0.00000000000 0.00000000000 0.00000000000 0.00000000000 0.00000000000 0.25465014490
0.02644932706 -0.01040510281 0.25443726221 2516.56260655677 0.00000000000 0.00000000000 0.00000000000 0.00000000000 0.00000000000 0.00000000000 0.25464992944
0.02645124688 -0.01040232000 0.25443715769 2516.74755371858 0.00000000000 0.00000000000 0.00000000000 0.00000000000 0.00000000000 0.00000000000 0.25464971132
0.02645319008 -0.01039955366 0.25443704981 2516.74701114900 0.00000000000 0.00000000000 0.00000000000 0.00000000000 0.00000000000 0.00000000000 0.25464949054
0.02645515653 -0.01039680397 0.25443693857 2516.92244636443 0.00000000000 0.00000000000 0.00000000000 0.00000000000 0.00000000000 0.00000000000 0.25464926712
0.02645714607 -0.01039407115 0.25443682399 2516.91234225324 0.00000000000 0.00000000000 0.00000000000 0.00000000000 0.00000000000 0.00000000000 0.25464904107
0.02645915858 -0.01039135537 0.25443670608 2517.07818484298 0.00000000000 0.00000000000 0.00000000000 0.00000000000 0.00000000000 0.00000000000 0.25464881242
0.02646119391 -0.01038865684 0.25443658483 2517.05843492470 0.00000000000 0.00000000000 0.00000000000 0.00000000000 0.00000000000 0.00000000000 0.25464858117
0.02646325190 -0.01038597575 0.25443646027 2517.21460488148 0.00000000000 0.00000000000 0.00000000000 0.00000000000 0.00000000000 0.00000000000 0.25464834735
0.02646533241 -0.01038331230 0.25443633240 2517.18514617521 0.00000000000 0.00000000000 0.00000000000 0.00000000000 0.00000000000 0.00000000000 0.25464811097
0.02646743529 -0.01038066667 0.25443620123 2517.33158443786 0.00000000000 0.00000000000 0.00000000000 0.00000000000 0.00000000000 0.00000000000 0.25464787204
0.02646956040 -0.01037803905 0.25443606677 2517.29235667931 0.00000000000 0.00000000000 0.00000000000 0.00000000000 0.00000000000 0.00000000000 0.25464763060
0.02647170757 -0.01037542964 0.25443592903 2517.42900746829 0.00000000000 0.00000000000 0.00000000000 0.00000000000 0.00000000000 0.00000000000 0.25464738664
0.02647387665 -0.01037283862 0.25443578803 2517.37996684430 0.00000000000 0.00000000000 0.00000000000 0.00000000000 0.00000000000 0.00000000000 0.25464714020
0.02647606749 -0.01037026618 0.25443564377 2517.50679054173 0.00000000000 0.00000000000 0.00000000000 0.00000000000 0.00000000000 0.00000000000 0.25464689128
0.02647827994 -0.01036771250 0.25443549626 2517.44790278282 0.00000000000 0.00000000000 0.00000000000 0.00000000000 0.00000000000 0.00000000000 0.25464663991
0.02648051382 -0.01036517776 0.25443534551 2517.56486912626 0.00000000000 0.00000000000 0.00000000000 0.00000000000 0.00000000000 0.00000000000 0.25464638610
0.02648276898 -0.01036266216 0.25443519154 2517.49611003512 0.00000000000 0.00000000000 0.00000000000 0.00000000000 0.00000000000 0.00000000000 0.25464612988
0.02648504527 -0.01036016586 0.25443503436 2517.60319961768 0.00000000000 0.00000000000 0.00000000000 0.00000000000 0.00000000000 0.00000000000 0.25464587126
0.02648734251 -0.01035768905 0.25443487398 2517.52455850403 0.00000000000 0.00000000000 0.00000000000 0.00000000000 0.00000000000 0.00000000000 0.25464561025
0.02648966054 -0.01035523190 0.25443471041 2517.62176499637 0.00000000000 0.00000000000 0.00000000000 0.00000000000 0.00000000000 0.00000000000 0.25464534688
0.02649199919 -0.01035279460 0.25443454366 2517.53324091475 0.00000000000 0.00000000000 0.00000000000 0.00000000000 0.00000000000 0.00000000000 0.25464508117
0.02649435830 -0.01035037731 0.25443437375 2517.62056739570 0.00000000000 0.00000000000 0.00000000000 0.00000000000 0.00000000000 0.00000000000 0.25464481314
0.02649673770 -0.01034798021 0.25443420069 2517.52217040934 0.00000000000 0.00000000000 0.00000000000 0.00000000000 0.00000000000 0.00000000000 0.25464454280
0.02649913721 -0.01034560348 0.25443402450 2517.59963139795 0.00000000000 0.00000000000 0.00000000000 0.00000000000 0.00000000000 0.00000000000 0.25464427017
0.02650155666 -0.01034324728 0.25443384517 2517.49138447109 0.00000000000 0.00000000000 0.00000000000 0.00000000000 0.00000000000 0.00000000000 0.25464399528
0.02650399589 -0.01034091178 0.25443366274 2517.55900714365 0.00000000000 0.00000000000 0.00000000000 0.00000000000 0.00000000000 0.00000000000 0.25464371815
0.02650645471 -0.01033859716 0.25443347721 2517.44094167713 0.00000000000 0.00000000000 0.00000000000 0.00000000000 0.00000000000 0.00000000000 0.25464343878
0.02650893294 -0.01033630357 0.25443328859 2517.49876199320 0.00000000000 0.00000000000 0.00000000000 0.00000000000 0.00000000000 0.00000000000 0.25464315721
0.02651143042 -0.01033403118 0.25443309691 2517.37092313259 0.00000000000 0.00000000000 0.00000000000 0.00000000000 0.00000000000 0.00000000000 0.25464287346
0.02651394695 -0.01033178016 0.25443290217 2517.41898989945 0.00000000000 0.00000000000 0.00000000000 0.00000000000 0.00000000000 0.00000000000 0.25464258754
0.02651648237 -0.01032955066 0.25443270439 2517.28143126027 0.00000000000 0.00000000000 0.00000000000 0.00000000000 0.00000000000 0.00000000000 0.25464229947
0.02651903648 -0.01032734285 0.25443250358 2517.31980226939 0.00000000000 0.00000000000 0.00000000000 0.00000000000 0.00000000000 0.00000000000 0.25464200928
0.02652160911 -0.01032515689 0.25443229977 2517.17259193330 0.00000000000 0.00000000000 0.00000000000 0.00000000000 0.00000000000 0.00000000000 0.25464171699
0.02652420007 -0.01032299292 0.25443209296 2517.20133964091 0.00000000000 0.00000000000 0.00000000000 0.00000000000 0.00000000000 0.00000000000 0.25464142261
0.02652680917 -0.01032085112 0.25443188316 2517.04455035136 0.00000000000 0.00000000000 0.00000000000 0.00000000000 0.00000000000 0.00000000000 0.25464112617
0.02652943623 -0.01031873162 0.25443167041 2517.06375162509 0.00000000000 0.00000000000 0.00000000000 0.00000000000 0.00000000000 0.00000000000 0.25464082769
0.02653208105 -0.01031663459 0.25443145470 2516.89747286388 0.00000000000 0.00000000000 0.00000000000 0.00000000000 0.00000000000 0.00000000000 0.25464052720
0.02653474345 -0.01031456018 0.25443123607 2516.90722119418 0.00000000000 0.00000000000 0.00000000000 0.00000000000 0.00000000000 0.00000000000 0.25464022470
0.02653742324 -0.01031250853 0.25443101451 2516.73155154848 0.00000000000 0.00000000000 0.00000000000 0.00000000000 0.00000000000 0.00000000000 0.25463992024
0.02654012022 -0.01031047979 0.25443079006 2516.73194937634 0.00000000000 0.00000000000 0.00000000000 0.00000000000 0.00000000000 0.00000000000 0.25463961381
0.02654283420 -0.01030847410 0.25443056272 2516.54699248360 0.00000000000 0.00000000000 0.00000000000 0.00000000000 0.00000000000 0.00000000000 0.25463930546
0.02654556498 -0.01030649162 0.25443033252 2516.53814773024 0.00000000000 0.00000000000 0.00000000000 0.00000000000 0.00000000000 0.00000000000 0.25463899520
0.02654831238 -0.01030453248 0.25443009946 2516.34402706981 0.00000000000 0.00000000000 0.00000000000 0.00000000000 0.00000000000 0.00000000000 0.25463868305
0.02655107618 -0.01030259682 0.25442986358 2516.32606685804 0.00000000000 0.00000000000 0.00000000000 0.00000000000 0.00000000000 0.00000000000 0.25463836903
0.02655385620 -0.01030068479 0.25442962488 2516.12290298583 0.00000000000 0.00000000000 0.00000000000 0.00000000000 0.00000000000 0.00000000000 0.25463805317
0.02655665223 -0.01029879651 0.25442938339 2516.09595172441 0.00000000000 0.00000000000 0.00000000000 0.00000000000 0.00000000000 0.00000000000 0.25463773550
0.02655946407 -0.01029693213 0.25442913911 2515.88389887219 0.00000000000 0.00000000000 0.00000000000 0.00000000000 0.00000000000 0.00000000000 0.25463741602
0.02656229153 -0.01029509178 0.25442889207 2515.84811450549 0.00000000000 0.00000000000 0.00000000000 0.00000000000 0.00000000000 0.00000000000 0.25463709478
0.02656513439 -0.01029327560 0.25442864230 2515.62727180108 0.00000000000 0.00000000000 0.00000000000 0.00000000000 0.00000000000 0.00000000000 0.25463677178
0.02656799246 -0.01029148370 0.25442838979 2515.58275708038 0.00000000000 0.00000000000 0.00000000000 0.00000000000 0.00000000000 0.00000000000 0.25463644706
0.02657086552 -0.01028971623 0.25442813459 2515.35345156932 0.00000000000 0.00000000000 0.00000000000 0.00000000000 0.00000000000 0.00000000000 0.25463612063
0.02657375337 -0.01028797330 0.25442787669 2515.30053749124 0.00000000000 0.00000000000 0.00000000000 0.00000000000 0.00000000000 0.00000000000 0.25463579252
0.02657665581 -0.01028625505 0.25442761613 2515.06230481312 0.00000000000 0.00000000000 0.00000000000 0.00000000000 0.00000000000 0.00000000000 0.25463546275
0.02657957263 -0.01028456159 0.25442735292 2515.00052895096 0.00000000000 0.00000000000 0.00000000000 0.00000000000 0.00000000000 0.00000000000 0.25463513135
0.02658250361 -0.01028289305 0.25442708708 2514.75590111310 0.00000000000 0.00000000000 0.00000000000 0.00000000000 0.00000000000 0.00000000000 0.25463479835
0.02658544854 -0.01028124955 0.25442681863 2514.68780340397 0.00000000000 0.00000000000 0.00000000000 0.00000000000 0.00000000000 0.00000000000 0.25463446375
0.02658840722 -0.01027963121 0.25442654759 2514.43171504660 0.00000000000 0.00000000000 0.00000000000 0.00000000000 0.00000000000 0.00000000000 0.25463412759
0.02659137944 -0.01027803813 0.25442627398 2514.35211988806 0.00000000000 0.00000000000 0.00000000000 0.00000000000 0.00000000000 0.00000000000 0.25463378990
0.02659436497 -0.01027647045 0.25442599782 2514.10192162629 0.00000000000 0.00000000000 0.00000000000 0.00000000000 0.00000000000 0.00000000000 0.25463345069
0.02659736360 -0.01027492826 0.25442571913 2514.02863962776 0.00000000000 0.00000000000 0.00000000000 0.00000000000 0.00000000000 0.00000000000 0.25463310999
0.02660037513 -0.01027341169 0.25442543793 2513.68463026558 0.00000000000 0.00000000000 0.00000000000 0.00000000000 0.00000000000 0.00000000000 0.25463276783
0.02660339932 -0.01027192083 0.25442515425 2513.51730899998 0.00000000000 0.00000000000 0.00000000000 0.00000000000 0.00000000000 0.00000000000 0.25463242424
0.02660643597 -0.01027045580 0.25442486810 2513.52666869109 0.00000000000 0.00000000000 0.00000000000 0.00000000000 0.00000000000 0.00000000000 0.25463207923
0.02660948486 -0.01026901670 0.25442457951 2513.71258332953 0.00000000000 0.00000000000 0.00000000000 0.00000000000 0.00000000000 0.00000000000 0.25463173283
