VARIABLES=
"CoordinateX"
"CoordinateY"
"CoordinateZ"
"Kappa1"
"Kappa2"
"dy"
"dz"
"d2x"
"d2y"
"d2z"
"R"
ZONE T="Konrollpunkte"
I=101, J=1, K=1
0.02603828773 -0.00954407893 0.25451774819 0.00000000000 0.00000000000 0.00000000000 0.00000000000 0.00000000000 0.00000000000 0.00000000000 0.00000000000
0.02603483061 -0.00954568742 0.25451808093 0.00000000000 0.00000000000 0.00000000000 0.00000000000 0.00000000000 0.00000000000 0.00000000000 0.00000000000
0.02602961045 -0.00954802516 0.25451858676 0.00000000000 0.00000000000 0.00000000000 0.00000000000 0.00000000000 0.00000000000 0.00000000000 0.00000000000
0.02602258560 -0.00955099025 0.25451927421 0.00000000000 0.00000000000 0.00000000000 0.00000000000 0.00000000000 0.00000000000 0.00000000000 0.00000000000
0.02601728575 -0.00955313766 0.25451979620 0.00000000000 0.00000000000 0.00000000000 0.00000000000 0.00000000000 0.00000000000 0.00000000000 0.00000000000
0.02601195578 -0.00955520821 0.25452032448 0.00000000000 0.00000000000 0.00000000000 0.00000000000 0.00000000000 0.00000000000 0.00000000000 0.00000000000
0.02600659677 -0.00955720149 0.25452085894 0.00000000000 0.00000000000 0.00000000000 0.00000000000 0.00000000000 0.00000000000 0.00000000000 0.00000000000
0.02600120986 -0.00955911707 0.25452139948 0.00000000000 0.00000000000 0.00000000000 0.00000000000 0.00000000000 0.00000000000 0.00000000000 0.00000000000
0.02599579614 -0.00956095458 0.25452194598 0.00000000000 0.00000000000 0.00000000000 0.00000000000 0.00000000000 0.00000000000 0.00000000000 0.00000000000
0.02599035674 -0.00956271361 0.25452249835 0.00000000000 0.00000000000 0.00000000000 0.00000000000 0.00000000000 0.00000000000 0.00000000000 0.00000000000
0.02598489278 -0.00956439382 0.25452305645 0.00000000000 0.00000000000 0.00000000000 0.00000000000 0.00000000000 0.00000000000 0.00000000000 0.00000000000
0.02597940539 -0.00956599486 0.25452362018 0.00000000000 0.00000000000 0.00000000000 0.00000000000 0.00000000000 0.00000000000 0.00000000000 0.00000000000
0.02597389570 -0.00956751639 0.25452418943 0.00000000000 0.00000000000 0.00000000000 0.00000000000 0.00000000000 0.00000000000 0.00000000000 0.00000000000
0.02596836485 -0.00956895810 0.25452476407 0.00000000000 0.00000000000 0.00000000000 0.00000000000 0.00000000000 0.00000000000 0.00000000000 0.00000000000
0.02596281400 -0.00957031970 0.25452534400 0.00000000000 0.00000000000 0.00000000000 0.00000000000 0.00000000000 0.00000000000 0.00000000000 0.00000000000
0.02595724427 -0.00957160090 0.25452592908 0.00000000000 0.00000000000 0.00000000000 0.00000000000 0.00000000000 0.00000000000 0.00000000000 0.00000000000
0.02595165683 -0.00957280144 0.25452651921 0.00000000000 0.00000000000 0.00000000000 0.00000000000 0.00000000000 0.00000000000 0.00000000000 0.00000000000
0.02594605283 -0.00957392107 0.25452711426 0.00000000000 0.00000000000 0.00000000000 0.00000000000 0.00000000000 0.00000000000 0.00000000000 0.00000000000
0.02594043343 -0.00957495957 0.25452771410 0.00000000000 0.00000000000 0.00000000000 0.00000000000 0.00000000000 0.00000000000 0.00000000000 0.00000000000
0.02593479978 -0.00957591671 0.25452831862 0.00000000000 0.00000000000 0.00000000000 0.00000000000 0.00000000000 0.00000000000 0.00000000000 0.00000000000
0.02592915306 -0.00957679231 0.25452892770 0.00000000000 0.00000000000 0.00000000000 0.00000000000 0.00000000000 0.00000000000 0.00000000000 0.00000000000
0.02592349443 -0.00957758617 0.25452954120 0.00000000000 0.00000000000 0.00000000000 0.00000000000 0.00000000000 0.00000000000 0.00000000000 0.00000000000
0.02591782506 -0.00957829814 0.25453015900 0.00000000000 0.00000000000 0.00000000000 0.00000000000 0.00000000000 0.00000000000 0.00000000000 0.00000000000
0.02591214612 -0.00957892808 0.25453078097 0.00000000000 0.00000000000 0.00000000000 0.00000000000 0.00000000000 0.00000000000 0.00000000000 0.00000000000
0.02590645878 -0.00957947584 0.25453140699 0.00000000000 0.00000000000 0.00000000000 0.00000000000 0.00000000000 0.00000000000 0.00000000000 0.00000000000
0.02590076423 -0.00957994132 0.25453203693 0.00000000000 0.00000000000 0.00000000000 0.00000000000 0.00000000000 0.00000000000 0.00000000000 0.00000000000
0.02589506363 -0.00958032443 0.25453267065 0.00000000000 0.00000000000 0.00000000000 0.00000000000 0.00000000000 0.00000000000 0.00000000000 0.00000000000
0.02588935817 -0.00958062507 0.25453330803 0.00000000000 0.00000000000 0.00000000000 0.00000000000 0.00000000000 0.00000000000 0.00000000000 0.00000000000
0.02588364902 -0.00958084321 0.25453394894 0.00000000000 0.00000000000 0.00000000000 0.00000000000 0.00000000000 0.00000000000 0.00000000000 0.00000000000
0.02587793736 -0.00958097878 0.25453459324 0.00000000000 0.00000000000 0.00000000000 0.00000000000 0.00000000000 0.00000000000 0.00000000000 0.00000000000
0.02587222438 -0.00958103176 0.25453524079 0.00000000000 0.00000000000 0.00000000000 0.00000000000 0.00000000000 0.00000000000 0.00000000000 0.00000000000
0.02586651126 -0.00958100214 0.25453589148 0.00000000000 0.00000000000 0.00000000000 0.00000000000 0.00000000000 0.00000000000 0.00000000000 0.00000000000
0.02586079917 -0.00958088993 0.25453654515 0.00000000000 0.00000000000 0.00000000000 0.00000000000 0.00000000000 0.00000000000 0.00000000000 0.00000000000
0.02585508929 -0.00958069515 0.25453720168 0.00000000000 0.00000000000 0.00000000000 0.00000000000 0.00000000000 0.00000000000 0.00000000000 0.00000000000
0.02584938282 -0.00958041784 0.25453786093 0.00000000000 0.00000000000 0.00000000000 0.00000000000 0.00000000000 0.00000000000 0.00000000000 0.00000000000
0.02584368091 -0.00958005807 0.25453852276 0.00000000000 0.00000000000 0.00000000000 0.00000000000 0.00000000000 0.00000000000 0.00000000000 0.00000000000
0.02583798476 -0.00957961589 0.25453918704 0.00000000000 0.00000000000 0.00000000000 0.00000000000 0.00000000000 0.00000000000 0.00000000000 0.00000000000
0.02583229554 -0.00957909142 0.25453985363 0.00000000000 0.00000000000 0.00000000000 0.00000000000 0.00000000000 0.00000000000 0.00000000000 0.00000000000
0.02582661443 -0.00957848475 0.25454052238 0.00000000000 0.00000000000 0.00000000000 0.00000000000 0.00000000000 0.00000000000 0.00000000000 0.00000000000
0.02582094260 -0.00957779601 0.25454119317 0.00000000000 0.00000000000 0.00000000000 0.00000000000 0.00000000000 0.00000000000 0.00000000000 0.00000000000
0.02581528122 -0.00957702535 0.25454186585 0.00000000000 0.00000000000 0.00000000000 0.00000000000 0.00000000000 0.00000000000 0.00000000000 0.00000000000
0.02580963146 -0.00957617293 0.25454254029 0.00000000000 0.00000000000 0.00000000000 0.00000000000 0.00000000000 0.00000000000 0.00000000000 0.00000000000
0.02580399449 -0.00957523891 0.25454321633 0.00000000000 0.00000000000 0.00000000000 0.00000000000 0.00000000000 0.00000000000 0.00000000000 0.00000000000
0.02579837147 -0.00957422350 0.25454389385 0.00000000000 0.00000000000 0.00000000000 0.00000000000 0.00000000000 0.00000000000 0.00000000000 0.00000000000
0.02579276357 -0.00957312691 0.25454457270 0.00000000000 0.00000000000 0.00000000000 0.00000000000 0.00000000000 0.00000000000 0.00000000000 0.00000000000
0.02578717195 -0.00957194935 0.25454525273 0.00000000000 0.00000000000 0.00000000000 0.00000000000 0.00000000000 0.00000000000 0.00000000000 0.00000000000
0.02578159775 -0.00957069109 0.25454593382 0.00000000000 0.00000000000 0.00000000000 0.00000000000 0.00000000000 0.00000000000 0.00000000000 0.00000000000
0.02577604214 -0.00956935237 0.25454661580 0.00000000000 0.00000000000 0.00000000000 0.00000000000 0.00000000000 0.00000000000 0.00000000000 0.00000000000
0.02577050626 -0.00956793348 0.25454729856 0.00000000000 0.00000000000 0.00000000000 0.00000000000 0.00000000000 0.00000000000 0.00000000000 0.00000000000
0.02576499125 -0.00956643470 0.25454798193 0.00000000000 0.00000000000 0.00000000000 0.00000000000 0.00000000000 0.00000000000 0.00000000000 0.00000000000
0.02575949825 -0.00956485635 0.25454866578 0.00000000000 0.00000000000 0.00000000000 0.00000000000 0.00000000000 0.00000000000 0.00000000000 0.00000000000
0.02575402840 -0.00956319876 0.25454934997 0.00000000000 0.00000000000 0.00000000000 0.00000000000 0.00000000000 0.00000000000 0.00000000000 0.00000000000
0.02574858283 -0.00956146227 0.25455003434 0.00000000000 0.00000000000 0.00000000000 0.00000000000 0.00000000000 0.00000000000 0.00000000000 0.00000000000
0.02574316266 -0.00955964723 0.25455071877 0.00000000000 0.00000000000 0.00000000000 0.00000000000 0.00000000000 0.00000000000 0.00000000000 0.00000000000
0.02573776902 -0.00955775403 0.25455140310 0.00000000000 0.00000000000 0.00000000000 0.00000000000 0.00000000000 0.00000000000 0.00000000000 0.00000000000
0.02573240302 -0.00955578305 0.25455208720 0.00000000000 0.00000000000 0.00000000000 0.00000000000 0.00000000000 0.00000000000 0.00000000000 0.00000000000
0.02572706576 -0.00955373471 0.25455277092 0.00000000000 0.00000000000 0.00000000000 0.00000000000 0.00000000000 0.00000000000 0.00000000000 0.00000000000
0.02572175835 -0.00955160942 0.25455345411 0.00000000000 0.00000000000 0.00000000000 0.00000000000 0.00000000000 0.00000000000 0.00000000000 0.00000000000
0.02571648188 -0.00954940763 0.25455413663 0.00000000000 0.00000000000 0.00000000000 0.00000000000 0.00000000000 0.00000000000 0.00000000000 0.00000000000
0.02571123746 -0.00954712979 0.25455481835 0.00000000000 0.00000000000 0.00000000000 0.00000000000 0.00000000000 0.00000000000 0.00000000000 0.00000000000
0.02570602615 -0.00954477637 0.25455549911 0.00000000000 0.00000000000 0.00000000000 0.00000000000 0.00000000000 0.00000000000 0.00000000000 0.00000000000
0.02570084903 -0.00954234787 0.25455617878 0.00000000000 0.00000000000 0.00000000000 0.00000000000 0.00000000000 0.00000000000 0.00000000000 0.00000000000
0.02569570719 -0.00953984477 0.25455685721 0.00000000000 0.00000000000 0.00000000000 0.00000000000 0.00000000000 0.00000000000 0.00000000000 0.00000000000
0.02569060167 -0.00953726761 0.25455753426 0.00000000000 0.00000000000 0.00000000000 0.00000000000 0.00000000000 0.00000000000 0.00000000000 0.00000000000
0.02568553353 -0.00953461691 0.25455820979 0.00000000000 0.00000000000 0.00000000000 0.00000000000 0.00000000000 0.00000000000 0.00000000000 0.00000000000
0.02568050382 -0.00953189322 0.25455888365 0.00000000000 0.00000000000 0.00000000000 0.00000000000 0.00000000000 0.00000000000 0.00000000000 0.00000000000
0.02567551359 -0.00952909711 0.25455955571 0.00000000000 0.00000000000 0.00000000000 0.00000000000 0.00000000000 0.00000000000 0.00000000000 0.00000000000
0.02567056385 -0.00952622914 0.25456022582 0.00000000000 0.00000000000 0.00000000000 0.00000000000 0.00000000000 0.00000000000 0.00000000000 0.00000000000
0.02566565563 -0.00952328993 0.25456089384 0.00000000000 0.00000000000 0.00000000000 0.00000000000 0.00000000000 0.00000000000 0.00000000000 0.00000000000
0.02566078995 -0.00952028007 0.25456155963 0.00000000000 0.00000000000 0.00000000000 0.00000000000 0.00000000000 0.00000000000 0.00000000000 0.00000000000
0.02565596781 -0.00951720018 0.25456222306 0.00000000000 0.00000000000 0.00000000000 0.00000000000 0.00000000000 0.00000000000 0.00000000000 0.00000000000
0.02565119021 -0.00951405091 0.25456288397 0.00000000000 0.00000000000 0.00000000000 0.00000000000 0.00000000000 0.00000000000 0.00000000000 0.00000000000
0.02564645814 -0.00951083290 0.25456354224 0.00000000000 0.00000000000 0.00000000000 0.00000000000 0.00000000000 0.00000000000 0.00000000000 0.00000000000
0.02564177256 -0.00950754682 0.25456419773 0.00000000000 0.00000000000 0.00000000000 0.00000000000 0.00000000000 0.00000000000 0.00000000000 0.00000000000
0.02563713446 -0.00950419335 0.25456485029 0.00000000000 0.00000000000 0.00000000000 0.00000000000 0.00000000000 0.00000000000 0.00000000000 0.00000000000
0.02563254478 -0.00950077319 0.25456549978 0.00000000000 0.00000000000 0.00000000000 0.00000000000 0.00000000000 0.00000000000 0.00000000000 0.00000000000
0.02562800448 -0.00949728703 0.25456614608 0.00000000000 0.00000000000 0.00000000000 0.00000000000 0.00000000000 0.00000000000 0.00000000000 0.00000000000
0.02562351450 -0.00949373561 0.25456678904 0.00000000000 0.00000000000 0.00000000000 0.00000000000 0.00000000000 0.00000000000 0.00000000000 0.00000000000
0.02561907575 -0.00949011965 0.25456742854 0.00000000000 0.00000000000 0.00000000000 0.00000000000 0.00000000000 0.00000000000 0.00000000000 0.00000000000
0.02561468917 -0.00948643990 0.25456806443 0.00000000000 0.00000000000 0.00000000000 0.00000000000 0.00000000000 0.00000000000 0.00000000000 0.00000000000
0.02561035565 -0.00948269713 0.25456869658 0.00000000000 0.00000000000 0.00000000000 0.00000000000 0.00000000000 0.00000000000 0.00000000000 0.00000000000
0.02560607609 -0.00947889210 0.25456932485 0.00000000000 0.00000000000 0.00000000000 0.00000000000 0.00000000000 0.00000000000 0.00000000000 0.00000000000
0.02560185137 -0.00947502561 0.25456994912 0.00000000000 0.00000000000 0.00000000000 0.00000000000 0.00000000000 0.00000000000 0.00000000000 0.00000000000
0.02559768237 -0.00947109845 0.25457056926 0.00000000000 0.00000000000 0.00000000000 0.00000000000 0.00000000000 0.00000000000 0.00000000000 0.00000000000
0.02559356994 -0.00946711144 0.25457118512 0.00000000000 0.00000000000 0.00000000000 0.00000000000 0.00000000000 0.00000000000 0.00000000000 0.00000000000
0.02558951495 -0.00946306540 0.25457179659 0.00000000000 0.00000000000 0.00000000000 0.00000000000 0.00000000000 0.00000000000 0.00000000000 0.00000000000
0.02558551821 -0.00945896116 0.25457240353 0.00000000000 0.00000000000 0.00000000000 0.00000000000 0.00000000000 0.00000000000 0.00000000000 0.00000000000
0.02558158057 -0.00945479958 0.25457300582 0.00000000000 0.00000000000 0.00000000000 0.00000000000 0.00000000000 0.00000000000 0.00000000000 0.00000000000
0.02557770283 -0.00945058151 0.25457360332 0.00000000000 0.00000000000 0.00000000000 0.00000000000 0.00000000000 0.00000000000 0.00000000000 0.00000000000
0.02557388580 -0.00944630783 0.25457419592 0.00000000000 0.00000000000 0.00000000000 0.00000000000 0.00000000000 0.00000000000 0.00000000000 0.00000000000
0.02557013025 -0.00944197941 0.25457478348 0.00000000000 0.00000000000 0.00000000000 0.00000000000 0.00000000000 0.00000000000 0.00000000000 0.00000000000
0.02556643698 -0.00943759717 0.25457536588 0.00000000000 0.00000000000 0.00000000000 0.00000000000 0.00000000000 0.00000000000 0.00000000000 0.00000000000
0.02556280673 -0.00943316199 0.25457594301 0.00000000000 0.00000000000 0.00000000000 0.00000000000 0.00000000000 0.00000000000 0.00000000000 0.00000000000
0.02555924026 -0.00942867481 0.25457651473 0.00000000000 0.00000000000 0.00000000000 0.00000000000 0.00000000000 0.00000000000 0.00000000000 0.00000000000
0.02555573832 -0.00942413654 0.25457708092 0.00000000000 0.00000000000 0.00000000000 0.00000000000 0.00000000000 0.00000000000 0.00000000000 0.00000000000
0.02555230161 -0.00941954812 0.25457764147 0.00000000000 0.00000000000 0.00000000000 0.00000000000 0.00000000000 0.00000000000 0.00000000000 0.00000000000
0.02554893085 -0.00941491050 0.25457819626 0.00000000000 0.00000000000 0.00000000000 0.00000000000 0.00000000000 0.00000000000 0.00000000000 0.00000000000
0.02554562674 -0.00941022465 0.25457874517 0.00000000000 0.00000000000 0.00000000000 0.00000000000 0.00000000000 0.00000000000 0.00000000000 0.00000000000
0.02554131103 -0.00940391382 0.25457946904 0.00000000000 0.00000000000 0.00000000000 0.00000000000 0.00000000000 0.00000000000 0.00000000000 0.00000000000
0.02553817623 -0.00939911125 0.25458000280 0.00000000000 0.00000000000 0.00000000000 0.00000000000 0.00000000000 0.00000000000 0.00000000000 0.00000000000
0.02553613257 -0.00939587999 0.25458035444 0.00000000000 0.00000000000 0.00000000000 0.00000000000 0.00000000000 0.00000000000 0.00000000000 0.00000000000
ZONE T="NURB"
I=201, J=1, K=1
0.02603828773 -0.00954407893 0.25451774819 2512.29913936610 0.00000000000 0.00000000000 0.00000000000 0.00000000000 0.00000000000 0.00000000000 0.25469663050
0.02603569036 -0.00954527602 0.25451799861 2511.88930023052 0.00000000000 0.00000000000 0.00000000000 0.00000000000 0.00000000000 0.00000000000 0.25469692560
0.02603308451 -0.00954645430 0.25451825069 2511.60606395473 0.00000000000 0.00000000000 0.00000000000 0.00000000000 0.00000000000 0.00000000000 0.25469722167
0.02603047030 -0.00954761371 0.25451850443 2511.44949964845 0.00000000000 0.00000000000 0.00000000000 0.00000000000 0.00000000000 0.00000000000 0.25469751868
0.02602784788 -0.00954875419 0.25451875980 2511.41948533392 0.00000000000 0.00000000000 0.00000000000 0.00000000000 0.00000000000 0.00000000000 0.25469781663
0.02602521738 -0.00954987568 0.25451901681 2511.17370734589 0.00000000000 0.00000000000 0.00000000000 0.00000000000 0.00000000000 0.00000000000 0.25469811550
0.02602257895 -0.00955097811 0.25451927542 2511.06602650923 0.00000000000 0.00000000000 0.00000000000 0.00000000000 0.00000000000 0.00000000000 0.25469841528
0.02601993270 -0.00955206145 0.25451953564 2510.85265656736 0.00000000000 0.00000000000 0.00000000000 0.00000000000 0.00000000000 0.00000000000 0.25469871594
0.02601727880 -0.00955312561 0.25451979744 2510.76235913416 0.00000000000 0.00000000000 0.00000000000 0.00000000000 0.00000000000 0.00000000000 0.25469901746
0.02601461736 -0.00955417057 0.25452006081 2510.53415505989 0.00000000000 0.00000000000 0.00000000000 0.00000000000 0.00000000000 0.00000000000 0.25469931985
0.02601194853 -0.00955519625 0.25452032575 2510.43317344019 0.00000000000 0.00000000000 0.00000000000 0.00000000000 0.00000000000 0.00000000000 0.25469962307
0.02600927244 -0.00955620260 0.25452059223 2510.20178122435 0.00000000000 0.00000000000 0.00000000000 0.00000000000 0.00000000000 0.00000000000 0.25469992712
0.02600658924 -0.00955718959 0.25452086024 2510.09762000504 0.00000000000 0.00000000000 0.00000000000 0.00000000000 0.00000000000 0.00000000000 0.25470023198
0.02600389907 -0.00955815714 0.25452112977 2509.86149432464 0.00000000000 0.00000000000 0.00000000000 0.00000000000 0.00000000000 0.00000000000 0.25470053763
0.02600120205 -0.00955910522 0.25452140081 2509.75261586703 0.00000000000 0.00000000000 0.00000000000 0.00000000000 0.00000000000 0.00000000000 0.25470084406
0.02599849834 -0.00956003377 0.25452167334 2509.51236391899 0.00000000000 0.00000000000 0.00000000000 0.00000000000 0.00000000000 0.00000000000 0.25470115124
0.02599578806 -0.00956094276 0.25452194735 2509.39937619792 0.00000000000 0.00000000000 0.00000000000 0.00000000000 0.00000000000 0.00000000000 0.25470145918
0.02599307137 -0.00956183212 0.25452222282 2509.15503394545 0.00000000000 0.00000000000 0.00000000000 0.00000000000 0.00000000000 0.00000000000 0.25470176784
0.02599034840 -0.00956270181 0.25452249974 2509.03797581326 0.00000000000 0.00000000000 0.00000000000 0.00000000000 0.00000000000 0.00000000000 0.25470207721
0.02598761929 -0.00956355180 0.25452277809 2508.78973673801 0.00000000000 0.00000000000 0.00000000000 0.00000000000 0.00000000000 0.00000000000 0.25470238729
0.02598488419 -0.00956438203 0.25452305787 2508.66880395668 0.00000000000 0.00000000000 0.00000000000 0.00000000000 0.00000000000 0.00000000000 0.25470269804
0.02598214323 -0.00956519246 0.25452333905 2508.41682340795 0.00000000000 0.00000000000 0.00000000000 0.00000000000 0.00000000000 0.00000000000 0.25470300946
0.02597939655 -0.00956598306 0.25452362163 2508.29217362392 0.00000000000 0.00000000000 0.00000000000 0.00000000000 0.00000000000 0.00000000000 0.25470332153
0.02597664431 -0.00956675377 0.25452390558 2508.03662237591 0.00000000000 0.00000000000 0.00000000000 0.00000000000 0.00000000000 0.00000000000 0.25470363423
0.02597388663 -0.00956750457 0.25452419090 2507.90842853370 0.00000000000 0.00000000000 0.00000000000 0.00000000000 0.00000000000 0.00000000000 0.25470394755
0.02597112367 -0.00956823541 0.25452447757 2507.64947772544 0.00000000000 0.00000000000 0.00000000000 0.00000000000 0.00000000000 0.00000000000 0.25470426147
0.02596835556 -0.00956894625 0.25452476557 2507.51791333920 0.00000000000 0.00000000000 0.00000000000 0.00000000000 0.00000000000 0.00000000000 0.25470457597
0.02596558245 -0.00956963707 0.25452505490 2507.25573513879 0.00000000000 0.00000000000 0.00000000000 0.00000000000 0.00000000000 0.00000000000 0.25470489105
0.02596280449 -0.00957030781 0.25452534552 2507.12097440525 0.00000000000 0.00000000000 0.00000000000 0.00000000000 0.00000000000 0.00000000000 0.25470520667
0.02596002181 -0.00957095845 0.25452563744 2506.85574842397 0.00000000000 0.00000000000 0.00000000000 0.00000000000 0.00000000000 0.00000000000 0.25470552283
0.02595723455 -0.00957158896 0.25452593063 2506.71797287686 0.00000000000 0.00000000000 0.00000000000 0.00000000000 0.00000000000 0.00000000000 0.25470583951
0.02595444288 -0.00957219930 0.25452622509 2506.44987650839 0.00000000000 0.00000000000 0.00000000000 0.00000000000 0.00000000000 0.00000000000 0.25470615669
0.02595164692 -0.00957278944 0.25452652079 2506.30926535869 0.00000000000 0.00000000000 0.00000000000 0.00000000000 0.00000000000 0.00000000000 0.25470647436
0.02594884682 -0.00957335935 0.25452681771 2506.03848327918 0.00000000000 0.00000000000 0.00000000000 0.00000000000 0.00000000000 0.00000000000 0.25470679250
0.02594604273 -0.00957390900 0.25452711586 2505.89522282364 0.00000000000 0.00000000000 0.00000000000 0.00000000000 0.00000000000 0.00000000000 0.25470711109
0.02594323480 -0.00957443836 0.25452741520 2505.62193750450 0.00000000000 0.00000000000 0.00000000000 0.00000000000 0.00000000000 0.00000000000 0.25470743012
0.02594042315 -0.00957494741 0.25452771573 2505.47621241498 0.00000000000 0.00000000000 0.00000000000 0.00000000000 0.00000000000 0.00000000000 0.25470774957
0.02593760796 -0.00957543612 0.25452801742 2505.20061193539 0.00000000000 0.00000000000 0.00000000000 0.00000000000 0.00000000000 0.00000000000 0.25470806942
0.02593478935 -0.00957590446 0.25452832027 2505.05261206044 0.00000000000 0.00000000000 0.00000000000 0.00000000000 0.00000000000 0.00000000000 0.25470838967
0.02593196747 -0.00957635242 0.25452862426 2504.77488462320 0.00000000000 0.00000000000 0.00000000000 0.00000000000 0.00000000000 0.00000000000 0.25470871028
0.02592914247 -0.00957677996 0.25452892937 2504.62479994420 0.00000000000 0.00000000000 0.00000000000 0.00000000000 0.00000000000 0.00000000000 0.25470903125
0.02592631450 -0.00957718706 0.25452923558 2504.34513633586 0.00000000000 0.00000000000 0.00000000000 0.00000000000 0.00000000000 0.00000000000 0.25470935255
0.02592348370 -0.00957757371 0.25452954289 2504.19315911157 0.00000000000 0.00000000000 0.00000000000 0.00000000000 0.00000000000 0.00000000000 0.25470967418
0.02592065022 -0.00957793989 0.25452985127 2503.91175153485 0.00000000000 0.00000000000 0.00000000000 0.00000000000 0.00000000000 0.00000000000 0.25470999611
0.02591781420 -0.00957828557 0.25453016071 2503.75807538653 0.00000000000 0.00000000000 0.00000000000 0.00000000000 0.00000000000 0.00000000000 0.25471031833
0.02591497579 -0.00957861073 0.25453047119 2503.47511813965 0.00000000000 0.00000000000 0.00000000000 0.00000000000 0.00000000000 0.00000000000 0.25471064082
0.02591213514 -0.00957891537 0.25453078270 2503.31993894640 0.00000000000 0.00000000000 0.00000000000 0.00000000000 0.00000000000 0.00000000000 0.25471096357
0.02590929240 -0.00957919947 0.25453109522 2503.03562543991 0.00000000000 0.00000000000 0.00000000000 0.00000000000 0.00000000000 0.00000000000 0.25471128655
0.02590644770 -0.00957946300 0.25453140874 2502.87913815056 0.00000000000 0.00000000000 0.00000000000 0.00000000000 0.00000000000 0.00000000000 0.25471160976
0.02590360121 -0.00957970597 0.25453172323 2502.59366672918 0.00000000000 0.00000000000 0.00000000000 0.00000000000 0.00000000000 0.00000000000 0.25471193317
0.02590075306 -0.00957992835 0.25453203869 2502.43607099204 0.00000000000 0.00000000000 0.00000000000 0.00000000000 0.00000000000 0.00000000000 0.25471225677
0.02589790340 -0.00958013013 0.25453235509 2502.14963642445 0.00000000000 0.00000000000 0.00000000000 0.00000000000 0.00000000000 0.00000000000 0.25471258054
0.02589505238 -0.00958031131 0.25453267243 2501.99112826064 0.00000000000 0.00000000000 0.00000000000 0.00000000000 0.00000000000 0.00000000000 0.25471290446
0.02589220015 -0.00958047187 0.25453299068 2501.70392996525 0.00000000000 0.00000000000 0.00000000000 0.00000000000 0.00000000000 0.00000000000 0.25471322852
0.02588934685 -0.00958061181 0.25453330982 2501.54470967860 0.00000000000 0.00000000000 0.00000000000 0.00000000000 0.00000000000 0.00000000000 0.25471355270
0.02588649263 -0.00958073111 0.25453362985 2501.25694517196 0.00000000000 0.00000000000 0.00000000000 0.00000000000 0.00000000000 0.00000000000 0.25471387699
0.02588363765 -0.00958082978 0.25453395074 2501.09721156089 0.00000000000 0.00000000000 0.00000000000 0.00000000000 0.00000000000 0.00000000000 0.25471420137
0.02588078204 -0.00958090781 0.25453427248 2500.80907950522 0.00000000000 0.00000000000 0.00000000000 0.00000000000 0.00000000000 0.00000000000 0.25471452581
0.02587792595 -0.00958096520 0.25453459505 2500.64903238332 0.00000000000 0.00000000000 0.00000000000 0.00000000000 0.00000000000 0.00000000000 0.25471485031
0.02587506954 -0.00958100193 0.25453491843 2500.36073151987 0.00000000000 0.00000000000 0.00000000000 0.00000000000 0.00000000000 0.00000000000 0.25471517485
0.02587221294 -0.00958101801 0.25453524261 2500.20057082202 0.00000000000 0.00000000000 0.00000000000 0.00000000000 0.00000000000 0.00000000000 0.25471549941
0.02586935632 -0.00958101345 0.25453556758 2499.91230007110 0.00000000000 0.00000000000 0.00000000000 0.00000000000 0.00000000000 0.00000000000 0.25471582397
0.02586649980 -0.00958098823 0.25453589330 2499.75222546785 0.00000000000 0.00000000000 0.00000000000 0.00000000000 0.00000000000 0.00000000000 0.25471614852
0.02586364355 -0.00958094236 0.25453621978 2499.46418333320 0.00000000000 0.00000000000 0.00000000000 0.00000000000 0.00000000000 0.00000000000 0.25471647303
0.02586078771 -0.00958087585 0.25453654698 2499.30439402613 0.00000000000 0.00000000000 0.00000000000 0.00000000000 0.00000000000 0.00000000000 0.25471679751
0.02585793243 -0.00958078869 0.25453687490 2499.01677844324 0.00000000000 0.00000000000 0.00000000000 0.00000000000 0.00000000000 0.00000000000 0.25471712191
0.02585507785 -0.00958068090 0.25453720352 2498.85747326705 0.00000000000 0.00000000000 0.00000000000 0.00000000000 0.00000000000 0.00000000000 0.25471744624
0.02585222412 -0.00958055247 0.25453753281 2498.57048263664 0.00000000000 0.00000000000 0.00000000000 0.00000000000 0.00000000000 0.00000000000 0.25471777047
0.02584937140 -0.00958040342 0.25453786277 2498.41186051804 0.00000000000 0.00000000000 0.00000000000 0.00000000000 0.00000000000 0.00000000000 0.25471809459
0.02584651982 -0.00958023375 0.25453819337 2498.12569093734 0.00000000000 0.00000000000 0.00000000000 0.00000000000 0.00000000000 0.00000000000 0.25471841858
0.02584366953 -0.00958004347 0.25453852460 2497.96794885184 0.00000000000 0.00000000000 0.00000000000 0.00000000000 0.00000000000 0.00000000000 0.25471874242
0.02584082069 -0.00957983259 0.25453885645 2497.68279672592 0.00000000000 0.00000000000 0.00000000000 0.00000000000 0.00000000000 0.00000000000 0.25471906610
0.02583797344 -0.00957960112 0.25453918888 2497.52613157481 0.00000000000 0.00000000000 0.00000000000 0.00000000000 0.00000000000 0.00000000000 0.25471938959
0.02583512792 -0.00957934907 0.25453952190 2497.24219157800 0.00000000000 0.00000000000 0.00000000000 0.00000000000 0.00000000000 0.00000000000 0.25471971289
0.02583228428 -0.00957907647 0.25453985547 2497.08679864394 0.00000000000 0.00000000000 0.00000000000 0.00000000000 0.00000000000 0.00000000000 0.25472003598
0.02582944268 -0.00957878331 0.25454018959 2496.80426417374 0.00000000000 0.00000000000 0.00000000000 0.00000000000 0.00000000000 0.00000000000 0.25472035883
0.02582660325 -0.00957846962 0.25454052423 2496.65033730438 0.00000000000 0.00000000000 0.00000000000 0.00000000000 0.00000000000 0.00000000000 0.25472068144
0.02582376614 -0.00957813541 0.25454085937 2496.36940119443 0.00000000000 0.00000000000 0.00000000000 0.00000000000 0.00000000000 0.00000000000 0.25472100378
0.02582093151 -0.00957778071 0.25454119501 2496.21713339254 0.00000000000 0.00000000000 0.00000000000 0.00000000000 0.00000000000 0.00000000000 0.25472132585
0.02581809949 -0.00957740552 0.25454153112 2495.93798534793 0.00000000000 0.00000000000 0.00000000000 0.00000000000 0.00000000000 0.00000000000 0.25472164761
0.02581527024 -0.00957700987 0.25454186769 2495.78756677576 0.00000000000 0.00000000000 0.00000000000 0.00000000000 0.00000000000 0.00000000000 0.25472196906
0.02581244389 -0.00957659378 0.25454220469 2495.51039640753 0.00000000000 0.00000000000 0.00000000000 0.00000000000 0.00000000000 0.00000000000 0.25472229018
0.02580962060 -0.00957615727 0.25454254211 2495.36201688050 0.00000000000 0.00000000000 0.00000000000 0.00000000000 0.00000000000 0.00000000000 0.25472261096
0.02580680051 -0.00957570036 0.25454287994 2495.08700999935 0.00000000000 0.00000000000 0.00000000000 0.00000000000 0.00000000000 0.00000000000 0.25472293137
0.02580398376 -0.00957522308 0.25454321815 2494.94085560341 0.00000000000 0.00000000000 0.00000000000 0.00000000000 0.00000000000 0.00000000000 0.25472325140
0.02580117051 -0.00957472546 0.25454355673 2494.66819778596 0.00000000000 0.00000000000 0.00000000000 0.00000000000 0.00000000000 0.00000000000 0.25472357103
0.02579836089 -0.00957420751 0.25454389565 2494.52445413509 0.00000000000 0.00000000000 0.00000000000 0.00000000000 0.00000000000 0.00000000000 0.25472389025
0.02579555506 -0.00957366926 0.25454423491 2494.25432712887 0.00000000000 0.00000000000 0.00000000000 0.00000000000 0.00000000000 0.00000000000 0.25472420904
0.02579275315 -0.00957311075 0.25454457449 2494.11317616040 0.00000000000 0.00000000000 0.00000000000 0.00000000000 0.00000000000 0.00000000000 0.25472452738
0.02578995532 -0.00957253199 0.25454491436 2493.84576027176 0.00000000000 0.00000000000 0.00000000000 0.00000000000 0.00000000000 0.00000000000 0.25472484526
0.02578716170 -0.00957193303 0.25454525451 2493.70738222816 0.00000000000 0.00000000000 0.00000000000 0.00000000000 0.00000000000 0.00000000000 0.25472516267
0.02578437244 -0.00957131389 0.25454559492 2493.44285433691 0.00000000000 0.00000000000 0.00000000000 0.00000000000 0.00000000000 0.00000000000 0.25472547957
0.02578158769 -0.00957067461 0.25454593558 2493.30742616372 0.00000000000 0.00000000000 0.00000000000 0.00000000000 0.00000000000 0.00000000000 0.25472579597
0.02577880759 -0.00957001521 0.25454627646 2493.04596129178 0.00000000000 0.00000000000 0.00000000000 0.00000000000 0.00000000000 0.00000000000 0.25472611184
0.02577603228 -0.00956933574 0.25454661755 2492.91365774620 0.00000000000 0.00000000000 0.00000000000 0.00000000000 0.00000000000 0.00000000000 0.25472642716
0.02577326190 -0.00956863622 0.25454695883 2492.65542770573 0.00000000000 0.00000000000 0.00000000000 0.00000000000 0.00000000000 0.00000000000 0.25472674192
0.02577049661 -0.00956791670 0.25454730028 2492.52642039790 0.00000000000 0.00000000000 0.00000000000 0.00000000000 0.00000000000 0.00000000000 0.25472705610
0.02576773653 -0.00956717720 0.25454764189 2492.27159299661 0.00000000000 0.00000000000 0.00000000000 0.00000000000 0.00000000000 0.00000000000 0.25472736969
0.02576498182 -0.00956641778 0.25454798363 2492.14604981788 0.00000000000 0.00000000000 0.00000000000 0.00000000000 0.00000000000 0.00000000000 0.25472768268
0.02576223262 -0.00956563846 0.25454832550 2491.89479144994 0.00000000000 0.00000000000 0.00000000000 0.00000000000 0.00000000000 0.00000000000 0.25472799503
0.02575948907 -0.00956483930 0.25454866746 2491.77287816562 0.00000000000 0.00000000000 0.00000000000 0.00000000000 0.00000000000 0.00000000000 0.25472830675
0.02575675130 -0.00956402032 0.25454900951 2491.52535021468 0.00000000000 0.00000000000 0.00000000000 0.00000000000 0.00000000000 0.00000000000 0.25472861780
0.02575401947 -0.00956318158 0.25454935162 2491.40722805217 0.00000000000 0.00000000000 0.00000000000 0.00000000000 0.00000000000 0.00000000000 0.25472892819
0.02575129371 -0.00956232311 0.25454969379 2491.16358968029 0.00000000000 0.00000000000 0.00000000000 0.00000000000 0.00000000000 0.00000000000 0.25472923788
0.02574857416 -0.00956144496 0.25455003598 2491.04941750589 0.00000000000 0.00000000000 0.00000000000 0.00000000000 0.00000000000 0.00000000000 0.25472954686
0.02574586097 -0.00956054718 0.25455037818 2490.80982318230 0.00000000000 0.00000000000 0.00000000000 0.00000000000 0.00000000000 0.00000000000 0.25472985513
0.02574315427 -0.00955962981 0.25455072038 2490.69975490970 0.00000000000 0.00000000000 0.00000000000 0.00000000000 0.00000000000 0.00000000000 0.25473016266
0.02574045420 -0.00955869290 0.25455106255 2490.46435613735 0.00000000000 0.00000000000 0.00000000000 0.00000000000 0.00000000000 0.00000000000 0.25473046943
0.02573776091 -0.00955773650 0.25455140468 2490.35854308714 0.00000000000 0.00000000000 0.00000000000 0.00000000000 0.00000000000 0.00000000000 0.25473077543
0.02573507453 -0.00955676066 0.25455174675 2490.12748734619 0.00000000000 0.00000000000 0.00000000000 0.00000000000 0.00000000000 0.00000000000 0.25473108065
0.02573239520 -0.00955576543 0.25455208875 2490.02607641497 0.00000000000 0.00000000000 0.00000000000 0.00000000000 0.00000000000 0.00000000000 0.25473138507
0.02572972306 -0.00955475085 0.25455243065 2489.79950699059 0.00000000000 0.00000000000 0.00000000000 0.00000000000 0.00000000000 0.00000000000 0.25473168867
0.02572705825 -0.00955371699 0.25455277243 2489.70264070317 0.00000000000 0.00000000000 0.00000000000 0.00000000000 0.00000000000 0.00000000000 0.25473199144
0.02572440091 -0.00955266390 0.25455311408 2489.48069684557 0.00000000000 0.00000000000 0.00000000000 0.00000000000 0.00000000000 0.00000000000 0.25473229335
0.02572175116 -0.00955159162 0.25455345559 2489.38851409415 0.00000000000 0.00000000000 0.00000000000 0.00000000000 0.00000000000 0.00000000000 0.25473259441
0.02571910916 -0.00955050023 0.25455379693 2489.17133129202 0.00000000000 0.00000000000 0.00000000000 0.00000000000 0.00000000000 0.00000000000 0.25473289459
0.02571647503 -0.00954938976 0.25455413808 2489.08396671123 0.00000000000 0.00000000000 0.00000000000 0.00000000000 0.00000000000 0.00000000000 0.25473319387
0.02571384891 -0.00954826029 0.25455447903 2488.87167557666 0.00000000000 0.00000000000 0.00000000000 0.00000000000 0.00000000000 0.00000000000 0.25473349224
0.02571123094 -0.00954711186 0.25455481976 2488.78925938719 0.00000000000 0.00000000000 0.00000000000 0.00000000000 0.00000000000 0.00000000000 0.25473378969
0.02570862125 -0.00954594455 0.25455516025 2488.58198550960 0.00000000000 0.00000000000 0.00000000000 0.00000000000 0.00000000000 0.00000000000 0.25473408619
0.02570601998 -0.00954475840 0.25455550048 2488.50464239459 0.00000000000 0.00000000000 0.00000000000 0.00000000000 0.00000000000 0.00000000000 0.25473438174
0.02570342726 -0.00954355348 0.25455584044 2488.30250898065 0.00000000000 0.00000000000 0.00000000000 0.00000000000 0.00000000000 0.00000000000 0.25473467632
0.02570084323 -0.00954232985 0.25455618011 2488.23036146310 0.00000000000 0.00000000000 0.00000000000 0.00000000000 0.00000000000 0.00000000000 0.25473496990
0.02569826802 -0.00954108758 0.25455651947 2488.03348431627 0.00000000000 0.00000000000 0.00000000000 0.00000000000 0.00000000000 0.00000000000 0.25473526249
0.02569570175 -0.00953982673 0.25455685850 2487.96664748953 0.00000000000 0.00000000000 0.00000000000 0.00000000000 0.00000000000 0.00000000000 0.25473555406
0.02569314458 -0.00953854737 0.25455719719 2487.77514068214 0.00000000000 0.00000000000 0.00000000000 0.00000000000 0.00000000000 0.00000000000 0.25473584460
0.02569059661 -0.00953724956 0.25455753551 2487.71372791474 0.00000000000 0.00000000000 0.00000000000 0.00000000000 0.00000000000 0.00000000000 0.25473613409
0.02568805800 -0.00953593336 0.25455787345 2487.52769701782 0.00000000000 0.00000000000 0.00000000000 0.00000000000 0.00000000000 0.00000000000 0.25473642252
0.02568552887 -0.00953459885 0.25455821099 2487.47181256170 0.00000000000 0.00000000000 0.00000000000 0.00000000000 0.00000000000 0.00000000000 0.25473670988
0.02568300934 -0.00953324610 0.25455854812 2487.29136267873 0.00000000000 0.00000000000 0.00000000000 0.00000000000 0.00000000000 0.00000000000 0.25473699614
0.02568049956 -0.00953187517 0.25455888481 2487.24111100157 0.00000000000 0.00000000000 0.00000000000 0.00000000000 0.00000000000 0.00000000000 0.25473728129
0.02567799964 -0.00953048614 0.25455922105 2487.06633797731 0.00000000000 0.00000000000 0.00000000000 0.00000000000 0.00000000000 0.00000000000 0.25473756532
0.02567550972 -0.00952907908 0.25455955682 2487.02181412240 0.00000000000 0.00000000000 0.00000000000 0.00000000000 0.00000000000 0.00000000000 0.25473784822
0.02567302993 -0.00952765406 0.25455989210 2486.85281238344 0.00000000000 0.00000000000 0.00000000000 0.00000000000 0.00000000000 0.00000000000 0.25473812997
0.02567056040 -0.00952621116 0.25456022688 2486.81411005403 0.00000000000 0.00000000000 0.00000000000 0.00000000000 0.00000000000 0.00000000000 0.25473841055
0.02566810124 -0.00952475044 0.25456056113 2486.65096553410 0.00000000000 0.00000000000 0.00000000000 0.00000000000 0.00000000000 0.00000000000 0.25473868995
0.02566565260 -0.00952327199 0.25456089485 2486.61816938885 0.00000000000 0.00000000000 0.00000000000 0.00000000000 0.00000000000 0.00000000000 0.25473896815
0.02566321459 -0.00952177589 0.25456122801 2486.46096632482 0.00000000000 0.00000000000 0.00000000000 0.00000000000 0.00000000000 0.00000000000 0.25473924515
0.02566078735 -0.00952026220 0.25456156059 2486.43415987483 0.00000000000 0.00000000000 0.00000000000 0.00000000000 0.00000000000 0.00000000000 0.25473952093
0.02565837099 -0.00951873101 0.25456189258 2486.28297385172 0.00000000000 0.00000000000 0.00000000000 0.00000000000 0.00000000000 0.00000000000 0.25473979547
0.02565596564 -0.00951718239 0.25456222396 2486.26223152052 0.00000000000 0.00000000000 0.00000000000 0.00000000000 0.00000000000 0.00000000000 0.25474006876
0.02565357143 -0.00951561643 0.25456255472 2486.11713619704 0.00000000000 0.00000000000 0.00000000000 0.00000000000 0.00000000000 0.00000000000 0.25474034078
0.02565118848 -0.00951403322 0.25456288483 2486.10253087910 0.00000000000 0.00000000000 0.00000000000 0.00000000000 0.00000000000 0.00000000000 0.25474061152
0.02564881692 -0.00951243282 0.25456321427 2485.96359150392 0.00000000000 0.00000000000 0.00000000000 0.00000000000 0.00000000000 0.00000000000 0.25474088097
0.02564645685 -0.00951081532 0.25456354304 2485.95518704699 0.00000000000 0.00000000000 0.00000000000 0.00000000000 0.00000000000 0.00000000000 0.25474114912
0.02564410842 -0.00950918081 0.25456387111 2485.82246550041 0.00000000000 0.00000000000 0.00000000000 0.00000000000 0.00000000000 0.00000000000 0.25474141594
0.02564177173 -0.00950752937 0.25456419847 2485.82032310646 0.00000000000 0.00000000000 0.00000000000 0.00000000000 0.00000000000 0.00000000000 0.25474168142
0.02563944691 -0.00950586108 0.25456452509 2485.69387534493 0.00000000000 0.00000000000 0.00000000000 0.00000000000 0.00000000000 0.00000000000 0.25474194556
0.02563713408 -0.00950417604 0.25456485097 2485.69804950602 0.00000000000 0.00000000000 0.00000000000 0.00000000000 0.00000000000 0.00000000000 0.25474220834
0.02563483336 -0.00950247433 0.25456517608 2485.57792584163 0.00000000000 0.00000000000 0.00000000000 0.00000000000 0.00000000000 0.00000000000 0.25474246974
0.02563254487 -0.00950075603 0.25456550040 2485.58846595981 0.00000000000 0.00000000000 0.00000000000 0.00000000000 0.00000000000 0.00000000000 0.25474272975
0.02563026872 -0.00949902124 0.25456582393 2485.47471097164 0.00000000000 0.00000000000 0.00000000000 0.00000000000 0.00000000000 0.00000000000 0.25474298836
0.02562800503 -0.00949727005 0.25456614664 2485.49166074579 0.00000000000 0.00000000000 0.00000000000 0.00000000000 0.00000000000 0.00000000000 0.25474324555
0.02562575393 -0.00949550254 0.25456646852 2485.38431403110 0.00000000000 0.00000000000 0.00000000000 0.00000000000 0.00000000000 0.00000000000 0.25474350132
0.02562351552 -0.00949371881 0.25456678955 2485.40771188221 0.00000000000 0.00000000000 0.00000000000 0.00000000000 0.00000000000 0.00000000000 0.25474375564
0.02562128992 -0.00949191896 0.25456710970 2485.30680699853 0.00000000000 0.00000000000 0.00000000000 0.00000000000 0.00000000000 0.00000000000 0.25474400850
0.02561907724 -0.00949010306 0.25456742898 2485.33668546896 0.00000000000 0.00000000000 0.00000000000 0.00000000000 0.00000000000 0.00000000000 0.25474425990
0.02561687761 -0.00948827123 0.25456774735 2485.24225133033 0.00000000000 0.00000000000 0.00000000000 0.00000000000 0.00000000000 0.00000000000 0.25474450982
0.02561469113 -0.00948642354 0.25456806480 2485.27863826079 0.00000000000 0.00000000000 0.00000000000 0.00000000000 0.00000000000 0.00000000000 0.25474475824
0.02561251792 -0.00948456010 0.25456838132 2485.19069647692 0.00000000000 0.00000000000 0.00000000000 0.00000000000 0.00000000000 0.00000000000 0.25474500515
0.02561035809 -0.00948268101 0.25456869689 2485.23361235056 0.00000000000 0.00000000000 0.00000000000 0.00000000000 0.00000000000 0.00000000000 0.25474525054
0.02560821174 -0.00948078636 0.25456901149 2485.15218121248 0.00000000000 0.00000000000 0.00000000000 0.00000000000 0.00000000000 0.00000000000 0.25474549441
0.02560607900 -0.00947887624 0.25456932510 2485.20164305235 0.00000000000 0.00000000000 0.00000000000 0.00000000000 0.00000000000 0.00000000000 0.25474573672
0.02560395997 -0.00947695077 0.25456963771 2485.12673335299 0.00000000000 0.00000000000 0.00000000000 0.00000000000 0.00000000000 0.00000000000 0.25474597748
0.02560185476 -0.00947501003 0.25456994931 2485.18275115603 0.00000000000 0.00000000000 0.00000000000 0.00000000000 0.00000000000 0.00000000000 0.25474621667
0.02559976348 -0.00947305413 0.25457025987 2485.11436923915 0.00000000000 0.00000000000 0.00000000000 0.00000000000 0.00000000000 0.00000000000 0.25474645427
0.02559768624 -0.00947108317 0.25457056938 2485.17694797287 0.00000000000 0.00000000000 0.00000000000 0.00000000000 0.00000000000 0.00000000000 0.25474669028
0.02559562314 -0.00946909724 0.25457087782 2485.11509360848 0.00000000000 0.00000000000 0.00000000000 0.00000000000 0.00000000000 0.00000000000 0.25474692468
0.02559357430 -0.00946709647 0.25457118518 2485.18423228614 0.00000000000 0.00000000000 0.00000000000 0.00000000000 0.00000000000 0.00000000000 0.25474715747
0.02559153981 -0.00946508094 0.25457149143 2485.12890165510 0.00000000000 0.00000000000 0.00000000000 0.00000000000 0.00000000000 0.00000000000 0.25474738862
0.02558951978 -0.00946305076 0.25457179658 2485.20459509638 0.00000000000 0.00000000000 0.00000000000 0.00000000000 0.00000000000 0.00000000000 0.25474761813
0.02558751431 -0.00946100603 0.25457210059 2485.15577535847 0.00000000000 0.00000000000 0.00000000000 0.00000000000 0.00000000000 0.00000000000 0.25474784598
0.02558552352 -0.00945894687 0.25457240345 2485.23800979771 0.00000000000 0.00000000000 0.00000000000 0.00000000000 0.00000000000 0.00000000000 0.25474807217
0.02558354750 -0.00945687337 0.25457270515 2485.19568771514 0.00000000000 0.00000000000 0.00000000000 0.00000000000 0.00000000000 0.00000000000 0.25474829668
0.02558158635 -0.00945478565 0.25457300567 2485.28444848506 0.00000000000 0.00000000000 0.00000000000 0.00000000000 0.00000000000 0.00000000000 0.25474851950
0.02557964018 -0.00945268382 0.25457330499 2485.24859895932 0.00000000000 0.00000000000 0.00000000000 0.00000000000 0.00000000000 0.00000000000 0.25474874062
0.02557770909 -0.00945056798 0.25457360310 2485.34386035013 0.00000000000 0.00000000000 0.00000000000 0.00000000000 0.00000000000 0.00000000000 0.25474896002
0.02557579317 -0.00944843823 0.25457389999 2485.31445902792 0.00000000000 0.00000000000 0.00000000000 0.00000000000 0.00000000000 0.00000000000 0.25474917770
0.02557389252 -0.00944629470 0.25457419563 2485.41619565986 0.00000000000 0.00000000000 0.00000000000 0.00000000000 0.00000000000 0.00000000000 0.25474939365
0.02557200725 -0.00944413749 0.25457449001 2485.39320826198 0.00000000000 0.00000000000 0.00000000000 0.00000000000 0.00000000000 0.00000000000 0.25474960785
0.02557013744 -0.00944196672 0.25457478312 2485.50138454823 0.00000000000 0.00000000000 0.00000000000 0.00000000000 0.00000000000 0.00000000000 0.25474982029
0.02556828321 -0.00943978249 0.25457507494 2485.48477272420 0.00000000000 0.00000000000 0.00000000000 0.00000000000 0.00000000000 0.00000000000 0.25475003096
0.02556644463 -0.00943758492 0.25457536546 2485.59934942143 0.00000000000 0.00000000000 0.00000000000 0.00000000000 0.00000000000 0.00000000000 0.25475023985
0.02556462181 -0.00943537412 0.25457565465 2485.58907658325 0.00000000000 0.00000000000 0.00000000000 0.00000000000 0.00000000000 0.00000000000 0.25475044696
0.02556281484 -0.00943315021 0.25457594251 2485.71001589316 0.00000000000 0.00000000000 0.00000000000 0.00000000000 0.00000000000 0.00000000000 0.25475065226
0.02556102382 -0.00943091330 0.25457622902 2485.70600230515 0.00000000000 0.00000000000 0.00000000000 0.00000000000 0.00000000000 0.00000000000 0.25475085575
0.02555924883 -0.00942866350 0.25457651416 2485.83322400894 0.00000000000 0.00000000000 0.00000000000 0.00000000000 0.00000000000 0.00000000000 0.25475105742
0.02555748997 -0.00942640094 0.25457679792 2485.83553581522 0.00000000000 0.00000000000 0.00000000000 0.00000000000 0.00000000000 0.00000000000 0.25475125725
0.02555574733 -0.00942412573 0.25457708028 2485.96910456441 0.00000000000 0.00000000000 0.00000000000 0.00000000000 0.00000000000 0.00000000000 0.25475145525
0.02555402100 -0.00942183799 0.25457736124 2485.97723353050 0.00000000000 0.00000000000 0.00000000000 0.00000000000 0.00000000000 0.00000000000 0.25475165139
0.02555231107 -0.00941953784 0.25457764076 2486.11664110497 0.00000000000 0.00000000000 0.00000000000 0.00000000000 0.00000000000 0.00000000000 0.25475184567
0.02555061762 -0.00941722539 0.25457791885 2486.13219907598 0.00000000000 0.00000000000 0.00000000000 0.00000000000 0.00000000000 0.00000000000 0.25475203807
0.02554894074 -0.00941490077 0.25457819548 2486.27906583288 0.00000000000 0.00000000000 0.00000000000 0.00000000000 0.00000000000 0.00000000000 0.25475222859
0.02554728053 -0.00941256409 0.25457847065 2486.31558693617 0.00000000000 0.00000000000 0.00000000000 0.00000000000 0.00000000000 0.00000000000 0.25475241722
0.02554563706 -0.00941021547 0.25457874432 2486.48777881743 0.00000000000 0.00000000000 0.00000000000 0.00000000000 0.00000000000 0.00000000000 0.25475260394
0.02554401042 -0.00940785505 0.25457901650 2486.48270045481 0.00000000000 0.00000000000 0.00000000000 0.00000000000 0.00000000000 0.00000000000 0.25475278875
0.02554240070 -0.00940548293 0.25457928716 2486.59767534429 0.00000000000 0.00000000000 0.00000000000 0.00000000000 0.00000000000 0.00000000000 0.25475297164
0.02554080797 -0.00940309924 0.25457955630 2486.57802285235 0.00000000000 0.00000000000 0.00000000000 0.00000000000 0.00000000000 0.00000000000 0.25475315260
0.02553923232 -0.00940070411 0.25457982390 2486.69042177041 0.00000000000 0.00000000000 0.00000000000 0.00000000000 0.00000000000 0.00000000000 0.25475333162
0.02553767382 -0.00939829765 0.25458008995 2486.93486855678 0.00000000000 0.00000000000 0.00000000000 0.00000000000 0.00000000000 0.00000000000 0.25475350870
0.02553613257 -0.00939587999 0.25458035444 2487.31130071351 0.00000000000 0.00000000000 0.00000000000 0.00000000000 0.00000000000 0.00000000000 0.25475368383
