VARIABLES=
"CoordinateX"
"CoordinateY"
"CoordinateZ"
"Kappa1"
"Kappa2"
"dy"
"dz"
"d2x"
"d2y"
"d2z"
"R"
ZONE T="Konrollpunkte"
I=4, J=1, K=1
0.01734069114 0.00232881884 0.21789893680 0.00000000000 0.00000000000 0.00000000000 0.00000000000 0.00000000000 0.00000000000 0.00000000000 0.00000000000
0.02534311342 0.00858848318 0.21965987434 0.00000000000 0.00000000000 0.00000000000 0.00000000000 0.00000000000 0.00000000000 0.00000000000 0.00000000000
0.03169462640 -0.00729919030 0.22109169442 0.00000000000 0.00000000000 0.00000000000 0.00000000000 0.00000000000 0.00000000000 0.00000000000 0.00000000000
0.02603240839 -0.00994318817 0.21975861790 0.00000000000 0.00000000000 0.00000000000 0.00000000000 0.00000000000 0.00000000000 0.00000000000 0.00000000000
ZONE T="NURB"
I=101, J=1, K=1
0.01734069114 0.00232881884 0.21789893680 0.00000000000 0.00000000000 0.00000000000 0.00000000000 0.00000000000 0.00000000000 0.00000000000 0.21791138120
0.01760355841 0.00253443919 0.21795678089 0.00000000000 0.00000000000 0.00000000000 0.00000000000 0.00000000000 0.00000000000 0.00000000000 0.21797151585
0.01786642568 0.00274005954 0.21801462499 0.00000000000 0.00000000000 0.00000000000 0.00000000000 0.00000000000 0.00000000000 0.00000000000 0.21803184317
0.01812929295 0.00294567990 0.21807246908 0.00000000000 0.00000000000 0.00000000000 0.00000000000 0.00000000000 0.00000000000 0.00000000000 0.21809236300
0.01839216022 0.00315130025 0.21813031317 0.00000000000 0.00000000000 0.00000000000 0.00000000000 0.00000000000 0.00000000000 0.00000000000 0.21815307519
0.01865502750 0.00335692060 0.21818815726 0.00000000000 0.00000000000 0.00000000000 0.00000000000 0.00000000000 0.00000000000 0.00000000000 0.21821397958
0.01891789477 0.00356254095 0.21824600135 0.00000000000 0.00000000000 0.00000000000 0.00000000000 0.00000000000 0.00000000000 0.00000000000 0.21827507600
0.01918076204 0.00376816130 0.21830384544 0.00000000000 0.00000000000 0.00000000000 0.00000000000 0.00000000000 0.00000000000 0.00000000000 0.21833636430
0.01944362931 0.00397378166 0.21836168954 0.00000000000 0.00000000000 0.00000000000 0.00000000000 0.00000000000 0.00000000000 0.00000000000 0.21839784431
0.01970649658 0.00417940201 0.21841953363 0.00000000000 0.00000000000 0.00000000000 0.00000000000 0.00000000000 0.00000000000 0.00000000000 0.21845951586
0.01996936385 0.00438502236 0.21847737772 0.00000000000 0.00000000000 0.00000000000 0.00000000000 0.00000000000 0.00000000000 0.00000000000 0.21852137881
0.02023223113 0.00459064271 0.21853522181 0.00000000000 0.00000000000 0.00000000000 0.00000000000 0.00000000000 0.00000000000 0.00000000000 0.21858343298
0.02049509840 0.00479626306 0.21859306590 0.00000000000 0.00000000000 0.00000000000 0.00000000000 0.00000000000 0.00000000000 0.00000000000 0.21864567821
0.02075796567 0.00500188342 0.21865090999 0.00000000000 0.00000000000 0.00000000000 0.00000000000 0.00000000000 0.00000000000 0.00000000000 0.21870811434
0.02102083294 0.00520750377 0.21870875408 0.00000000000 0.00000000000 0.00000000000 0.00000000000 0.00000000000 0.00000000000 0.00000000000 0.21877074121
0.02128370021 0.00541312412 0.21876659818 0.00000000000 0.00000000000 0.00000000000 0.00000000000 0.00000000000 0.00000000000 0.00000000000 0.21883355865
0.02154656748 0.00561874447 0.21882444227 0.00000000000 0.00000000000 0.00000000000 0.00000000000 0.00000000000 0.00000000000 0.00000000000 0.21889656649
0.02180943475 0.00582436482 0.21888228636 0.00000000000 0.00000000000 0.00000000000 0.00000000000 0.00000000000 0.00000000000 0.00000000000 0.21895976459
0.02207230203 0.00602998518 0.21894013045 0.00000000000 0.00000000000 0.00000000000 0.00000000000 0.00000000000 0.00000000000 0.00000000000 0.21902315276
0.02233516930 0.00623560553 0.21899797454 0.00000000000 0.00000000000 0.00000000000 0.00000000000 0.00000000000 0.00000000000 0.00000000000 0.21908673084
0.02259803657 0.00644122588 0.21905581863 0.00000000000 0.00000000000 0.00000000000 0.00000000000 0.00000000000 0.00000000000 0.00000000000 0.21915049867
0.02286090384 0.00664684623 0.21911366272 0.00000000000 0.00000000000 0.00000000000 0.00000000000 0.00000000000 0.00000000000 0.00000000000 0.21921445609
0.02312377111 0.00685246658 0.21917150682 0.00000000000 0.00000000000 0.00000000000 0.00000000000 0.00000000000 0.00000000000 0.00000000000 0.21927860292
0.02338663838 0.00705808694 0.21922935091 0.00000000000 0.00000000000 0.00000000000 0.00000000000 0.00000000000 0.00000000000 0.00000000000 0.21934293900
0.02364950566 0.00726370729 0.21928719500 0.00000000000 0.00000000000 0.00000000000 0.00000000000 0.00000000000 0.00000000000 0.00000000000 0.21940746417
0.02391237293 0.00746932764 0.21934503909 0.00000000000 0.00000000000 0.00000000000 0.00000000000 0.00000000000 0.00000000000 0.00000000000 0.21947217826
0.02417524020 0.00767494799 0.21940288318 0.00000000000 0.00000000000 0.00000000000 0.00000000000 0.00000000000 0.00000000000 0.00000000000 0.21953708109
0.02443810747 0.00788056834 0.21946072727 0.00000000000 0.00000000000 0.00000000000 0.00000000000 0.00000000000 0.00000000000 0.00000000000 0.21960217251
0.02470097474 0.00808618870 0.21951857137 0.00000000000 0.00000000000 0.00000000000 0.00000000000 0.00000000000 0.00000000000 0.00000000000 0.21966745235
0.02496384201 0.00829180905 0.21957641546 0.00000000000 0.00000000000 0.00000000000 0.00000000000 0.00000000000 0.00000000000 0.00000000000 0.21973292043
0.02522670928 0.00849742940 0.21963425955 0.00000000000 0.00000000000 0.00000000000 0.00000000000 0.00000000000 0.00000000000 0.00000000000 0.21979857660
0.02541292488 0.00841385682 0.21967561192 0.00000000000 0.00000000000 0.00000000000 0.00000000000 0.00000000000 0.00000000000 0.00000000000 0.21983668361
0.02553822020 0.00810044311 0.21970385722 0.00000000000 0.00000000000 0.00000000000 0.00000000000 0.00000000000 0.00000000000 0.00000000000 0.21985313747
0.02566351553 0.00778702940 0.21973210252 0.00000000000 0.00000000000 0.00000000000 0.00000000000 0.00000000000 0.00000000000 0.00000000000 0.21987004049
0.02578881086 0.00747361569 0.21976034781 0.00000000000 0.00000000000 0.00000000000 0.00000000000 0.00000000000 0.00000000000 0.00000000000 0.21988739255
0.02591410619 0.00716020198 0.21978859311 0.00000000000 0.00000000000 0.00000000000 0.00000000000 0.00000000000 0.00000000000 0.00000000000 0.21990519356
0.02603940151 0.00684678826 0.21981683841 0.00000000000 0.00000000000 0.00000000000 0.00000000000 0.00000000000 0.00000000000 0.00000000000 0.21992344340
0.02616469684 0.00653337455 0.21984508370 0.00000000000 0.00000000000 0.00000000000 0.00000000000 0.00000000000 0.00000000000 0.00000000000 0.21994214196
0.02628999217 0.00621996084 0.21987332900 0.00000000000 0.00000000000 0.00000000000 0.00000000000 0.00000000000 0.00000000000 0.00000000000 0.21996128913
0.02641528750 0.00590654713 0.21990157429 0.00000000000 0.00000000000 0.00000000000 0.00000000000 0.00000000000 0.00000000000 0.00000000000 0.21998088480
0.02654058283 0.00559313342 0.21992981959 0.00000000000 0.00000000000 0.00000000000 0.00000000000 0.00000000000 0.00000000000 0.00000000000 0.22000092883
0.02666587815 0.00527971971 0.21995806489 0.00000000000 0.00000000000 0.00000000000 0.00000000000 0.00000000000 0.00000000000 0.00000000000 0.22002142111
0.02679117348 0.00496630600 0.21998631018 0.00000000000 0.00000000000 0.00000000000 0.00000000000 0.00000000000 0.00000000000 0.00000000000 0.22004236152
0.02691646881 0.00465289228 0.22001455548 0.00000000000 0.00000000000 0.00000000000 0.00000000000 0.00000000000 0.00000000000 0.00000000000 0.22006374992
0.02704176414 0.00433947857 0.22004280077 0.00000000000 0.00000000000 0.00000000000 0.00000000000 0.00000000000 0.00000000000 0.00000000000 0.22008558619
0.02716705946 0.00402606486 0.22007104607 0.00000000000 0.00000000000 0.00000000000 0.00000000000 0.00000000000 0.00000000000 0.00000000000 0.22010787018
0.02729235479 0.00371265115 0.22009929137 0.00000000000 0.00000000000 0.00000000000 0.00000000000 0.00000000000 0.00000000000 0.00000000000 0.22013060178
0.02741765012 0.00339923744 0.22012753666 0.00000000000 0.00000000000 0.00000000000 0.00000000000 0.00000000000 0.00000000000 0.00000000000 0.22015378083
0.02754294545 0.00308582373 0.22015578196 0.00000000000 0.00000000000 0.00000000000 0.00000000000 0.00000000000 0.00000000000 0.00000000000 0.22017740719
0.02766824078 0.00277241001 0.22018402726 0.00000000000 0.00000000000 0.00000000000 0.00000000000 0.00000000000 0.00000000000 0.00000000000 0.22020148073
0.02779353610 0.00245899630 0.22021227255 0.00000000000 0.00000000000 0.00000000000 0.00000000000 0.00000000000 0.00000000000 0.00000000000 0.22022600129
0.02791883143 0.00214558259 0.22024051785 0.00000000000 0.00000000000 0.00000000000 0.00000000000 0.00000000000 0.00000000000 0.00000000000 0.22025096873
0.02804412676 0.00183216888 0.22026876314 0.00000000000 0.00000000000 0.00000000000 0.00000000000 0.00000000000 0.00000000000 0.00000000000 0.22027638289
0.02816942209 0.00151875517 0.22029700844 0.00000000000 0.00000000000 0.00000000000 0.00000000000 0.00000000000 0.00000000000 0.00000000000 0.22030224362
0.02829471741 0.00120534146 0.22032525374 0.00000000000 0.00000000000 0.00000000000 0.00000000000 0.00000000000 0.00000000000 0.00000000000 0.22032855076
0.02842001274 0.00089192774 0.22035349903 0.00000000000 0.00000000000 0.00000000000 0.00000000000 0.00000000000 0.00000000000 0.00000000000 0.22035530416
0.02854530807 0.00057851403 0.22038174433 0.00000000000 0.00000000000 0.00000000000 0.00000000000 0.00000000000 0.00000000000 0.00000000000 0.22038250364
0.02867060340 0.00026510032 0.22040998962 0.00000000000 0.00000000000 0.00000000000 0.00000000000 0.00000000000 0.00000000000 0.00000000000 0.22041014905
0.02879589873 -0.00004831339 0.22043823492 0.00000000000 0.00000000000 0.00000000000 0.00000000000 0.00000000000 0.00000000000 0.00000000000 0.22043824022
0.02892119405 -0.00036172710 0.22046648022 0.00000000000 0.00000000000 0.00000000000 0.00000000000 0.00000000000 0.00000000000 0.00000000000 0.22046677697
0.02904648938 -0.00067514081 0.22049472551 0.00000000000 0.00000000000 0.00000000000 0.00000000000 0.00000000000 0.00000000000 0.00000000000 0.22049575913
0.02917178471 -0.00098855453 0.22052297081 0.00000000000 0.00000000000 0.00000000000 0.00000000000 0.00000000000 0.00000000000 0.00000000000 0.22052518653
0.02929708004 -0.00130196824 0.22055121611 0.00000000000 0.00000000000 0.00000000000 0.00000000000 0.00000000000 0.00000000000 0.00000000000 0.22055505899
0.02942237536 -0.00161538195 0.22057946140 0.00000000000 0.00000000000 0.00000000000 0.00000000000 0.00000000000 0.00000000000 0.00000000000 0.22058537633
0.02954767069 -0.00192879566 0.22060770670 0.00000000000 0.00000000000 0.00000000000 0.00000000000 0.00000000000 0.00000000000 0.00000000000 0.22061613837
0.02967296602 -0.00224220937 0.22063595199 0.00000000000 0.00000000000 0.00000000000 0.00000000000 0.00000000000 0.00000000000 0.00000000000 0.22064734491
0.02979826135 -0.00255562308 0.22066419729 0.00000000000 0.00000000000 0.00000000000 0.00000000000 0.00000000000 0.00000000000 0.00000000000 0.22067899577
0.02992355668 -0.00286903680 0.22069244259 0.00000000000 0.00000000000 0.00000000000 0.00000000000 0.00000000000 0.00000000000 0.00000000000 0.22071109077
0.03004885200 -0.00318245051 0.22072068788 0.00000000000 0.00000000000 0.00000000000 0.00000000000 0.00000000000 0.00000000000 0.00000000000 0.22074362969
0.03017414733 -0.00349586422 0.22074893318 0.00000000000 0.00000000000 0.00000000000 0.00000000000 0.00000000000 0.00000000000 0.00000000000 0.22077661236
0.03029944266 -0.00380927793 0.22077717847 0.00000000000 0.00000000000 0.00000000000 0.00000000000 0.00000000000 0.00000000000 0.00000000000 0.22081003857
0.03042473799 -0.00412269164 0.22080542377 0.00000000000 0.00000000000 0.00000000000 0.00000000000 0.00000000000 0.00000000000 0.00000000000 0.22084390812
0.03055003331 -0.00443610535 0.22083366907 0.00000000000 0.00000000000 0.00000000000 0.00000000000 0.00000000000 0.00000000000 0.00000000000 0.22087822080
0.03067532864 -0.00474951907 0.22086191436 0.00000000000 0.00000000000 0.00000000000 0.00000000000 0.00000000000 0.00000000000 0.00000000000 0.22091297641
0.03080062397 -0.00506293278 0.22089015966 0.00000000000 0.00000000000 0.00000000000 0.00000000000 0.00000000000 0.00000000000 0.00000000000 0.22094817474
0.03092591930 -0.00537634649 0.22091840496 0.00000000000 0.00000000000 0.00000000000 0.00000000000 0.00000000000 0.00000000000 0.00000000000 0.22098381558
0.03105121463 -0.00568976020 0.22094665025 0.00000000000 0.00000000000 0.00000000000 0.00000000000 0.00000000000 0.00000000000 0.00000000000 0.22101989872
0.03117650995 -0.00600317391 0.22097489555 0.00000000000 0.00000000000 0.00000000000 0.00000000000 0.00000000000 0.00000000000 0.00000000000 0.22105642393
0.03130180528 -0.00631658762 0.22100314084 0.00000000000 0.00000000000 0.00000000000 0.00000000000 0.00000000000 0.00000000000 0.00000000000 0.22109339100
0.03142710061 -0.00663000134 0.22103138614 0.00000000000 0.00000000000 0.00000000000 0.00000000000 0.00000000000 0.00000000000 0.00000000000 0.22113079970
0.03155239594 -0.00694341505 0.22105963144 0.00000000000 0.00000000000 0.00000000000 0.00000000000 0.00000000000 0.00000000000 0.00000000000 0.22116864982
0.03167769126 -0.00725682876 0.22108787673 0.00000000000 0.00000000000 0.00000000000 0.00000000000 0.00000000000 0.00000000000 0.00000000000 0.22120694112
0.03143504809 -0.00742040154 0.22103058095 0.00000000000 0.00000000000 0.00000000000 0.00000000000 0.00000000000 0.00000000000 0.00000000000 0.22115510411
0.03113490144 -0.00756055636 0.22095991634 0.00000000000 0.00000000000 0.00000000000 0.00000000000 0.00000000000 0.00000000000 0.00000000000 0.22108922778
0.03083475479 -0.00770071117 0.22088925172 0.00000000000 0.00000000000 0.00000000000 0.00000000000 0.00000000000 0.00000000000 0.00000000000 0.22102344328
0.03053460814 -0.00784086598 0.22081858711 0.00000000000 0.00000000000 0.00000000000 0.00000000000 0.00000000000 0.00000000000 0.00000000000 0.22095775070
0.03023446149 -0.00798102080 0.22074792250 0.00000000000 0.00000000000 0.00000000000 0.00000000000 0.00000000000 0.00000000000 0.00000000000 0.22089215011
0.02993431484 -0.00812117561 0.22067725788 0.00000000000 0.00000000000 0.00000000000 0.00000000000 0.00000000000 0.00000000000 0.00000000000 0.22082664160
0.02963416819 -0.00826133042 0.22060659327 0.00000000000 0.00000000000 0.00000000000 0.00000000000 0.00000000000 0.00000000000 0.00000000000 0.22076122525
0.02933402154 -0.00840148523 0.22053592865 0.00000000000 0.00000000000 0.00000000000 0.00000000000 0.00000000000 0.00000000000 0.00000000000 0.22069590114
0.02903387489 -0.00854164005 0.22046526404 0.00000000000 0.00000000000 0.00000000000 0.00000000000 0.00000000000 0.00000000000 0.00000000000 0.22063066936
0.02873372824 -0.00868179486 0.22039459942 0.00000000000 0.00000000000 0.00000000000 0.00000000000 0.00000000000 0.00000000000 0.00000000000 0.22056552999
0.02843358159 -0.00882194967 0.22032393481 0.00000000000 0.00000000000 0.00000000000 0.00000000000 0.00000000000 0.00000000000 0.00000000000 0.22050048310
0.02813343494 -0.00896210448 0.22025327020 0.00000000000 0.00000000000 0.00000000000 0.00000000000 0.00000000000 0.00000000000 0.00000000000 0.22043552878
0.02783328829 -0.00910225930 0.22018260558 0.00000000000 0.00000000000 0.00000000000 0.00000000000 0.00000000000 0.00000000000 0.00000000000 0.22037066712
0.02753314164 -0.00924241411 0.22011194097 0.00000000000 0.00000000000 0.00000000000 0.00000000000 0.00000000000 0.00000000000 0.00000000000 0.22030589819
0.02723299499 -0.00938256892 0.22004127635 0.00000000000 0.00000000000 0.00000000000 0.00000000000 0.00000000000 0.00000000000 0.00000000000 0.22024122207
0.02693284834 -0.00952272374 0.21997061174 0.00000000000 0.00000000000 0.00000000000 0.00000000000 0.00000000000 0.00000000000 0.00000000000 0.22017663885
0.02663270169 -0.00966287855 0.21989994713 0.00000000000 0.00000000000 0.00000000000 0.00000000000 0.00000000000 0.00000000000 0.00000000000 0.22011214861
0.02633255504 -0.00980303336 0.21982928251 0.00000000000 0.00000000000 0.00000000000 0.00000000000 0.00000000000 0.00000000000 0.00000000000 0.22004775144
0.02603240839 -0.00994318817 0.21975861790 0.00000000000 0.00000000000 0.00000000000 0.00000000000 0.00000000000 0.00000000000 0.00000000000 0.21998344740
