VARIABLES=
"CoordinateX"
"CoordinateY"
"CoordinateZ"
"Kappa1"
"Kappa2"
"dy"
"dz"
"d2x"
"d2y"
"d2z"
"R"
ZONE T="Konrollpunkte"
I=101, J=1, K=1
0.01743970331 0.00224313535 0.22265051218 0.00000000000 0.00000000000 0.00000000000 0.00000000000 0.00000000000 0.00000000000 0.00000000000 0.00000000000
0.01743504640 0.00224823073 0.22264953827 0.00000000000 0.00000000000 0.00000000000 0.00000000000 0.00000000000 0.00000000000 0.00000000000 0.00000000000
0.01742878820 0.00225534881 0.22264822654 0.00000000000 0.00000000000 0.00000000000 0.00000000000 0.00000000000 0.00000000000 0.00000000000 0.00000000000
0.01742474361 0.00226008816 0.22264737726 0.00000000000 0.00000000000 0.00000000000 0.00000000000 0.00000000000 0.00000000000 0.00000000000 0.00000000000
0.01742122350 0.00226432246 0.22264663691 0.00000000000 0.00000000000 0.00000000000 0.00000000000 0.00000000000 0.00000000000 0.00000000000 0.00000000000
0.01741769961 0.00226871339 0.22264589414 0.00000000000 0.00000000000 0.00000000000 0.00000000000 0.00000000000 0.00000000000 0.00000000000 0.00000000000
0.01741380243 0.00227373169 0.22264507093 0.00000000000 0.00000000000 0.00000000000 0.00000000000 0.00000000000 0.00000000000 0.00000000000 0.00000000000
0.01740980196 0.00227905042 0.22264422406 0.00000000000 0.00000000000 0.00000000000 0.00000000000 0.00000000000 0.00000000000 0.00000000000 0.00000000000
0.01740587501 0.00228445933 0.22264339071 0.00000000000 0.00000000000 0.00000000000 0.00000000000 0.00000000000 0.00000000000 0.00000000000 0.00000000000
0.01740203557 0.00228993775 0.22264257385 0.00000000000 0.00000000000 0.00000000000 0.00000000000 0.00000000000 0.00000000000 0.00000000000 0.00000000000
0.01739828741 0.00229548094 0.22264177426 0.00000000000 0.00000000000 0.00000000000 0.00000000000 0.00000000000 0.00000000000 0.00000000000 0.00000000000
0.01739463125 0.00230108770 0.22264099211 0.00000000000 0.00000000000 0.00000000000 0.00000000000 0.00000000000 0.00000000000 0.00000000000 0.00000000000
0.01739106818 0.00230675639 0.22264022761 0.00000000000 0.00000000000 0.00000000000 0.00000000000 0.00000000000 0.00000000000 0.00000000000 0.00000000000
0.01738759920 0.00231248539 0.22263948098 0.00000000000 0.00000000000 0.00000000000 0.00000000000 0.00000000000 0.00000000000 0.00000000000 0.00000000000
0.01738422530 0.00231827310 0.22263875243 0.00000000000 0.00000000000 0.00000000000 0.00000000000 0.00000000000 0.00000000000 0.00000000000 0.00000000000
0.01738094743 0.00232411787 0.22263804215 0.00000000000 0.00000000000 0.00000000000 0.00000000000 0.00000000000 0.00000000000 0.00000000000 0.00000000000
0.01737776653 0.00233001804 0.22263735035 0.00000000000 0.00000000000 0.00000000000 0.00000000000 0.00000000000 0.00000000000 0.00000000000 0.00000000000
0.01737468349 0.00233597195 0.22263667722 0.00000000000 0.00000000000 0.00000000000 0.00000000000 0.00000000000 0.00000000000 0.00000000000 0.00000000000
0.01737169919 0.00234197791 0.22263602293 0.00000000000 0.00000000000 0.00000000000 0.00000000000 0.00000000000 0.00000000000 0.00000000000 0.00000000000
0.01736881447 0.00234803422 0.22263538768 0.00000000000 0.00000000000 0.00000000000 0.00000000000 0.00000000000 0.00000000000 0.00000000000 0.00000000000
0.01736603015 0.00235413915 0.22263477165 0.00000000000 0.00000000000 0.00000000000 0.00000000000 0.00000000000 0.00000000000 0.00000000000 0.00000000000
0.01736334703 0.00236029099 0.22263417499 0.00000000000 0.00000000000 0.00000000000 0.00000000000 0.00000000000 0.00000000000 0.00000000000 0.00000000000
0.01736076585 0.00236648800 0.22263359788 0.00000000000 0.00000000000 0.00000000000 0.00000000000 0.00000000000 0.00000000000 0.00000000000 0.00000000000
0.01735828736 0.00237272840 0.22263304047 0.00000000000 0.00000000000 0.00000000000 0.00000000000 0.00000000000 0.00000000000 0.00000000000 0.00000000000
0.01735591225 0.00237901045 0.22263250293 0.00000000000 0.00000000000 0.00000000000 0.00000000000 0.00000000000 0.00000000000 0.00000000000 0.00000000000
0.01735364121 0.00238533235 0.22263198539 0.00000000000 0.00000000000 0.00000000000 0.00000000000 0.00000000000 0.00000000000 0.00000000000 0.00000000000
0.01735147486 0.00239169231 0.22263148801 0.00000000000 0.00000000000 0.00000000000 0.00000000000 0.00000000000 0.00000000000 0.00000000000 0.00000000000
0.01734941384 0.00239808855 0.22263101092 0.00000000000 0.00000000000 0.00000000000 0.00000000000 0.00000000000 0.00000000000 0.00000000000 0.00000000000
0.01734745872 0.00240451923 0.22263055425 0.00000000000 0.00000000000 0.00000000000 0.00000000000 0.00000000000 0.00000000000 0.00000000000 0.00000000000
0.01734561005 0.00241098255 0.22263011813 0.00000000000 0.00000000000 0.00000000000 0.00000000000 0.00000000000 0.00000000000 0.00000000000 0.00000000000
0.01734386836 0.00241747667 0.22262970268 0.00000000000 0.00000000000 0.00000000000 0.00000000000 0.00000000000 0.00000000000 0.00000000000 0.00000000000
0.01734223415 0.00242399975 0.22262930801 0.00000000000 0.00000000000 0.00000000000 0.00000000000 0.00000000000 0.00000000000 0.00000000000 0.00000000000
0.01734070787 0.00243054994 0.22262893424 0.00000000000 0.00000000000 0.00000000000 0.00000000000 0.00000000000 0.00000000000 0.00000000000 0.00000000000
0.01733928997 0.00243712539 0.22262858147 0.00000000000 0.00000000000 0.00000000000 0.00000000000 0.00000000000 0.00000000000 0.00000000000 0.00000000000
0.01733798083 0.00244372423 0.22262824980 0.00000000000 0.00000000000 0.00000000000 0.00000000000 0.00000000000 0.00000000000 0.00000000000 0.00000000000
0.01733678085 0.00245034460 0.22262793932 0.00000000000 0.00000000000 0.00000000000 0.00000000000 0.00000000000 0.00000000000 0.00000000000 0.00000000000
0.01733569035 0.00245698462 0.22262765011 0.00000000000 0.00000000000 0.00000000000 0.00000000000 0.00000000000 0.00000000000 0.00000000000 0.00000000000
0.01733470964 0.00246364240 0.22262738225 0.00000000000 0.00000000000 0.00000000000 0.00000000000 0.00000000000 0.00000000000 0.00000000000 0.00000000000
0.01733383900 0.00247031607 0.22262713583 0.00000000000 0.00000000000 0.00000000000 0.00000000000 0.00000000000 0.00000000000 0.00000000000 0.00000000000
0.01733307869 0.00247700373 0.22262691090 0.00000000000 0.00000000000 0.00000000000 0.00000000000 0.00000000000 0.00000000000 0.00000000000 0.00000000000
0.01733242891 0.00248370348 0.22262670754 0.00000000000 0.00000000000 0.00000000000 0.00000000000 0.00000000000 0.00000000000 0.00000000000 0.00000000000
0.01733188986 0.00249041343 0.22262652579 0.00000000000 0.00000000000 0.00000000000 0.00000000000 0.00000000000 0.00000000000 0.00000000000 0.00000000000
0.01733146167 0.00249713168 0.22262636571 0.00000000000 0.00000000000 0.00000000000 0.00000000000 0.00000000000 0.00000000000 0.00000000000 0.00000000000
0.01733114449 0.00250385632 0.22262622735 0.00000000000 0.00000000000 0.00000000000 0.00000000000 0.00000000000 0.00000000000 0.00000000000 0.00000000000
0.01733093839 0.00251058544 0.22262611074 0.00000000000 0.00000000000 0.00000000000 0.00000000000 0.00000000000 0.00000000000 0.00000000000 0.00000000000
0.01733084343 0.00251731715 0.22262601591 0.00000000000 0.00000000000 0.00000000000 0.00000000000 0.00000000000 0.00000000000 0.00000000000 0.00000000000
0.01733085965 0.00252404953 0.22262594289 0.00000000000 0.00000000000 0.00000000000 0.00000000000 0.00000000000 0.00000000000 0.00000000000 0.00000000000
0.01733098704 0.00253078068 0.22262589171 0.00000000000 0.00000000000 0.00000000000 0.00000000000 0.00000000000 0.00000000000 0.00000000000 0.00000000000
0.01733122556 0.00253750868 0.22262586238 0.00000000000 0.00000000000 0.00000000000 0.00000000000 0.00000000000 0.00000000000 0.00000000000 0.00000000000
0.01733157514 0.00254423164 0.22262585490 0.00000000000 0.00000000000 0.00000000000 0.00000000000 0.00000000000 0.00000000000 0.00000000000 0.00000000000
0.01733203570 0.00255094764 0.22262586928 0.00000000000 0.00000000000 0.00000000000 0.00000000000 0.00000000000 0.00000000000 0.00000000000 0.00000000000
0.01733260709 0.00255765479 0.22262590552 0.00000000000 0.00000000000 0.00000000000 0.00000000000 0.00000000000 0.00000000000 0.00000000000 0.00000000000
0.01733328916 0.00256435118 0.22262596361 0.00000000000 0.00000000000 0.00000000000 0.00000000000 0.00000000000 0.00000000000 0.00000000000 0.00000000000
0.01733408171 0.00257103492 0.22262604352 0.00000000000 0.00000000000 0.00000000000 0.00000000000 0.00000000000 0.00000000000 0.00000000000 0.00000000000
0.01733498452 0.00257770410 0.22262614525 0.00000000000 0.00000000000 0.00000000000 0.00000000000 0.00000000000 0.00000000000 0.00000000000 0.00000000000
0.01733599734 0.00258435685 0.22262626876 0.00000000000 0.00000000000 0.00000000000 0.00000000000 0.00000000000 0.00000000000 0.00000000000 0.00000000000
0.01733711987 0.00259099127 0.22262641402 0.00000000000 0.00000000000 0.00000000000 0.00000000000 0.00000000000 0.00000000000 0.00000000000 0.00000000000
0.01733835181 0.00259760549 0.22262658099 0.00000000000 0.00000000000 0.00000000000 0.00000000000 0.00000000000 0.00000000000 0.00000000000 0.00000000000
0.01733969279 0.00260419763 0.22262676963 0.00000000000 0.00000000000 0.00000000000 0.00000000000 0.00000000000 0.00000000000 0.00000000000 0.00000000000
0.01734114245 0.00261076582 0.22262697988 0.00000000000 0.00000000000 0.00000000000 0.00000000000 0.00000000000 0.00000000000 0.00000000000 0.00000000000
0.01734270037 0.00261730821 0.22262721169 0.00000000000 0.00000000000 0.00000000000 0.00000000000 0.00000000000 0.00000000000 0.00000000000 0.00000000000
0.01734436611 0.00262382293 0.22262746498 0.00000000000 0.00000000000 0.00000000000 0.00000000000 0.00000000000 0.00000000000 0.00000000000 0.00000000000
0.01734613920 0.00263030814 0.22262773971 0.00000000000 0.00000000000 0.00000000000 0.00000000000 0.00000000000 0.00000000000 0.00000000000 0.00000000000
0.01734801914 0.00263676201 0.22262803578 0.00000000000 0.00000000000 0.00000000000 0.00000000000 0.00000000000 0.00000000000 0.00000000000 0.00000000000
0.01735000540 0.00264318270 0.22262835312 0.00000000000 0.00000000000 0.00000000000 0.00000000000 0.00000000000 0.00000000000 0.00000000000 0.00000000000
0.01735209740 0.00264956839 0.22262869165 0.00000000000 0.00000000000 0.00000000000 0.00000000000 0.00000000000 0.00000000000 0.00000000000 0.00000000000
0.01735429457 0.00265591727 0.22262905126 0.00000000000 0.00000000000 0.00000000000 0.00000000000 0.00000000000 0.00000000000 0.00000000000 0.00000000000
0.01735659627 0.00266222755 0.22262943186 0.00000000000 0.00000000000 0.00000000000 0.00000000000 0.00000000000 0.00000000000 0.00000000000 0.00000000000
0.01735900187 0.00266849744 0.22262983335 0.00000000000 0.00000000000 0.00000000000 0.00000000000 0.00000000000 0.00000000000 0.00000000000 0.00000000000
0.01736151066 0.00267472516 0.22263025561 0.00000000000 0.00000000000 0.00000000000 0.00000000000 0.00000000000 0.00000000000 0.00000000000 0.00000000000
0.01736412195 0.00268090893 0.22263069853 0.00000000000 0.00000000000 0.00000000000 0.00000000000 0.00000000000 0.00000000000 0.00000000000 0.00000000000
0.01736683500 0.00268704702 0.22263116199 0.00000000000 0.00000000000 0.00000000000 0.00000000000 0.00000000000 0.00000000000 0.00000000000 0.00000000000
0.01736964903 0.00269313768 0.22263164586 0.00000000000 0.00000000000 0.00000000000 0.00000000000 0.00000000000 0.00000000000 0.00000000000 0.00000000000
0.01737256325 0.00269917918 0.22263215001 0.00000000000 0.00000000000 0.00000000000 0.00000000000 0.00000000000 0.00000000000 0.00000000000 0.00000000000
0.01737557684 0.00270516982 0.22263267429 0.00000000000 0.00000000000 0.00000000000 0.00000000000 0.00000000000 0.00000000000 0.00000000000 0.00000000000
0.01737868894 0.00271110789 0.22263321858 0.00000000000 0.00000000000 0.00000000000 0.00000000000 0.00000000000 0.00000000000 0.00000000000 0.00000000000
0.01738189866 0.00271699170 0.22263378270 0.00000000000 0.00000000000 0.00000000000 0.00000000000 0.00000000000 0.00000000000 0.00000000000 0.00000000000
0.01738520511 0.00272281960 0.22263436652 0.00000000000 0.00000000000 0.00000000000 0.00000000000 0.00000000000 0.00000000000 0.00000000000 0.00000000000
0.01738860734 0.00272858993 0.22263496986 0.00000000000 0.00000000000 0.00000000000 0.00000000000 0.00000000000 0.00000000000 0.00000000000 0.00000000000
0.01739210438 0.00273430106 0.22263559256 0.00000000000 0.00000000000 0.00000000000 0.00000000000 0.00000000000 0.00000000000 0.00000000000 0.00000000000
0.01739569526 0.00273995136 0.22263623446 0.00000000000 0.00000000000 0.00000000000 0.00000000000 0.00000000000 0.00000000000 0.00000000000 0.00000000000
0.01739937894 0.00274553923 0.22263689536 0.00000000000 0.00000000000 0.00000000000 0.00000000000 0.00000000000 0.00000000000 0.00000000000 0.00000000000
0.01740315439 0.00275106309 0.22263757510 0.00000000000 0.00000000000 0.00000000000 0.00000000000 0.00000000000 0.00000000000 0.00000000000 0.00000000000
0.01740702054 0.00275652138 0.22263827348 0.00000000000 0.00000000000 0.00000000000 0.00000000000 0.00000000000 0.00000000000 0.00000000000 0.00000000000
0.01741097629 0.00276191254 0.22263899031 0.00000000000 0.00000000000 0.00000000000 0.00000000000 0.00000000000 0.00000000000 0.00000000000 0.00000000000
0.01741502053 0.00276723505 0.22263972539 0.00000000000 0.00000000000 0.00000000000 0.00000000000 0.00000000000 0.00000000000 0.00000000000 0.00000000000
0.01741915209 0.00277248739 0.22264047852 0.00000000000 0.00000000000 0.00000000000 0.00000000000 0.00000000000 0.00000000000 0.00000000000 0.00000000000
0.01742336982 0.00277766809 0.22264124949 0.00000000000 0.00000000000 0.00000000000 0.00000000000 0.00000000000 0.00000000000 0.00000000000 0.00000000000
0.01742767253 0.00278277566 0.22264203809 0.00000000000 0.00000000000 0.00000000000 0.00000000000 0.00000000000 0.00000000000 0.00000000000 0.00000000000
0.01743205898 0.00278780867 0.22264284409 0.00000000000 0.00000000000 0.00000000000 0.00000000000 0.00000000000 0.00000000000 0.00000000000 0.00000000000
0.01743652793 0.00279276568 0.22264366728 0.00000000000 0.00000000000 0.00000000000 0.00000000000 0.00000000000 0.00000000000 0.00000000000 0.00000000000
0.01744107813 0.00279764529 0.22264450743 0.00000000000 0.00000000000 0.00000000000 0.00000000000 0.00000000000 0.00000000000 0.00000000000 0.00000000000
0.01744570828 0.00280244612 0.22264536430 0.00000000000 0.00000000000 0.00000000000 0.00000000000 0.00000000000 0.00000000000 0.00000000000 0.00000000000
0.01745041706 0.00280716680 0.22264623765 0.00000000000 0.00000000000 0.00000000000 0.00000000000 0.00000000000 0.00000000000 0.00000000000 0.00000000000
0.01745520315 0.00281180599 0.22264712725 0.00000000000 0.00000000000 0.00000000000 0.00000000000 0.00000000000 0.00000000000 0.00000000000 0.00000000000
0.01746006519 0.00281636239 0.22264803285 0.00000000000 0.00000000000 0.00000000000 0.00000000000 0.00000000000 0.00000000000 0.00000000000 0.00000000000
0.01746500180 0.00282083470 0.22264895419 0.00000000000 0.00000000000 0.00000000000 0.00000000000 0.00000000000 0.00000000000 0.00000000000 0.00000000000
0.01747001165 0.00282522163 0.22264989103 0.00000000000 0.00000000000 0.00000000000 0.00000000000 0.00000000000 0.00000000000 0.00000000000 0.00000000000
0.01747509297 0.00282952227 0.22265084305 0.00000000000 0.00000000000 0.00000000000 0.00000000000 0.00000000000 0.00000000000 0.00000000000 0.00000000000
0.01748153405 0.00283478556 0.22265205210 0.00000000000 0.00000000000 0.00000000000 0.00000000000 0.00000000000 0.00000000000 0.00000000000 0.00000000000
0.01748545569 0.00283786882 0.22265278971 0.00000000000 0.00000000000 0.00000000000 0.00000000000 0.00000000000 0.00000000000 0.00000000000 0.00000000000
ZONE T="NURB"
I=201, J=1, K=1
0.01743970331 0.00224313535 0.22265051218 1187.73205266146 0.00000000000 0.00000000000 0.00000000000 0.00000000000 0.00000000000 0.00000000000 0.22266181134
0.01743701446 0.00224609219 0.22264994969 1348.63174460723 0.00000000000 0.00000000000 0.00000000000 0.00000000000 0.00000000000 0.00000000000 0.22266127869
0.01743445430 0.00224893784 0.22264941380 1539.81958211362 0.00000000000 0.00000000000 0.00000000000 0.00000000000 0.00000000000 0.00000000000 0.22266077155
0.01743202283 0.00225167232 0.22264890450 1768.73386110093 0.00000000000 0.00000000000 0.00000000000 0.00000000000 0.00000000000 0.00000000000 0.22266028991
0.01742971779 0.00225429825 0.22264842131 2041.85747561451 0.00000000000 0.00000000000 0.00000000000 0.00000000000 0.00000000000 0.00000000000 0.22265983332
0.01742753044 0.00225682578 0.22264796240 2337.33101254274 0.00000000000 0.00000000000 0.00000000000 0.00000000000 0.00000000000 0.00000000000 0.22265940004
0.01742545558 0.00225925961 0.22264752670 2128.23133121195 0.00000000000 0.00000000000 0.00000000000 0.00000000000 0.00000000000 0.00000000000 0.22265898904
0.01742347540 0.00226161492 0.22264711052 2389.93055624363 0.00000000000 0.00000000000 0.00000000000 0.00000000000 0.00000000000 0.00000000000 0.22265859679
0.01742156464 0.00226392418 0.22264670853 3144.23480192126 0.00000000000 0.00000000000 0.00000000000 0.00000000000 0.00000000000 0.00000000000 0.22265821829
0.01741966271 0.00226626745 0.22264630793 3065.65492940288 0.00000000000 0.00000000000 0.00000000000 0.00000000000 0.00000000000 0.00000000000 0.22265784154
0.01741773849 0.00226868339 0.22264590214 2663.92233333575 0.00000000000 0.00000000000 0.00000000000 0.00000000000 0.00000000000 0.00000000000 0.22265746038
0.01741575289 0.00227122015 0.22264548293 2406.82810585582 0.00000000000 0.00000000000 0.00000000000 0.00000000000 0.00000000000 0.00000000000 0.22265706706
0.01741373838 0.00227383635 0.22264505715 2339.76881166153 0.00000000000 0.00000000000 0.00000000000 0.00000000000 0.00000000000 0.00000000000 0.22265666800
0.01741172522 0.00227649344 0.22264463120 2507.14224772430 0.00000000000 0.00000000000 0.00000000000 0.00000000000 0.00000000000 0.00000000000 0.22265626922
0.01740972605 0.00227917696 0.22264420771 2515.67389217424 0.00000000000 0.00000000000 0.00000000000 0.00000000000 0.00000000000 0.00000000000 0.22265587321
0.01740775148 0.00228187476 0.22264378892 2488.52729162266 0.00000000000 0.00000000000 0.00000000000 0.00000000000 0.00000000000 0.00000000000 0.22265548208
0.01740580012 0.00228458838 0.22264337453 2487.39239789706 0.00000000000 0.00000000000 0.00000000000 0.00000000000 0.00000000000 0.00000000000 0.22265509554
0.01740387082 0.00228731912 0.22264296431 2492.84772276047 0.00000000000 0.00000000000 0.00000000000 0.00000000000 0.00000000000 0.00000000000 0.22265471337
0.01740196397 0.00229006648 0.22264255832 2493.36366962636 0.00000000000 0.00000000000 0.00000000000 0.00000000000 0.00000000000 0.00000000000 0.22265433564
0.01740007993 0.00229283001 0.22264215666 2492.02218795940 0.00000000000 0.00000000000 0.00000000000 0.00000000000 0.00000000000 0.00000000000 0.22265396244
0.01739821880 0.00229560957 0.22264175933 2492.25999149274 0.00000000000 0.00000000000 0.00000000000 0.00000000000 0.00000000000 0.00000000000 0.22265359377
0.01739638065 0.00229840502 0.22264136635 2492.29177796293 0.00000000000 0.00000000000 0.00000000000 0.00000000000 0.00000000000 0.00000000000 0.22265322966
0.01739456565 0.00230121613 0.22264097777 2492.58229959753 0.00000000000 0.00000000000 0.00000000000 0.00000000000 0.00000000000 0.00000000000 0.22265287013
0.01739277390 0.00230404270 0.22264059359 2492.28481910230 0.00000000000 0.00000000000 0.00000000000 0.00000000000 0.00000000000 0.00000000000 0.22265251521
0.01739100555 0.00230688454 0.22264021386 2492.57133153942 0.00000000000 0.00000000000 0.00000000000 0.00000000000 0.00000000000 0.00000000000 0.22265216492
0.01738926072 0.00230974145 0.22263983859 2492.45090301948 0.00000000000 0.00000000000 0.00000000000 0.00000000000 0.00000000000 0.00000000000 0.22265181929
0.01738753953 0.00231261321 0.22263946781 2492.74313684745 0.00000000000 0.00000000000 0.00000000000 0.00000000000 0.00000000000 0.00000000000 0.22265147834
0.01738584209 0.00231549964 0.22263910155 2492.49342945524 0.00000000000 0.00000000000 0.00000000000 0.00000000000 0.00000000000 0.00000000000 0.22265114210
0.01738416855 0.00231840052 0.22263873984 2492.78967458931 0.00000000000 0.00000000000 0.00000000000 0.00000000000 0.00000000000 0.00000000000 0.22265081059
0.01738251900 0.00232131565 0.22263838269 2492.60196865001 0.00000000000 0.00000000000 0.00000000000 0.00000000000 0.00000000000 0.00000000000 0.22265048384
0.01738089357 0.00232424482 0.22263803014 2492.90244879900 0.00000000000 0.00000000000 0.00000000000 0.00000000000 0.00000000000 0.00000000000 0.22265016186
0.01737929237 0.00232718784 0.22263768220 2492.76212887734 0.00000000000 0.00000000000 0.00000000000 0.00000000000 0.00000000000 0.00000000000 0.22264984469
0.01737771553 0.00233014447 0.22263733890 2493.06681946377 0.00000000000 0.00000000000 0.00000000000 0.00000000000 0.00000000000 0.00000000000 0.22264953233
0.01737616313 0.00233311453 0.22263700027 2492.81429247971 0.00000000000 0.00000000000 0.00000000000 0.00000000000 0.00000000000 0.00000000000 0.22264922482
0.01737463531 0.00233609780 0.22263666633 2493.12309762094 0.00000000000 0.00000000000 0.00000000000 0.00000000000 0.00000000000 0.00000000000 0.22264892218
0.01737313217 0.00233909406 0.22263633710 2492.99667834074 0.00000000000 0.00000000000 0.00000000000 0.00000000000 0.00000000000 0.00000000000 0.22264862443
0.01737165380 0.00234210311 0.22263601261 2493.30957777252 0.00000000000 0.00000000000 0.00000000000 0.00000000000 0.00000000000 0.00000000000 0.22264833158
0.01737020033 0.00234512473 0.22263569287 2493.12081195952 0.00000000000 0.00000000000 0.00000000000 0.00000000000 0.00000000000 0.00000000000 0.22264804367
0.01736877184 0.00234815870 0.22263537791 2493.43777401320 0.00000000000 0.00000000000 0.00000000000 0.00000000000 0.00000000000 0.00000000000 0.22264776070
0.01736736845 0.00235120483 0.22263506775 2493.22891814025 0.00000000000 0.00000000000 0.00000000000 0.00000000000 0.00000000000 0.00000000000 0.22264748271
0.01736599025 0.00235426288 0.22263476241 2493.54983022586 0.00000000000 0.00000000000 0.00000000000 0.00000000000 0.00000000000 0.00000000000 0.22264720970
0.01736463733 0.00235733264 0.22263446192 2493.45072922195 0.00000000000 0.00000000000 0.00000000000 0.00000000000 0.00000000000 0.00000000000 0.22264694171
0.01736330981 0.00236041389 0.22263416629 2493.77559647901 0.00000000000 0.00000000000 0.00000000000 0.00000000000 0.00000000000 0.00000000000 0.22264667874
0.01736200776 0.00236350643 0.22263387555 2493.54763003119 0.00000000000 0.00000000000 0.00000000000 0.00000000000 0.00000000000 0.00000000000 0.22264642082
0.01736073128 0.00236661001 0.22263358971 2493.87634803106 0.00000000000 0.00000000000 0.00000000000 0.00000000000 0.00000000000 0.00000000000 0.22264616797
0.01735948046 0.00236972444 0.22263330880 2493.73426746393 0.00000000000 0.00000000000 0.00000000000 0.00000000000 0.00000000000 0.00000000000 0.22264592019
0.01735825539 0.00237284948 0.22263303283 2494.06675644529 0.00000000000 0.00000000000 0.00000000000 0.00000000000 0.00000000000 0.00000000000 0.22264567752
0.01735705616 0.00237598493 0.22263276182 2493.94161412745 0.00000000000 0.00000000000 0.00000000000 0.00000000000 0.00000000000 0.00000000000 0.22264543997
0.01735588285 0.00237913054 0.22263249580 2494.27785435410 0.00000000000 0.00000000000 0.00000000000 0.00000000000 0.00000000000 0.00000000000 0.22264520755
0.01735473554 0.00238228610 0.22263223477 2494.06006026517 0.00000000000 0.00000000000 0.00000000000 0.00000000000 0.00000000000 0.00000000000 0.22264498029
0.01735361433 0.00238545139 0.22263197877 2494.39990580610 0.00000000000 0.00000000000 0.00000000000 0.00000000000 0.00000000000 0.00000000000 0.22264475819
0.01735251927 0.00238862619 0.22263172780 2494.31168369096 0.00000000000 0.00000000000 0.00000000000 0.00000000000 0.00000000000 0.00000000000 0.22264454127
0.01735145046 0.00239181027 0.22263148188 2494.65509598712 0.00000000000 0.00000000000 0.00000000000 0.00000000000 0.00000000000 0.00000000000 0.22264432955
0.01735040797 0.00239500340 0.22263124104 2494.47838998883 0.00000000000 0.00000000000 0.00000000000 0.00000000000 0.00000000000 0.00000000000 0.22264412305
0.01734939187 0.00239820535 0.22263100528 2494.82528258361 0.00000000000 0.00000000000 0.00000000000 0.00000000000 0.00000000000 0.00000000000 0.22264392177
0.01734840224 0.00240141591 0.22263077463 2494.65924426699 0.00000000000 0.00000000000 0.00000000000 0.00000000000 0.00000000000 0.00000000000 0.22264372574
0.01734743914 0.00240463484 0.22263054910 2495.00947849681 0.00000000000 0.00000000000 0.00000000000 0.00000000000 0.00000000000 0.00000000000 0.22264353496
0.01734650264 0.00240786192 0.22263032870 2494.93355884934 0.00000000000 0.00000000000 0.00000000000 0.00000000000 0.00000000000 0.00000000000 0.22264334945
0.01734559281 0.00241109691 0.22263011345 2495.28710851457 0.00000000000 0.00000000000 0.00000000000 0.00000000000 0.00000000000 0.00000000000 0.22264316923
0.01734470972 0.00241433960 0.22262990337 2495.08094311526 0.00000000000 0.00000000000 0.00000000000 0.00000000000 0.00000000000 0.00000000000 0.22264299430
0.01734385342 0.00241758974 0.22262969847 2495.43765329140 0.00000000000 0.00000000000 0.00000000000 0.00000000000 0.00000000000 0.00000000000 0.22264282468
0.01734302398 0.00242084712 0.22262949876 2495.33729416530 0.00000000000 0.00000000000 0.00000000000 0.00000000000 0.00000000000 0.00000000000 0.22264266037
0.01734222146 0.00242411148 0.22262930426 2495.69706807825 0.00000000000 0.00000000000 0.00000000000 0.00000000000 0.00000000000 0.00000000000 0.22264250140
0.01734144591 0.00242738262 0.22262911498 2495.58191504702 0.00000000000 0.00000000000 0.00000000000 0.00000000000 0.00000000000 0.00000000000 0.22264234778
0.01734069739 0.00243066029 0.22262893094 2495.94468616257 0.00000000000 0.00000000000 0.00000000000 0.00000000000 0.00000000000 0.00000000000 0.22264219951
0.01733997595 0.00243394427 0.22262875214 2495.76107176555 0.00000000000 0.00000000000 0.00000000000 0.00000000000 0.00000000000 0.00000000000 0.22264205660
0.01733928164 0.00243723431 0.22262857861 2496.12665957469 0.00000000000 0.00000000000 0.00000000000 0.00000000000 0.00000000000 0.00000000000 0.22264191906
0.01733861451 0.00244053020 0.22262841034 2496.06956606210 0.00000000000 0.00000000000 0.00000000000 0.00000000000 0.00000000000 0.00000000000 0.22264178691
0.01733797461 0.00244383169 0.22262824736 2496.43791188444 0.00000000000 0.00000000000 0.00000000000 0.00000000000 0.00000000000 0.00000000000 0.22264166016
0.01733736198 0.00244713855 0.22262808968 2496.27078534281 0.00000000000 0.00000000000 0.00000000000 0.00000000000 0.00000000000 0.00000000000 0.22264153880
0.01733677667 0.00245045055 0.22262793730 2496.64175036108 0.00000000000 0.00000000000 0.00000000000 0.00000000000 0.00000000000 0.00000000000 0.22264142286
0.01733621872 0.00245376745 0.22262779023 2496.51506989311 0.00000000000 0.00000000000 0.00000000000 0.00000000000 0.00000000000 0.00000000000 0.22264131234
0.01733568817 0.00245708901 0.22262764850 2496.88849644903 0.00000000000 0.00000000000 0.00000000000 0.00000000000 0.00000000000 0.00000000000 0.22264120724
0.01733518505 0.00246041502 0.22262751210 2496.82639900666 0.00000000000 0.00000000000 0.00000000000 0.00000000000 0.00000000000 0.00000000000 0.22264110758
0.01733470941 0.00246374521 0.22262738104 2497.20222749283 0.00000000000 0.00000000000 0.00000000000 0.00000000000 0.00000000000 0.00000000000 0.22264101336
0.01733426127 0.00246707937 0.22262725534 2497.01715193184 0.00000000000 0.00000000000 0.00000000000 0.00000000000 0.00000000000 0.00000000000 0.22264092459
0.01733384067 0.00247041725 0.22262713501 2497.39518558515 0.00000000000 0.00000000000 0.00000000000 0.00000000000 0.00000000000 0.00000000000 0.22264084128
0.01733344763 0.00247375863 0.22262702005 2497.32904486378 0.00000000000 0.00000000000 0.00000000000 0.00000000000 0.00000000000 0.00000000000 0.22264076342
0.01733308220 0.00247710325 0.22262691046 2497.70917382899 0.00000000000 0.00000000000 0.00000000000 0.00000000000 0.00000000000 0.00000000000 0.22264069103
0.01733274438 0.00248045090 0.22262680627 2497.59728997962 0.00000000000 0.00000000000 0.00000000000 0.00000000000 0.00000000000 0.00000000000 0.22264062411
0.01733243420 0.00248380131 0.22262670747 2497.97940250989 0.00000000000 0.00000000000 0.00000000000 0.00000000000 0.00000000000 0.00000000000 0.22264056267
0.01733215170 0.00248715428 0.22262661407 2497.82620796688 0.00000000000 0.00000000000 0.00000000000 0.00000000000 0.00000000000 0.00000000000 0.22264050671
0.01733189688 0.00249050954 0.22262652608 2498.21009924628 0.00000000000 0.00000000000 0.00000000000 0.00000000000 0.00000000000 0.00000000000 0.22264045624
0.01733166976 0.00249386687 0.22262644351 2498.17396877394 0.00000000000 0.00000000000 0.00000000000 0.00000000000 0.00000000000 0.00000000000 0.22264041125
0.01733147037 0.00249722603 0.22262636635 2498.55956185226 0.00000000000 0.00000000000 0.00000000000 0.00000000000 0.00000000000 0.00000000000 0.22264037175
0.01733129871 0.00250058678 0.22262629462 2498.39787558856 0.00000000000 0.00000000000 0.00000000000 0.00000000000 0.00000000000 0.00000000000 0.22264033775
0.01733115480 0.00250394888 0.22262622833 2498.78498678719 0.00000000000 0.00000000000 0.00000000000 0.00000000000 0.00000000000 0.00000000000 0.22264030924
0.01733103865 0.00250731210 0.22262616746 2498.69073172929 0.00000000000 0.00000000000 0.00000000000 0.00000000000 0.00000000000 0.00000000000 0.22264028623
0.01733095027 0.00251067619 0.22262611204 2499.07919352045 0.00000000000 0.00000000000 0.00000000000 0.00000000000 0.00000000000 0.00000000000 0.22264026872
0.01733088965 0.00251404093 0.22262606206 2499.01996318526 0.00000000000 0.00000000000 0.00000000000 0.00000000000 0.00000000000 0.00000000000 0.22264025672
0.01733085682 0.00251740606 0.22262601753 2499.40968441362 0.00000000000 0.00000000000 0.00000000000 0.00000000000 0.00000000000 0.00000000000 0.22264025021
0.01733085176 0.00252077135 0.22262597845 2499.24182250135 0.00000000000 0.00000000000 0.00000000000 0.00000000000 0.00000000000 0.00000000000 0.22264024921
0.01733087449 0.00252413657 0.22262594482 2499.63257718959 0.00000000000 0.00000000000 0.00000000000 0.00000000000 0.00000000000 0.00000000000 0.22264025371
0.01733092499 0.00252750148 0.22262591665 2499.59026029475 0.00000000000 0.00000000000 0.00000000000 0.00000000000 0.00000000000 0.00000000000 0.22264026372
0.01733100326 0.00253086582 0.22262589393 2499.98193163628 0.00000000000 0.00000000000 0.00000000000 0.00000000000 0.00000000000 0.00000000000 0.22264027922
0.01733110931 0.00253422939 0.22262587668 2499.86509770686 0.00000000000 0.00000000000 0.00000000000 0.00000000000 0.00000000000 0.00000000000 0.22264030023
0.01733124312 0.00253759192 0.22262586488 2500.25753530053 0.00000000000 0.00000000000 0.00000000000 0.00000000000 0.00000000000 0.00000000000 0.22264032673
0.01733140468 0.00254095318 0.22262585855 2500.12808011613 0.00000000000 0.00000000000 0.00000000000 0.00000000000 0.00000000000 0.00000000000 0.22264035874
0.01733159398 0.00254431294 0.22262585768 2500.52106792997 0.00000000000 0.00000000000 0.00000000000 0.00000000000 0.00000000000 0.00000000000 0.22264039623
0.01733181100 0.00254767095 0.22262586227 2500.49285330649 0.00000000000 0.00000000000 0.00000000000 0.00000000000 0.00000000000 0.00000000000 0.22264043922
0.01733205575 0.00255102698 0.22262587232 2500.88630054209 0.00000000000 0.00000000000 0.00000000000 0.00000000000 0.00000000000 0.00000000000 0.22264048770
0.01733232818 0.00255438080 0.22262588783 2500.72447351431 0.00000000000 0.00000000000 0.00000000000 0.00000000000 0.00000000000 0.00000000000 0.22264054167
0.01733262829 0.00255773216 0.22262590881 2501.11816441736 0.00000000000 0.00000000000 0.00000000000 0.00000000000 0.00000000000 0.00000000000 0.22264060112
0.01733295606 0.00256108083 0.22262593524 2501.04625274427 0.00000000000 0.00000000000 0.00000000000 0.00000000000 0.00000000000 0.00000000000 0.22264066605
0.01733331146 0.00256442656 0.22262596713 2501.44002067103 0.00000000000 0.00000000000 0.00000000000 0.00000000000 0.00000000000 0.00000000000 0.22264073645
0.01733369446 0.00256776913 0.22262600448 2501.37150495973 0.00000000000 0.00000000000 0.00000000000 0.00000000000 0.00000000000 0.00000000000 0.22264081231
0.01733410505 0.00257110829 0.22262604728 2501.76523353930 0.00000000000 0.00000000000 0.00000000000 0.00000000000 0.00000000000 0.00000000000 0.22264089365
0.01733454318 0.00257444381 0.22262609552 2501.60792254918 0.00000000000 0.00000000000 0.00000000000 0.00000000000 0.00000000000 0.00000000000 0.22264098043
0.01733500884 0.00257777545 0.22262614922 2502.00137235353 0.00000000000 0.00000000000 0.00000000000 0.00000000000 0.00000000000 0.00000000000 0.22264107267
0.01733550198 0.00258110299 0.22262620835 2501.97000421702 0.00000000000 0.00000000000 0.00000000000 0.00000000000 0.00000000000 0.00000000000 0.22264117036
0.01733602257 0.00258442617 0.22262627293 2502.36305980366 0.00000000000 0.00000000000 0.00000000000 0.00000000000 0.00000000000 0.00000000000 0.22264127348
0.01733657058 0.00258774477 0.22262634294 2502.23198373619 0.00000000000 0.00000000000 0.00000000000 0.00000000000 0.00000000000 0.00000000000 0.22264138204
0.01733714596 0.00259105855 0.22262641838 2502.62446749088 0.00000000000 0.00000000000 0.00000000000 0.00000000000 0.00000000000 0.00000000000 0.22264149601
0.01733774868 0.00259436728 0.22262649925 2502.50970447050 0.00000000000 0.00000000000 0.00000000000 0.00000000000 0.00000000000 0.00000000000 0.22264161540
0.01733837869 0.00259767072 0.22262658553 2502.90140430314 0.00000000000 0.00000000000 0.00000000000 0.00000000000 0.00000000000 0.00000000000 0.22264174020
0.01733903595 0.00260096864 0.22262667723 2502.86583859423 0.00000000000 0.00000000000 0.00000000000 0.00000000000 0.00000000000 0.00000000000 0.22264187040
0.01733972041 0.00260426080 0.22262677434 2503.25665690200 0.00000000000 0.00000000000 0.00000000000 0.00000000000 0.00000000000 0.00000000000 0.22264200598
0.01734043203 0.00260754697 0.22262687684 2503.08808477336 0.00000000000 0.00000000000 0.00000000000 0.00000000000 0.00000000000 0.00000000000 0.22264214694
0.01734117075 0.00261082693 0.22262698474 2503.47779091075 0.00000000000 0.00000000000 0.00000000000 0.00000000000 0.00000000000 0.00000000000 0.22264229327
0.01734193652 0.00261410043 0.22262709803 2503.41567415551 0.00000000000 0.00000000000 0.00000000000 0.00000000000 0.00000000000 0.00000000000 0.22264244496
0.01734272928 0.00261736724 0.22262721669 2503.80411429919 0.00000000000 0.00000000000 0.00000000000 0.00000000000 0.00000000000 0.00000000000 0.22264260200
0.01734354899 0.00262062714 0.22262734073 2503.71361749799 0.00000000000 0.00000000000 0.00000000000 0.00000000000 0.00000000000 0.00000000000 0.22264276437
0.01734439558 0.00262387989 0.22262747013 2504.10066055362 0.00000000000 0.00000000000 0.00000000000 0.00000000000 0.00000000000 0.00000000000 0.22264293207
0.01734526899 0.00262712526 0.22262760488 2503.94521401245 0.00000000000 0.00000000000 0.00000000000 0.00000000000 0.00000000000 0.00000000000 0.22264310508
0.01734616917 0.00263036302 0.22262774497 2504.33062487178 0.00000000000 0.00000000000 0.00000000000 0.00000000000 0.00000000000 0.00000000000 0.22264328340
0.01734709604 0.00263359295 0.22262789040 2504.29555160532 0.00000000000 0.00000000000 0.00000000000 0.00000000000 0.00000000000 0.00000000000 0.22264346700
0.01734804954 0.00263681481 0.22262804115 2504.67922632179 0.00000000000 0.00000000000 0.00000000000 0.00000000000 0.00000000000 0.00000000000 0.22264365587
0.01734902961 0.00264002838 0.22262819722 2504.52429815221 0.00000000000 0.00000000000 0.00000000000 0.00000000000 0.00000000000 0.00000000000 0.22264385001
0.01735003617 0.00264323342 0.22262835859 2504.90604731641 0.00000000000 0.00000000000 0.00000000000 0.00000000000 0.00000000000 0.00000000000 0.22264404940
0.01735106915 0.00264642972 0.22262852526 2504.79513136610 0.00000000000 0.00000000000 0.00000000000 0.00000000000 0.00000000000 0.00000000000 0.22264425402
0.01735212849 0.00264961704 0.22262869720 2505.17476286072 0.00000000000 0.00000000000 0.00000000000 0.00000000000 0.00000000000 0.00000000000 0.22264446386
0.01735321410 0.00265279517 0.22262887442 2505.11609524210 0.00000000000 0.00000000000 0.00000000000 0.00000000000 0.00000000000 0.00000000000 0.22264467891
0.01735432591 0.00265596386 0.22262905689 2505.49351441372 0.00000000000 0.00000000000 0.00000000000 0.00000000000 0.00000000000 0.00000000000 0.22264489914
0.01735546384 0.00265912291 0.22262924460 2505.31054463855 0.00000000000 0.00000000000 0.00000000000 0.00000000000 0.00000000000 0.00000000000 0.22264512455
0.01735662781 0.00266227208 0.22262943755 2505.68552534577 0.00000000000 0.00000000000 0.00000000000 0.00000000000 0.00000000000 0.00000000000 0.22264535512
0.01735781774 0.00266541115 0.22262963572 2505.61941280306 0.00000000000 0.00000000000 0.00000000000 0.00000000000 0.00000000000 0.00000000000 0.22264559083
0.01735903354 0.00266853991 0.22262983909 2505.99182670375 0.00000000000 0.00000000000 0.00000000000 0.00000000000 0.00000000000 0.00000000000 0.22264583167
0.01736027513 0.00267165812 0.22263004765 2505.86701020294 0.00000000000 0.00000000000 0.00000000000 0.00000000000 0.00000000000 0.00000000000 0.22264607761
0.01736154242 0.00267476557 0.22263026139 2506.23672514530 0.00000000000 0.00000000000 0.00000000000 0.00000000000 0.00000000000 0.00000000000 0.22264632864
0.01736283531 0.00267786205 0.22263048029 2506.07348497870 0.00000000000 0.00000000000 0.00000000000 0.00000000000 0.00000000000 0.00000000000 0.22264658475
0.01736415373 0.00268094731 0.22263070434 2506.44028845184 0.00000000000 0.00000000000 0.00000000000 0.00000000000 0.00000000000 0.00000000000 0.22264684591
0.01736549757 0.00268402117 0.22263093352 2506.38606118188 0.00000000000 0.00000000000 0.00000000000 0.00000000000 0.00000000000 0.00000000000 0.22264711211
0.01736686674 0.00268708338 0.22263116782 2506.74987180747 0.00000000000 0.00000000000 0.00000000000 0.00000000000 0.00000000000 0.00000000000 0.22264738332
0.01736826114 0.00269013373 0.22263140721 2506.56216371856 0.00000000000 0.00000000000 0.00000000000 0.00000000000 0.00000000000 0.00000000000 0.22264765954
0.01736968067 0.00269317202 0.22263165169 2506.92279819945 0.00000000000 0.00000000000 0.00000000000 0.00000000000 0.00000000000 0.00000000000 0.22264794073
0.01737112524 0.00269619802 0.22263190124 2506.80400246572 0.00000000000 0.00000000000 0.00000000000 0.00000000000 0.00000000000 0.00000000000 0.22264822688
0.01737259474 0.00269921152 0.22263215583 2507.16130406992 0.00000000000 0.00000000000 0.00000000000 0.00000000000 0.00000000000 0.00000000000 0.22264851797
0.01737408907 0.00270221231 0.22263241546 2507.06483970035 0.00000000000 0.00000000000 0.00000000000 0.00000000000 0.00000000000 0.00000000000 0.22264881398
0.01737560812 0.00270520017 0.22263268010 2507.41872852922 0.00000000000 0.00000000000 0.00000000000 0.00000000000 0.00000000000 0.00000000000 0.22264911488
0.01737715178 0.00270817490 0.22263294974 2507.21333106332 0.00000000000 0.00000000000 0.00000000000 0.00000000000 0.00000000000 0.00000000000 0.22264942066
0.01737871995 0.00271113627 0.22263322435 2507.56360477325 0.00000000000 0.00000000000 0.00000000000 0.00000000000 0.00000000000 0.00000000000 0.22264973130
0.01738031251 0.00271408409 0.22263350393 2507.47973211486 0.00000000000 0.00000000000 0.00000000000 0.00000000000 0.00000000000 0.00000000000 0.22265004676
0.01738192935 0.00271701814 0.22263378844 2507.82630033585 0.00000000000 0.00000000000 0.00000000000 0.00000000000 0.00000000000 0.00000000000 0.22265036704
0.01738357036 0.00271993822 0.22263407787 2507.65627642353 0.00000000000 0.00000000000 0.00000000000 0.00000000000 0.00000000000 0.00000000000 0.22265069210
0.01738523542 0.00272284411 0.22263437220 2507.99902109278 0.00000000000 0.00000000000 0.00000000000 0.00000000000 0.00000000000 0.00000000000 0.22265102193
0.01738692441 0.00272573562 0.22263467141 2507.81858192913 0.00000000000 0.00000000000 0.00000000000 0.00000000000 0.00000000000 0.00000000000 0.22265135650
0.01738863721 0.00272861253 0.22263497548 2508.15733025347 0.00000000000 0.00000000000 0.00000000000 0.00000000000 0.00000000000 0.00000000000 0.22265169578
0.01739037371 0.00273147465 0.22263528439 2508.06887962175 0.00000000000 0.00000000000 0.00000000000 0.00000000000 0.00000000000 0.00000000000 0.22265203976
0.01739213377 0.00273432177 0.22263559811 2508.40358359628 0.00000000000 0.00000000000 0.00000000000 0.00000000000 0.00000000000 0.00000000000 0.22265238840
0.01739391728 0.00273715369 0.22263591663 2508.17596561609 0.00000000000 0.00000000000 0.00000000000 0.00000000000 0.00000000000 0.00000000000 0.22265274170
0.01739572411 0.00273997020 0.22263623992 2508.50646630410 0.00000000000 0.00000000000 0.00000000000 0.00000000000 0.00000000000 0.00000000000 0.22265309960
0.01739755412 0.00274277112 0.22263656797 2508.36840287396 0.00000000000 0.00000000000 0.00000000000 0.00000000000 0.00000000000 0.00000000000 0.22265346211
0.01739940720 0.00274555624 0.22263690074 2508.69459242684 0.00000000000 0.00000000000 0.00000000000 0.00000000000 0.00000000000 0.00000000000 0.22265382918
0.01740128321 0.00274832536 0.22263723821 2508.54788923056 0.00000000000 0.00000000000 0.00000000000 0.00000000000 0.00000000000 0.00000000000 0.22265420079
0.01740318201 0.00275107828 0.22263758037 2508.86971468051 0.00000000000 0.00000000000 0.00000000000 0.00000000000 0.00000000000 0.00000000000 0.22265457692
0.01740510347 0.00275381483 0.22263792718 2508.63472399764 0.00000000000 0.00000000000 0.00000000000 0.00000000000 0.00000000000 0.00000000000 0.22265495754
0.01740704746 0.00275653478 0.22263827863 2508.95202399404 0.00000000000 0.00000000000 0.00000000000 0.00000000000 0.00000000000 0.00000000000 0.22265534262
0.01740901384 0.00275923797 0.22263863469 2508.83783020651 0.00000000000 0.00000000000 0.00000000000 0.00000000000 0.00000000000 0.00000000000 0.22265573213
0.01741100246 0.00276192419 0.22263899534 2509.15056327057 0.00000000000 0.00000000000 0.00000000000 0.00000000000 0.00000000000 0.00000000000 0.22265612605
0.01741301320 0.00276459325 0.22263936054 2508.92703947060 0.00000000000 0.00000000000 0.00000000000 0.00000000000 0.00000000000 0.00000000000 0.22265652435
0.01741504589 0.00276724497 0.22263973028 2509.23511624207 0.00000000000 0.00000000000 0.00000000000 0.00000000000 0.00000000000 0.00000000000 0.22265692701
0.01741710042 0.00276987915 0.22264010453 2509.02954276676 0.00000000000 0.00000000000 0.00000000000 0.00000000000 0.00000000000 0.00000000000 0.22265733398
0.01741917661 0.00277249562 0.22264048326 2509.33284443001 0.00000000000 0.00000000000 0.00000000000 0.00000000000 0.00000000000 0.00000000000 0.22265774525
0.01742127434 0.00277509418 0.22264086646 2509.19693470045 0.00000000000 0.00000000000 0.00000000000 0.00000000000 0.00000000000 0.00000000000 0.22265816078
0.01742339345 0.00277767465 0.22264125408 2509.49545579146 0.00000000000 0.00000000000 0.00000000000 0.00000000000 0.00000000000 0.00000000000 0.22265858055
0.01742553379 0.00278023685 0.22264164610 2509.22348778324 0.00000000000 0.00000000000 0.00000000000 0.00000000000 0.00000000000 0.00000000000 0.22265900453
0.01742769521 0.00278278059 0.22264204251 2509.51710983327 0.00000000000 0.00000000000 0.00000000000 0.00000000000 0.00000000000 0.00000000000 0.22265943268
0.01742987755 0.00278530570 0.22264244326 2509.34997944936 0.00000000000 0.00000000000 0.00000000000 0.00000000000 0.00000000000 0.00000000000 0.22265986497
0.01743208066 0.00278781200 0.22264284834 2509.63865367562 0.00000000000 0.00000000000 0.00000000000 0.00000000000 0.00000000000 0.00000000000 0.22266030138
0.01743430440 0.00279029931 0.22264325770 2509.43273644750 0.00000000000 0.00000000000 0.00000000000 0.00000000000 0.00000000000 0.00000000000 0.22266074187
0.01743654858 0.00279276745 0.22264367134 2509.71644786380 0.00000000000 0.00000000000 0.00000000000 0.00000000000 0.00000000000 0.00000000000 0.22266118642
0.01743881307 0.00279521625 0.22264408921 2509.44649569521 0.00000000000 0.00000000000 0.00000000000 0.00000000000 0.00000000000 0.00000000000 0.22266163498
0.01744109770 0.00279764554 0.22264451129 2509.72513124551 0.00000000000 0.00000000000 0.00000000000 0.00000000000 0.00000000000 0.00000000000 0.22266208754
0.01744340230 0.00280005514 0.22264493755 2509.57203129362 0.00000000000 0.00000000000 0.00000000000 0.00000000000 0.00000000000 0.00000000000 0.22266254405
0.01744572672 0.00280244488 0.22264536795 2509.84560224269 0.00000000000 0.00000000000 0.00000000000 0.00000000000 0.00000000000 0.00000000000 0.22266300449
0.01744807079 0.00280481459 0.22264580248 2509.55451551962 0.00000000000 0.00000000000 0.00000000000 0.00000000000 0.00000000000 0.00000000000 0.22266346882
0.01745043434 0.00280716411 0.22264624110 2509.82288964824 0.00000000000 0.00000000000 0.00000000000 0.00000000000 0.00000000000 0.00000000000 0.22266393701
0.01745281720 0.00280949327 0.22264668377 2509.64206492815 0.00000000000 0.00000000000 0.00000000000 0.00000000000 0.00000000000 0.00000000000 0.22266440903
0.01745521922 0.00281180190 0.22264713047 2509.90545212191 0.00000000000 0.00000000000 0.00000000000 0.00000000000 0.00000000000 0.00000000000 0.22266488483
0.01745764021 0.00281408984 0.22264758117 2509.38648819823 0.00000000000 0.00000000000 0.00000000000 0.00000000000 0.00000000000 0.00000000000 0.22266536440
0.01746008000 0.00281635693 0.22264803584 2509.64509623149 0.00000000000 0.00000000000 0.00000000000 0.00000000000 0.00000000000 0.00000000000 0.22266584769
0.01746253843 0.00281860301 0.22264849444 2511.26298532717 0.00000000000 0.00000000000 0.00000000000 0.00000000000 0.00000000000 0.00000000000 0.22266633468
0.01746501532 0.00282082792 0.22264895694 2511.50203480686 0.00000000000 0.00000000000 0.00000000000 0.00000000000 0.00000000000 0.00000000000 0.22266682532
0.01746751051 0.00282303148 0.22264942332 2500.12148989869 0.00000000000 0.00000000000 0.00000000000 0.00000000000 0.00000000000 0.00000000000 0.22266731958
0.01747002378 0.00282521360 0.22264989353 2500.35788825658 0.00000000000 0.00000000000 0.00000000000 0.00000000000 0.00000000000 0.00000000000 0.22266781743
0.01747255492 0.00282737416 0.22265036753 2564.75688714153 0.00000000000 0.00000000000 0.00000000000 0.00000000000 0.00000000000 0.00000000000 0.22266831882
0.01747510395 0.00282951271 0.22265084533 2565.10208299467 0.00000000000 0.00000000000 0.00000000000 0.00000000000 0.00000000000 0.00000000000 0.22266882375
0.01747767091 0.00283162881 0.22265132695 1862.36713029256 0.00000000000 0.00000000000 0.00000000000 0.00000000000 0.00000000000 0.00000000000 0.22266933223
0.01748025316 0.00283372540 0.22265181183 1862.72563999408 0.00000000000 0.00000000000 0.00000000000 0.00000000000 0.00000000000 0.00000000000 0.22266984374
0.01748284809 0.00283580540 0.22265229941 1862.86513784953 0.00000000000 0.00000000000 0.00000000000 0.00000000000 0.00000000000 0.00000000000 0.22267035776
0.01748545569 0.00283786882 0.22265278971 1862.78554183772 0.00000000000 0.00000000000 0.00000000000 0.00000000000 0.00000000000 0.00000000000 0.22267087431
