VARIABLES=
"CoordinateX"
"CoordinateY"
"CoordinateZ"
"Kappa1"
"Kappa2"
"dy"
"dz"
"d2x"
"d2y"
"d2z"
"R"
ZONE T="Konrollpunkte"
I=101, J=1, K=1
0.03585141882 -0.02883251536 0.23810261725 0.00000000000 0.00000000000 0.00000000000 0.00000000000 0.00000000000 0.00000000000 0.00000000000 0.00000000000
0.03580076574 -0.02870532067 0.23811632470 0.00000000000 0.00000000000 0.00000000000 0.00000000000 0.00000000000 0.00000000000 0.00000000000 0.00000000000
0.03572445486 -0.02851463877 0.23813673298 0.00000000000 0.00000000000 0.00000000000 0.00000000000 0.00000000000 0.00000000000 0.00000000000 0.00000000000
0.03562204319 -0.02826062570 0.23816365487 0.00000000000 0.00000000000 0.00000000000 0.00000000000 0.00000000000 0.00000000000 0.00000000000 0.00000000000
0.03554490433 -0.02807022495 0.23818364289 0.00000000000 0.00000000000 0.00000000000 0.00000000000 0.00000000000 0.00000000000 0.00000000000 0.00000000000
0.03546743680 -0.02787993778 0.23820345299 0.00000000000 0.00000000000 0.00000000000 0.00000000000 0.00000000000 0.00000000000 0.00000000000 0.00000000000
0.03538964245 -0.02768976463 0.23822308552 0.00000000000 0.00000000000 0.00000000000 0.00000000000 0.00000000000 0.00000000000 0.00000000000 0.00000000000
0.03531152340 -0.02749970576 0.23824254083 0.00000000000 0.00000000000 0.00000000000 0.00000000000 0.00000000000 0.00000000000 0.00000000000 0.00000000000
0.03523308211 -0.02730976120 0.23826181931 0.00000000000 0.00000000000 0.00000000000 0.00000000000 0.00000000000 0.00000000000 0.00000000000 0.00000000000
0.03515432152 -0.02711993084 0.23828092138 0.00000000000 0.00000000000 0.00000000000 0.00000000000 0.00000000000 0.00000000000 0.00000000000 0.00000000000
0.03507524473 -0.02693021441 0.23829984750 0.00000000000 0.00000000000 0.00000000000 0.00000000000 0.00000000000 0.00000000000 0.00000000000 0.00000000000
0.03499585522 -0.02674061136 0.23831859816 0.00000000000 0.00000000000 0.00000000000 0.00000000000 0.00000000000 0.00000000000 0.00000000000 0.00000000000
0.03491615668 -0.02655112089 0.23833717388 0.00000000000 0.00000000000 0.00000000000 0.00000000000 0.00000000000 0.00000000000 0.00000000000 0.00000000000
0.03483615299 -0.02636174196 0.23835557520 0.00000000000 0.00000000000 0.00000000000 0.00000000000 0.00000000000 0.00000000000 0.00000000000 0.00000000000
0.03475584824 -0.02617247322 0.23837380273 0.00000000000 0.00000000000 0.00000000000 0.00000000000 0.00000000000 0.00000000000 0.00000000000 0.00000000000
0.03467524660 -0.02598331315 0.23839185705 0.00000000000 0.00000000000 0.00000000000 0.00000000000 0.00000000000 0.00000000000 0.00000000000 0.00000000000
0.03459435258 -0.02579425965 0.23840973886 0.00000000000 0.00000000000 0.00000000000 0.00000000000 0.00000000000 0.00000000000 0.00000000000 0.00000000000
0.03451316860 -0.02560531185 0.23842744860 0.00000000000 0.00000000000 0.00000000000 0.00000000000 0.00000000000 0.00000000000 0.00000000000 0.00000000000
0.03443169352 -0.02541647127 0.23844498638 0.00000000000 0.00000000000 0.00000000000 0.00000000000 0.00000000000 0.00000000000 0.00000000000 0.00000000000
0.03434992488 -0.02522773982 0.23846235220 0.00000000000 0.00000000000 0.00000000000 0.00000000000 0.00000000000 0.00000000000 0.00000000000 0.00000000000
0.03426785968 -0.02503911926 0.23847954607 0.00000000000 0.00000000000 0.00000000000 0.00000000000 0.00000000000 0.00000000000 0.00000000000 0.00000000000
0.03418549405 -0.02485061168 0.23849656796 0.00000000000 0.00000000000 0.00000000000 0.00000000000 0.00000000000 0.00000000000 0.00000000000 0.00000000000
0.03410282361 -0.02466221930 0.23851341780 0.00000000000 0.00000000000 0.00000000000 0.00000000000 0.00000000000 0.00000000000 0.00000000000 0.00000000000
0.03401984310 -0.02447394479 0.23853009544 0.00000000000 0.00000000000 0.00000000000 0.00000000000 0.00000000000 0.00000000000 0.00000000000 0.00000000000
0.03393654681 -0.02428579117 0.23854660071 0.00000000000 0.00000000000 0.00000000000 0.00000000000 0.00000000000 0.00000000000 0.00000000000 0.00000000000
0.03385292825 -0.02409776196 0.23856293337 0.00000000000 0.00000000000 0.00000000000 0.00000000000 0.00000000000 0.00000000000 0.00000000000 0.00000000000
0.03376898026 -0.02390986118 0.23857909310 0.00000000000 0.00000000000 0.00000000000 0.00000000000 0.00000000000 0.00000000000 0.00000000000 0.00000000000
0.03368469561 -0.02372209334 0.23859506240 0.00000000000 0.00000000000 0.00000000000 0.00000000000 0.00000000000 0.00000000000 0.00000000000 0.00000000000
0.03360006698 -0.02353446378 0.23861079464 0.00000000000 0.00000000000 0.00000000000 0.00000000000 0.00000000000 0.00000000000 0.00000000000 0.00000000000
0.03351508561 -0.02334697659 0.23862635255 0.00000000000 0.00000000000 0.00000000000 0.00000000000 0.00000000000 0.00000000000 0.00000000000 0.00000000000
0.03342974760 -0.02315963385 0.23864173616 0.00000000000 0.00000000000 0.00000000000 0.00000000000 0.00000000000 0.00000000000 0.00000000000 0.00000000000
0.03334404973 -0.02297243745 0.23865694555 0.00000000000 0.00000000000 0.00000000000 0.00000000000 0.00000000000 0.00000000000 0.00000000000 0.00000000000
0.03325798879 -0.02278538949 0.23867198080 0.00000000000 0.00000000000 0.00000000000 0.00000000000 0.00000000000 0.00000000000 0.00000000000 0.00000000000
0.03317156182 -0.02259849200 0.23868684200 0.00000000000 0.00000000000 0.00000000000 0.00000000000 0.00000000000 0.00000000000 0.00000000000 0.00000000000
0.03308476619 -0.02241174702 0.23870152925 0.00000000000 0.00000000000 0.00000000000 0.00000000000 0.00000000000 0.00000000000 0.00000000000 0.00000000000
0.03299759936 -0.02222515658 0.23871604267 0.00000000000 0.00000000000 0.00000000000 0.00000000000 0.00000000000 0.00000000000 0.00000000000 0.00000000000
0.03291005909 -0.02203872267 0.23873038239 0.00000000000 0.00000000000 0.00000000000 0.00000000000 0.00000000000 0.00000000000 0.00000000000 0.00000000000
0.03282214339 -0.02185244719 0.23874454858 0.00000000000 0.00000000000 0.00000000000 0.00000000000 0.00000000000 0.00000000000 0.00000000000 0.00000000000
0.03273385033 -0.02166633200 0.23875854140 0.00000000000 0.00000000000 0.00000000000 0.00000000000 0.00000000000 0.00000000000 0.00000000000 0.00000000000
0.03264517840 -0.02148037877 0.23877236105 0.00000000000 0.00000000000 0.00000000000 0.00000000000 0.00000000000 0.00000000000 0.00000000000 0.00000000000
0.03255612605 -0.02129458915 0.23878600774 0.00000000000 0.00000000000 0.00000000000 0.00000000000 0.00000000000 0.00000000000 0.00000000000 0.00000000000
0.03246669202 -0.02110896466 0.23879948172 0.00000000000 0.00000000000 0.00000000000 0.00000000000 0.00000000000 0.00000000000 0.00000000000 0.00000000000
0.03237687465 -0.02092350719 0.23881278317 0.00000000000 0.00000000000 0.00000000000 0.00000000000 0.00000000000 0.00000000000 0.00000000000 0.00000000000
0.03228667231 -0.02073821855 0.23882591230 0.00000000000 0.00000000000 0.00000000000 0.00000000000 0.00000000000 0.00000000000 0.00000000000 0.00000000000
0.03219608315 -0.02055310049 0.23883886932 0.00000000000 0.00000000000 0.00000000000 0.00000000000 0.00000000000 0.00000000000 0.00000000000 0.00000000000
0.03210510528 -0.02036815478 0.23885165444 0.00000000000 0.00000000000 0.00000000000 0.00000000000 0.00000000000 0.00000000000 0.00000000000 0.00000000000
0.03201373680 -0.02018338316 0.23886426788 0.00000000000 0.00000000000 0.00000000000 0.00000000000 0.00000000000 0.00000000000 0.00000000000 0.00000000000
0.03192197568 -0.01999878757 0.23887670984 0.00000000000 0.00000000000 0.00000000000 0.00000000000 0.00000000000 0.00000000000 0.00000000000 0.00000000000
0.03182981998 -0.01981436994 0.23888898052 0.00000000000 0.00000000000 0.00000000000 0.00000000000 0.00000000000 0.00000000000 0.00000000000 0.00000000000
0.03173726767 -0.01963013246 0.23890108013 0.00000000000 0.00000000000 0.00000000000 0.00000000000 0.00000000000 0.00000000000 0.00000000000 0.00000000000
0.03164431674 -0.01944607741 0.23891300884 0.00000000000 0.00000000000 0.00000000000 0.00000000000 0.00000000000 0.00000000000 0.00000000000 0.00000000000
0.03155096534 -0.01926220713 0.23892476686 0.00000000000 0.00000000000 0.00000000000 0.00000000000 0.00000000000 0.00000000000 0.00000000000 0.00000000000
0.03145721100 -0.01907852445 0.23893635433 0.00000000000 0.00000000000 0.00000000000 0.00000000000 0.00000000000 0.00000000000 0.00000000000 0.00000000000
0.03136305314 -0.01889503144 0.23894777153 0.00000000000 0.00000000000 0.00000000000 0.00000000000 0.00000000000 0.00000000000 0.00000000000 0.00000000000
0.03126849501 -0.01871172814 0.23895901901 0.00000000000 0.00000000000 0.00000000000 0.00000000000 0.00000000000 0.00000000000 0.00000000000 0.00000000000
0.03117354066 -0.01852861388 0.23897009744 0.00000000000 0.00000000000 0.00000000000 0.00000000000 0.00000000000 0.00000000000 0.00000000000 0.00000000000
0.03107819393 -0.01834568804 0.23898100744 0.00000000000 0.00000000000 0.00000000000 0.00000000000 0.00000000000 0.00000000000 0.00000000000 0.00000000000
0.03098245864 -0.01816294987 0.23899174967 0.00000000000 0.00000000000 0.00000000000 0.00000000000 0.00000000000 0.00000000000 0.00000000000 0.00000000000
0.03088633881 -0.01798039869 0.23900231858 0.00000000000 0.00000000000 0.00000000000 0.00000000000 0.00000000000 0.00000000000 0.00000000000 0.00000000000
0.03078984052 -0.01779803366 0.23901265127 0.00000000000 0.00000000000 0.00000000000 0.00000000000 0.00000000000 0.00000000000 0.00000000000 0.00000000000
0.03069296514 -0.01761585409 0.23902281779 0.00000000000 0.00000000000 0.00000000000 0.00000000000 0.00000000000 0.00000000000 0.00000000000 0.00000000000
0.03059571673 -0.01743385908 0.23903281879 0.00000000000 0.00000000000 0.00000000000 0.00000000000 0.00000000000 0.00000000000 0.00000000000 0.00000000000
0.03049809892 -0.01725204787 0.23904265491 0.00000000000 0.00000000000 0.00000000000 0.00000000000 0.00000000000 0.00000000000 0.00000000000 0.00000000000
0.03040011586 -0.01707041953 0.23905232677 0.00000000000 0.00000000000 0.00000000000 0.00000000000 0.00000000000 0.00000000000 0.00000000000 0.00000000000
0.03030177113 -0.01688897332 0.23906183500 0.00000000000 0.00000000000 0.00000000000 0.00000000000 0.00000000000 0.00000000000 0.00000000000 0.00000000000
0.03020306913 -0.01670770838 0.23907118025 0.00000000000 0.00000000000 0.00000000000 0.00000000000 0.00000000000 0.00000000000 0.00000000000 0.00000000000
0.03010401554 -0.01652662302 0.23908036326 0.00000000000 0.00000000000 0.00000000000 0.00000000000 0.00000000000 0.00000000000 0.00000000000 0.00000000000
0.03000461661 -0.01634571529 0.23908938480 0.00000000000 0.00000000000 0.00000000000 0.00000000000 0.00000000000 0.00000000000 0.00000000000 0.00000000000
0.02990487851 -0.01616498307 0.23909824565 0.00000000000 0.00000000000 0.00000000000 0.00000000000 0.00000000000 0.00000000000 0.00000000000 0.00000000000
0.02980480714 -0.01598442417 0.23910694657 0.00000000000 0.00000000000 0.00000000000 0.00000000000 0.00000000000 0.00000000000 0.00000000000 0.00000000000
0.02970440848 -0.01580403618 0.23911548835 0.00000000000 0.00000000000 0.00000000000 0.00000000000 0.00000000000 0.00000000000 0.00000000000 0.00000000000
0.02960368837 -0.01562381662 0.23912387175 0.00000000000 0.00000000000 0.00000000000 0.00000000000 0.00000000000 0.00000000000 0.00000000000 0.00000000000
0.02950265260 -0.01544376301 0.23913209752 0.00000000000 0.00000000000 0.00000000000 0.00000000000 0.00000000000 0.00000000000 0.00000000000 0.00000000000
0.02940130708 -0.01526387287 0.23914016642 0.00000000000 0.00000000000 0.00000000000 0.00000000000 0.00000000000 0.00000000000 0.00000000000 0.00000000000
0.02929965763 -0.01508414386 0.23914807918 0.00000000000 0.00000000000 0.00000000000 0.00000000000 0.00000000000 0.00000000000 0.00000000000 0.00000000000
0.02919771028 -0.01490457370 0.23915583653 0.00000000000 0.00000000000 0.00000000000 0.00000000000 0.00000000000 0.00000000000 0.00000000000 0.00000000000
0.02909547082 -0.01472516020 0.23916343917 0.00000000000 0.00000000000 0.00000000000 0.00000000000 0.00000000000 0.00000000000 0.00000000000 0.00000000000
0.02899294546 -0.01454590113 0.23917088783 0.00000000000 0.00000000000 0.00000000000 0.00000000000 0.00000000000 0.00000000000 0.00000000000 0.00000000000
0.02889014246 -0.01436679288 0.23917818337 0.00000000000 0.00000000000 0.00000000000 0.00000000000 0.00000000000 0.00000000000 0.00000000000 0.00000000000
0.02878707124 -0.01418783095 0.23918532672 0.00000000000 0.00000000000 0.00000000000 0.00000000000 0.00000000000 0.00000000000 0.00000000000 0.00000000000
0.02868374124 -0.01400901073 0.23919231883 0.00000000000 0.00000000000 0.00000000000 0.00000000000 0.00000000000 0.00000000000 0.00000000000 0.00000000000
0.02858016148 -0.01383032770 0.23919916060 0.00000000000 0.00000000000 0.00000000000 0.00000000000 0.00000000000 0.00000000000 0.00000000000 0.00000000000
0.02847634143 -0.01365177742 0.23920585292 0.00000000000 0.00000000000 0.00000000000 0.00000000000 0.00000000000 0.00000000000 0.00000000000 0.00000000000
0.02837229040 -0.01347335533 0.23921239669 0.00000000000 0.00000000000 0.00000000000 0.00000000000 0.00000000000 0.00000000000 0.00000000000 0.00000000000
0.02826801760 -0.01329505712 0.23921879276 0.00000000000 0.00000000000 0.00000000000 0.00000000000 0.00000000000 0.00000000000 0.00000000000 0.00000000000
0.02816353251 -0.01311687797 0.23922504201 0.00000000000 0.00000000000 0.00000000000 0.00000000000 0.00000000000 0.00000000000 0.00000000000 0.00000000000
0.02805884459 -0.01293881332 0.23923112782 0.00000000000 0.00000000000 0.00000000000 0.00000000000 0.00000000000 0.00000000000 0.00000000000 0.00000000000
0.02795396435 -0.01276085807 0.23923701759 0.00000000000 0.00000000000 0.00000000000 0.00000000000 0.00000000000 0.00000000000 0.00000000000 0.00000000000
0.02784889881 -0.01258300720 0.23924276293 0.00000000000 0.00000000000 0.00000000000 0.00000000000 0.00000000000 0.00000000000 0.00000000000 0.00000000000
0.02774365703 -0.01240525542 0.23924836467 0.00000000000 0.00000000000 0.00000000000 0.00000000000 0.00000000000 0.00000000000 0.00000000000 0.00000000000
0.02763824561 -0.01222759855 0.23925382350 0.00000000000 0.00000000000 0.00000000000 0.00000000000 0.00000000000 0.00000000000 0.00000000000 0.00000000000
0.02753266930 -0.01205003364 0.23925913995 0.00000000000 0.00000000000 0.00000000000 0.00000000000 0.00000000000 0.00000000000 0.00000000000 0.00000000000
0.02742693318 -0.01187255754 0.23926431456 0.00000000000 0.00000000000 0.00000000000 0.00000000000 0.00000000000 0.00000000000 0.00000000000 0.00000000000
0.02732104186 -0.01169516668 0.23926934789 0.00000000000 0.00000000000 0.00000000000 0.00000000000 0.00000000000 0.00000000000 0.00000000000 0.00000000000
0.02721499783 -0.01151785360 0.23927424057 0.00000000000 0.00000000000 0.00000000000 0.00000000000 0.00000000000 0.00000000000 0.00000000000 0.00000000000
0.02710880607 -0.01134061520 0.23927899310 0.00000000000 0.00000000000 0.00000000000 0.00000000000 0.00000000000 0.00000000000 0.00000000000 0.00000000000
0.02700246367 -0.01116343545 0.23928360632 0.00000000000 0.00000000000 0.00000000000 0.00000000000 0.00000000000 0.00000000000 0.00000000000 0.00000000000
0.02689597991 -0.01098631782 0.23928808051 0.00000000000 0.00000000000 0.00000000000 0.00000000000 0.00000000000 0.00000000000 0.00000000000 0.00000000000
0.02675392009 -0.01075040631 0.23929382827 0.00000000000 0.00000000000 0.00000000000 0.00000000000 0.00000000000 0.00000000000 0.00000000000 0.00000000000
0.02664718093 -0.01057356214 0.23929797570 0.00000000000 0.00000000000 0.00000000000 0.00000000000 0.00000000000 0.00000000000 0.00000000000 0.00000000000
0.02657602497 -0.01045584000 0.23930066055 0.00000000000 0.00000000000 0.00000000000 0.00000000000 0.00000000000 0.00000000000 0.00000000000 0.00000000000
ZONE T="NURB"
I=201, J=1, K=1
0.03585141882 -0.02883251536 0.23810261725 8.94584618464 0.00000000000 0.00000000000 0.00000000000 0.00000000000 0.00000000000 0.00000000000 0.23984196939
0.03581338025 -0.02873711475 0.23811288079 8.93752241993 0.00000000000 0.00000000000 0.00000000000 0.00000000000 0.00000000000 0.00000000000 0.23984070914
0.03577525886 -0.02864174215 0.23812310659 8.92953945248 0.00000000000 0.00000000000 0.00000000000 0.00000000000 0.00000000000 0.00000000000 0.23983945314
0.03573705459 -0.02854639781 0.23813329518 8.92189805904 0.00000000000 0.00000000000 0.00000000000 0.00000000000 0.00000000000 0.00000000000 0.23983820192
0.03569876741 -0.02845108199 0.23814344708 8.91477837617 0.00000000000 0.00000000000 0.00000000000 0.00000000000 0.00000000000 0.00000000000 0.23983695598
0.03566039731 -0.02835579483 0.23815356149 9.16252007728 0.00000000000 0.00000000000 0.00000000000 0.00000000000 0.00000000000 0.00000000000 0.23983571451
0.03562194452 -0.02826053588 0.23816363236 9.45436081191 0.00000000000 0.00000000000 0.00000000000 0.00000000000 0.00000000000 0.00000000000 0.23983447139
0.03558340930 -0.02816530474 0.23817365408 9.30743192410 0.00000000000 0.00000000000 0.00000000000 0.00000000000 0.00000000000 0.00000000000 0.23983322099
0.03554479179 -0.02807010166 0.23818362810 9.16838812892 0.00000000000 0.00000000000 0.00000000000 0.00000000000 0.00000000000 0.00000000000 0.23983196472
0.03550609213 -0.02797492698 0.23819355710 9.15015141335 0.00000000000 0.00000000000 0.00000000000 0.00000000000 0.00000000000 0.00000000000 0.23983070526
0.03546731051 -0.02787978080 0.23820344164 9.13191787257 0.00000000000 0.00000000000 0.00000000000 0.00000000000 0.00000000000 0.00000000000 0.23982944312
0.03542844716 -0.02778466311 0.23821328177 9.10957339418 0.00000000000 0.00000000000 0.00000000000 0.00000000000 0.00000000000 0.00000000000 0.23982817832
0.03538950234 -0.02768957396 0.23822307754 9.08723859290 0.00000000000 0.00000000000 0.00000000000 0.00000000000 0.00000000000 0.00000000000 0.23982691088
0.03535047630 -0.02759451334 0.23823282900 9.06122876097 0.00000000000 0.00000000000 0.00000000000 0.00000000000 0.00000000000 0.00000000000 0.23982564078
0.03531136934 -0.02749948125 0.23824253618 9.03522213539 0.00000000000 0.00000000000 0.00000000000 0.00000000000 0.00000000000 0.00000000000 0.23982436806
0.03527218179 -0.02740447767 0.23825219915 9.00371845567 0.00000000000 0.00000000000 0.00000000000 0.00000000000 0.00000000000 0.00000000000 0.23982309271
0.03523291397 -0.02730950260 0.23826181796 8.97223214177 0.00000000000 0.00000000000 0.00000000000 0.00000000000 0.00000000000 0.00000000000 0.23982181475
0.03519356627 -0.02721455599 0.23827139267 8.93837130359 0.00000000000 0.00000000000 0.00000000000 0.00000000000 0.00000000000 0.00000000000 0.23982053419
0.03515413906 -0.02711963780 0.23828092332 8.90451878672 0.00000000000 0.00000000000 0.00000000000 0.00000000000 0.00000000000 0.00000000000 0.23981925105
0.03511463273 -0.02702474798 0.23829040998 8.86573909825 0.00000000000 0.00000000000 0.00000000000 0.00000000000 0.00000000000 0.00000000000 0.23981796532
0.03507504771 -0.02692988646 0.23829985271 8.82697753364 0.00000000000 0.00000000000 0.00000000000 0.00000000000 0.00000000000 0.00000000000 0.23981667704
0.03503538443 -0.02683505317 0.23830925157 8.78553488919 0.00000000000 0.00000000000 0.00000000000 0.00000000000 0.00000000000 0.00000000000 0.23981538621
0.03499564336 -0.02674024801 0.23831860663 8.74410964851 0.00000000000 0.00000000000 0.00000000000 0.00000000000 0.00000000000 0.00000000000 0.23981409285
0.03495582495 -0.02664547087 0.23832791795 8.69957526757 0.00000000000 0.00000000000 0.00000000000 0.00000000000 0.00000000000 0.00000000000 0.23981279697
0.03491592970 -0.02655072164 0.23833718559 8.65505761093 0.00000000000 0.00000000000 0.00000000000 0.00000000000 0.00000000000 0.00000000000 0.23981149859
0.03487595808 -0.02645600019 0.23834640964 8.60718764037 0.00000000000 0.00000000000 0.00000000000 0.00000000000 0.00000000000 0.00000000000 0.23981019773
0.03483591063 -0.02636130639 0.23835559015 8.55934759410 0.00000000000 0.00000000000 0.00000000000 0.00000000000 0.00000000000 0.00000000000 0.23980889439
0.03479578786 -0.02626664007 0.23836472720 8.51014035084 0.00000000000 0.00000000000 0.00000000000 0.00000000000 0.00000000000 0.00000000000 0.23980758861
0.03475559031 -0.02617200108 0.23837382086 8.46094252569 0.00000000000 0.00000000000 0.00000000000 0.00000000000 0.00000000000 0.00000000000 0.23980628039
0.03471531851 -0.02607738925 0.23838287121 8.40622761022 0.00000000000 0.00000000000 0.00000000000 0.00000000000 0.00000000000 0.00000000000 0.23980496975
0.03467497303 -0.02598280435 0.23839187833 8.35169178439 0.00000000000 0.00000000000 0.00000000000 0.00000000000 0.00000000000 0.00000000000 0.23980365672
0.03463455441 -0.02588824617 0.23840084229 8.32229172012 0.00000000000 0.00000000000 0.00000000000 0.00000000000 0.00000000000 0.00000000000 0.23980234130
0.03459406300 -0.02579371461 0.23840976316 8.29316625031 0.00000000000 0.00000000000 0.00000000000 0.00000000000 0.00000000000 0.00000000000 0.23980102352
0.03455349903 -0.02569920961 0.23841864098 8.30907411292 0.00000000000 0.00000000000 0.00000000000 0.00000000000 0.00000000000 0.00000000000 0.23979970338
0.03451286244 -0.02560473133 0.23842747577 8.32510801710 0.00000000000 0.00000000000 0.00000000000 0.00000000000 0.00000000000 0.00000000000 0.23979838087
0.03447215306 -0.02551027996 0.23843626754 8.35554150351 0.00000000000 0.00000000000 0.00000000000 0.00000000000 0.00000000000 0.00000000000 0.23979705599
0.03443137060 -0.02541585572 0.23844501630 8.38605428724 0.00000000000 0.00000000000 0.00000000000 0.00000000000 0.00000000000 0.00000000000 0.23979572874
0.03439051474 -0.02532145887 0.23845372205 8.42088669598 0.00000000000 0.00000000000 0.00000000000 0.00000000000 0.00000000000 0.00000000000 0.23979439909
0.03434958513 -0.02522708962 0.23846238478 8.45583943632 0.00000000000 0.00000000000 0.00000000000 0.00000000000 0.00000000000 0.00000000000 0.23979306705
0.03430858137 -0.02513274820 0.23847100450 8.50129286269 0.00000000000 0.00000000000 0.00000000000 0.00000000000 0.00000000000 0.00000000000 0.23979173259
0.03426750300 -0.02503843488 0.23847958121 8.54685474726 0.00000000000 0.00000000000 0.00000000000 0.00000000000 0.00000000000 0.00000000000 0.23979039571
0.03422634954 -0.02494414995 0.23848811489 8.59746020454 0.00000000000 0.00000000000 0.00000000000 0.00000000000 0.00000000000 0.00000000000 0.23978905638
0.03418512045 -0.02484989369 0.23849660554 8.64822903016 0.00000000000 0.00000000000 0.00000000000 0.00000000000 0.00000000000 0.00000000000 0.23978771459
0.03414381517 -0.02475566640 0.23850505314 8.70978116153 0.00000000000 0.00000000000 0.00000000000 0.00000000000 0.00000000000 0.00000000000 0.23978637032
0.03410243307 -0.02466146844 0.23851345768 8.77149010918 0.00000000000 0.00000000000 0.00000000000 0.00000000000 0.00000000000 0.00000000000 0.23978502355
0.03406097350 -0.02456730015 0.23852181914 8.83909691708 0.00000000000 0.00000000000 0.00000000000 0.00000000000 0.00000000000 0.00000000000 0.23978367426
0.03401943576 -0.02447316193 0.23853013750 8.90691591012 0.00000000000 0.00000000000 0.00000000000 0.00000000000 0.00000000000 0.00000000000 0.23978232243
0.03397781911 -0.02437905416 0.23853841272 8.98485737971 0.00000000000 0.00000000000 0.00000000000 0.00000000000 0.00000000000 0.00000000000 0.23978096802
0.03393612277 -0.02428497729 0.23854664480 9.06303059617 0.00000000000 0.00000000000 0.00000000000 0.00000000000 0.00000000000 0.00000000000 0.23977961103
0.03389434591 -0.02419093177 0.23855483368 9.14978891132 0.00000000000 0.00000000000 0.00000000000 0.00000000000 0.00000000000 0.00000000000 0.23977825141
0.03385248765 -0.02409691808 0.23856297933 9.23757229384 0.00000000000 0.00000000000 0.00000000000 0.00000000000 0.00000000000 0.00000000000 0.23977688915
0.03381054710 -0.02400293675 0.23857108136 9.41726607295 0.00000000000 0.00000000000 0.00000000000 0.00000000000 0.00000000000 0.00000000000 0.23977552384
0.03376852333 -0.02390898830 0.23857913791 9.60057724138 0.00000000000 0.00000000000 0.00000000000 0.00000000000 0.00000000000 0.00000000000 0.23977415367
0.03372641545 -0.02381507331 0.23858714618 9.95639106294 0.00000000000 0.00000000000 0.00000000000 0.00000000000 0.00000000000 0.00000000000 0.23977277585
0.03368422253 -0.02372119242 0.23859510092 10.32316109174 0.00000000000 0.00000000000 0.00000000000 0.00000000000 0.00000000000 0.00000000000 0.23977138518
0.03364194362 -0.02362734626 0.23860299865 10.04571938284 0.00000000000 0.00000000000 0.00000000000 0.00000000000 0.00000000000 0.00000000000 0.23976997822
0.03359957766 -0.02353353536 0.23861084501 9.81902885013 0.00000000000 0.00000000000 0.00000000000 0.00000000000 0.00000000000 0.00000000000 0.23976856058
0.03355712366 -0.02343976019 0.23861864649 9.86574523695 0.00000000000 0.00000000000 0.00000000000 0.00000000000 0.00000000000 0.00000000000 0.23976713872
0.03351458104 -0.02334602106 0.23862640436 9.91241837694 0.00000000000 0.00000000000 0.00000000000 0.00000000000 0.00000000000 0.00000000000 0.23976571389
0.03347194933 -0.02325231825 0.23863411863 9.95136731563 0.00000000000 0.00000000000 0.00000000000 0.00000000000 0.00000000000 0.00000000000 0.23976428608
0.03342922812 -0.02315865202 0.23864178931 9.99035625755 0.00000000000 0.00000000000 0.00000000000 0.00000000000 0.00000000000 0.00000000000 0.23976285527
0.03338641703 -0.02306502264 0.23864941640 10.03009078589 0.00000000000 0.00000000000 0.00000000000 0.00000000000 0.00000000000 0.00000000000 0.23976142145
0.03334351566 -0.02297143038 0.23865699991 10.06983346495 0.00000000000 0.00000000000 0.00000000000 0.00000000000 0.00000000000 0.00000000000 0.23975998461
0.03330052363 -0.02287787552 0.23866453985 10.10669487863 0.00000000000 0.00000000000 0.00000000000 0.00000000000 0.00000000000 0.00000000000 0.23975854473
0.03325744057 -0.02278435833 0.23867203623 10.14355897549 0.00000000000 0.00000000000 0.00000000000 0.00000000000 0.00000000000 0.00000000000 0.23975710180
0.03321426613 -0.02269087909 0.23867948907 10.17768120798 0.00000000000 0.00000000000 0.00000000000 0.00000000000 0.00000000000 0.00000000000 0.23975565582
0.03317099997 -0.02259743806 0.23868689836 10.21181882863 0.00000000000 0.00000000000 0.00000000000 0.00000000000 0.00000000000 0.00000000000 0.23975420676
0.03312764178 -0.02250403550 0.23869426414 10.24422807102 0.00000000000 0.00000000000 0.00000000000 0.00000000000 0.00000000000 0.00000000000 0.23975275461
0.03308419124 -0.02241067168 0.23870158640 10.27663936861 0.00000000000 0.00000000000 0.00000000000 0.00000000000 0.00000000000 0.00000000000 0.23975129938
0.03304064804 -0.02231734686 0.23870886516 10.30659564689 0.00000000000 0.00000000000 0.00000000000 0.00000000000 0.00000000000 0.00000000000 0.23974984104
0.03299701191 -0.02222406129 0.23871610045 10.33654440738 0.00000000000 0.00000000000 0.00000000000 0.00000000000 0.00000000000 0.00000000000 0.23974837959
0.03295328257 -0.02213081522 0.23872329228 10.36319652943 0.00000000000 0.00000000000 0.00000000000 0.00000000000 0.00000000000 0.00000000000 0.23974691502
0.03290945976 -0.02203760890 0.23873044067 10.38986708722 0.00000000000 0.00000000000 0.00000000000 0.00000000000 0.00000000000 0.00000000000 0.23974544732
0.03286554326 -0.02194444257 0.23873754564 10.41582482336 0.00000000000 0.00000000000 0.00000000000 0.00000000000 0.00000000000 0.00000000000 0.23974397648
0.03282153281 -0.02185131647 0.23874460720 10.44174743250 0.00000000000 0.00000000000 0.00000000000 0.00000000000 0.00000000000 0.00000000000 0.23974250249
0.03277742819 -0.02175823083 0.23875162539 10.46266684257 0.00000000000 0.00000000000 0.00000000000 0.00000000000 0.00000000000 0.00000000000 0.23974102535
0.03273322920 -0.02166518586 0.23875860022 10.48361258692 0.00000000000 0.00000000000 0.00000000000 0.00000000000 0.00000000000 0.00000000000 0.23973954505
0.03268893567 -0.02157218180 0.23876553173 10.50483169568 0.00000000000 0.00000000000 0.00000000000 0.00000000000 0.00000000000 0.00000000000 0.23973806158
0.03264454741 -0.02147921884 0.23877241993 10.52602663916 0.00000000000 0.00000000000 0.00000000000 0.00000000000 0.00000000000 0.00000000000 0.23973657494
0.03260006422 -0.02138629720 0.23877926486 10.54379732602 0.00000000000 0.00000000000 0.00000000000 0.00000000000 0.00000000000 0.00000000000 0.23973508512
0.03255548595 -0.02129341707 0.23878606655 10.56165887690 0.00000000000 0.00000000000 0.00000000000 0.00000000000 0.00000000000 0.00000000000 0.23973359212
0.03251081244 -0.02120057866 0.23879282502 10.58510213661 0.00000000000 0.00000000000 0.00000000000 0.00000000000 0.00000000000 0.00000000000 0.23973209592
0.03246604349 -0.02110778221 0.23879954029 10.60856709096 0.00000000000 0.00000000000 0.00000000000 0.00000000000 0.00000000000 0.00000000000 0.23973059653
0.03242117890 -0.02101502795 0.23880621240 10.63139638141 0.00000000000 0.00000000000 0.00000000000 0.00000000000 0.00000000000 0.00000000000 0.23972909394
0.03237621847 -0.02092231612 0.23881284137 10.65427588410 0.00000000000 0.00000000000 0.00000000000 0.00000000000 0.00000000000 0.00000000000 0.23972758814
0.03233116200 -0.02082964694 0.23881942722 10.67907735828 0.00000000000 0.00000000000 0.00000000000 0.00000000000 0.00000000000 0.00000000000 0.23972607912
0.03228600927 -0.02073702065 0.23882596998 10.70390619633 0.00000000000 0.00000000000 0.00000000000 0.00000000000 0.00000000000 0.00000000000 0.23972456687
0.03224076004 -0.02064443747 0.23883246968 10.72918304589 0.00000000000 0.00000000000 0.00000000000 0.00000000000 0.00000000000 0.00000000000 0.23972305140
0.03219541410 -0.02055189765 0.23883892634 10.75448244467 0.00000000000 0.00000000000 0.00000000000 0.00000000000 0.00000000000 0.00000000000 0.23972153268
0.03214997122 -0.02045940141 0.23884533999 10.77979256232 0.00000000000 0.00000000000 0.00000000000 0.00000000000 0.00000000000 0.00000000000 0.23972001072
0.03210443116 -0.02036694899 0.23885171066 10.80515175061 0.00000000000 0.00000000000 0.00000000000 0.00000000000 0.00000000000 0.00000000000 0.23971848551
0.03205879369 -0.02027454063 0.23885803836 10.83272298513 0.00000000000 0.00000000000 0.00000000000 0.00000000000 0.00000000000 0.00000000000 0.23971695703
0.03201305858 -0.02018217656 0.23886432314 10.86030479998 0.00000000000 0.00000000000 0.00000000000 0.00000000000 0.00000000000 0.00000000000 0.23971542528
0.03196722557 -0.02008985704 0.23887056500 10.88678861361 0.00000000000 0.00000000000 0.00000000000 0.00000000000 0.00000000000 0.00000000000 0.23971389026
0.03192129443 -0.01999758234 0.23887676399 10.91333023273 0.00000000000 0.00000000000 0.00000000000 0.00000000000 0.00000000000 0.00000000000 0.23971235194
0.03187526492 -0.01990535269 0.23888292012 10.94225551379 0.00000000000 0.00000000000 0.00000000000 0.00000000000 0.00000000000 0.00000000000 0.23971081033
0.03182913680 -0.01981316836 0.23888903342 10.97121403749 0.00000000000 0.00000000000 0.00000000000 0.00000000000 0.00000000000 0.00000000000 0.23970926542
0.03178290980 -0.01972102964 0.23889510392 11.00037122455 0.00000000000 0.00000000000 0.00000000000 0.00000000000 0.00000000000 0.00000000000 0.23970771720
0.03173658367 -0.01962893680 0.23890113163 11.02954531259 0.00000000000 0.00000000000 0.00000000000 0.00000000000 0.00000000000 0.00000000000 0.23970616566
0.03169015818 -0.01953689012 0.23890711659 11.05742314676 0.00000000000 0.00000000000 0.00000000000 0.00000000000 0.00000000000 0.00000000000 0.23970461079
0.03164363308 -0.01944488989 0.23891305882 11.08544939629 0.00000000000 0.00000000000 0.00000000000 0.00000000000 0.00000000000 0.00000000000 0.23970305259
0.03159700812 -0.01935293638 0.23891895835 11.12192825832 0.00000000000 0.00000000000 0.00000000000 0.00000000000 0.00000000000 0.00000000000 0.23970149104
0.03155028300 -0.01926102994 0.23892481519 11.15815703404 0.00000000000 0.00000000000 0.00000000000 0.00000000000 0.00000000000 0.00000000000 0.23969992613
0.03150345744 -0.01916917087 0.23893062937 11.17216623106 0.00000000000 0.00000000000 0.00000000000 0.00000000000 0.00000000000 0.00000000000 0.23969835786
0.03145653133 -0.01907735943 0.23893640092 11.18558113751 0.00000000000 0.00000000000 0.00000000000 0.00000000000 0.00000000000 0.00000000000 0.23969678623
0.03140950467 -0.01898559582 0.23894212989 11.15112507008 0.00000000000 0.00000000000 0.00000000000 0.00000000000 0.00000000000 0.00000000000 0.23969521122
0.03136237777 -0.01889388006 0.23894781634 11.11654436768 0.00000000000 0.00000000000 0.00000000000 0.00000000000 0.00000000000 0.00000000000 0.23969363286
0.03131515106 -0.01880221212 0.23895346034 11.07018064300 0.00000000000 0.00000000000 0.00000000000 0.00000000000 0.00000000000 0.00000000000 0.23969205116
0.03126782501 -0.01871059191 0.23895906198 11.02387513190 0.00000000000 0.00000000000 0.00000000000 0.00000000000 0.00000000000 0.00000000000 0.23969046613
0.03122040012 -0.01861901934 0.23896462134 10.98023064508 0.00000000000 0.00000000000 0.00000000000 0.00000000000 0.00000000000 0.00000000000 0.23968887779
0.03117287689 -0.01852749433 0.23897013851 10.93660516943 0.00000000000 0.00000000000 0.00000000000 0.00000000000 0.00000000000 0.00000000000 0.23968728615
0.03112525577 -0.01843601678 0.23897561355 10.89253010483 0.00000000000 0.00000000000 0.00000000000 0.00000000000 0.00000000000 0.00000000000 0.23968569124
0.03107753725 -0.01834458661 0.23898104655 10.84877866147 0.00000000000 0.00000000000 0.00000000000 0.00000000000 0.00000000000 0.00000000000 0.23968409306
0.03102972181 -0.01825320370 0.23898643746 10.82956330506 0.00000000000 0.00000000000 0.00000000000 0.00000000000 0.00000000000 0.00000000000 0.23968249151
0.03098180994 -0.01816186797 0.23899178572 10.81375715937 0.00000000000 0.00000000000 0.00000000000 0.00000000000 0.00000000000 0.00000000000 0.23968088595
0.03093380219 -0.01807057932 0.23899708939 11.05071117353 0.00000000000 0.00000000000 0.00000000000 0.00000000000 0.00000000000 0.00000000000 0.23967927439
0.03088569928 -0.01797933765 0.23900234176 11.32249094991 0.00000000000 0.00000000000 0.00000000000 0.00000000000 0.00000000000 0.00000000000 0.23967765008
0.03083750187 -0.01788814285 0.23900753785 10.92899599201 0.00000000000 0.00000000000 0.00000000000 0.00000000000 0.00000000000 0.00000000000 0.23967600798
0.03078921021 -0.01779699483 0.23901268373 10.58748206379 0.00000000000 0.00000000000 0.00000000000 0.00000000000 0.00000000000 0.00000000000 0.23967435409
0.03074082454 -0.01770589348 0.23901778667 10.54063653972 0.00000000000 0.00000000000 0.00000000000 0.00000000000 0.00000000000 0.00000000000 0.23967269558
0.03069234531 -0.01761483870 0.23902284814 10.49386757290 0.00000000000 0.00000000000 0.00000000000 0.00000000000 0.00000000000 0.00000000000 0.23967103386
0.03064377300 -0.01752383036 0.23902786822 10.45161143254 0.00000000000 0.00000000000 0.00000000000 0.00000000000 0.00000000000 0.00000000000 0.23966936896
0.03059510809 -0.01743286837 0.23903284700 10.40931397811 0.00000000000 0.00000000000 0.00000000000 0.00000000000 0.00000000000 0.00000000000 0.23966770088
0.03054635103 -0.01734195261 0.23903778455 10.36159268782 0.00000000000 0.00000000000 0.00000000000 0.00000000000 0.00000000000 0.00000000000 0.23966602964
0.03049750234 -0.01725108297 0.23904268096 10.31396897951 0.00000000000 0.00000000000 0.00000000000 0.00000000000 0.00000000000 0.00000000000 0.23966435526
0.03044856250 -0.01716025933 0.23904753630 10.27266342213 0.00000000000 0.00000000000 0.00000000000 0.00000000000 0.00000000000 0.00000000000 0.23966267776
0.03039953198 -0.01706948158 0.23905235065 10.23128425050 0.00000000000 0.00000000000 0.00000000000 0.00000000000 0.00000000000 0.00000000000 0.23966099714
0.03035041123 -0.01697874961 0.23905712409 10.18133156423 0.00000000000 0.00000000000 0.00000000000 0.00000000000 0.00000000000 0.00000000000 0.23965931344
0.03030120078 -0.01688806330 0.23906185671 10.13124194576 0.00000000000 0.00000000000 0.00000000000 0.00000000000 0.00000000000 0.00000000000 0.23965762666
0.03025190121 -0.01679742250 0.23906654858 10.06463100667 0.00000000000 0.00000000000 0.00000000000 0.00000000000 0.00000000000 0.00000000000 0.23965593682
0.03020251317 -0.01670682700 0.23907119981 9.99799978581 0.00000000000 0.00000000000 0.00000000000 0.00000000000 0.00000000000 0.00000000000 0.23965424396
0.03015303739 -0.01661627658 0.23907581048 9.92463466655 0.00000000000 0.00000000000 0.00000000000 0.00000000000 0.00000000000 0.00000000000 0.23965254808
0.03010347463 -0.01652577096 0.23908038068 9.85133009731 0.00000000000 0.00000000000 0.00000000000 0.00000000000 0.00000000000 0.00000000000 0.23965084922
0.03005382565 -0.01643530988 0.23908491053 9.77788200735 0.00000000000 0.00000000000 0.00000000000 0.00000000000 0.00000000000 0.00000000000 0.23964914741
0.03000409122 -0.01634489308 0.23908940012 9.70451383935 0.00000000000 0.00000000000 0.00000000000 0.00000000000 0.00000000000 0.00000000000 0.23964744267
0.02995427210 -0.01625452027 0.23909384954 9.63343102410 0.00000000000 0.00000000000 0.00000000000 0.00000000000 0.00000000000 0.00000000000 0.23964573503
0.02990436903 -0.01616419116 0.23909825889 9.56238567592 0.00000000000 0.00000000000 0.00000000000 0.00000000000 0.00000000000 0.00000000000 0.23964402450
0.02985438274 -0.01607390549 0.23910262827 9.48965301248 0.00000000000 0.00000000000 0.00000000000 0.00000000000 0.00000000000 0.00000000000 0.23964231113
0.02980431398 -0.01598366294 0.23910695777 9.41698479521 0.00000000000 0.00000000000 0.00000000000 0.00000000000 0.00000000000 0.00000000000 0.23964059493
0.02975416350 -0.01589346322 0.23911124750 9.34531076714 0.00000000000 0.00000000000 0.00000000000 0.00000000000 0.00000000000 0.00000000000 0.23963887592
0.02970393203 -0.01580330603 0.23911549754 9.27369278695 0.00000000000 0.00000000000 0.00000000000 0.00000000000 0.00000000000 0.00000000000 0.23963715414
0.02965362029 -0.01571319105 0.23911970800 9.20259580592 0.00000000000 0.00000000000 0.00000000000 0.00000000000 0.00000000000 0.00000000000 0.23963542961
0.02960322903 -0.01562311798 0.23912387896 9.13154615006 0.00000000000 0.00000000000 0.00000000000 0.00000000000 0.00000000000 0.00000000000 0.23963370235
0.02955275895 -0.01553308651 0.23912801052 9.05953008169 0.00000000000 0.00000000000 0.00000000000 0.00000000000 0.00000000000 0.00000000000 0.23963197239
0.02950221081 -0.01544309633 0.23913210279 8.98758834144 0.00000000000 0.00000000000 0.00000000000 0.00000000000 0.00000000000 0.00000000000 0.23963023976
0.02945158534 -0.01535314714 0.23913615584 8.91724798666 0.00000000000 0.00000000000 0.00000000000 0.00000000000 0.00000000000 0.00000000000 0.23962850447
0.02940088326 -0.01526323863 0.23914016977 8.84696174043 0.00000000000 0.00000000000 0.00000000000 0.00000000000 0.00000000000 0.00000000000 0.23962676656
0.02935010530 -0.01517337051 0.23914414468 8.77531411992 0.00000000000 0.00000000000 0.00000000000 0.00000000000 0.00000000000 0.00000000000 0.23962502605
0.02929925220 -0.01508354248 0.23914808066 8.70375876183 0.00000000000 0.00000000000 0.00000000000 0.00000000000 0.00000000000 0.00000000000 0.23962328296
0.02924832471 -0.01499375423 0.23915197779 8.63476534951 0.00000000000 0.00000000000 0.00000000000 0.00000000000 0.00000000000 0.00000000000 0.23962153732
0.02919732354 -0.01490400548 0.23915583617 8.56581799001 0.00000000000 0.00000000000 0.00000000000 0.00000000000 0.00000000000 0.00000000000 0.23961978916
0.02914624942 -0.01481429593 0.23915965589 8.49311591786 0.00000000000 0.00000000000 0.00000000000 0.00000000000 0.00000000000 0.00000000000 0.23961803849
0.02909510309 -0.01472462529 0.23916343704 8.42033530494 0.00000000000 0.00000000000 0.00000000000 0.00000000000 0.00000000000 0.00000000000 0.23961628535
0.02904388538 -0.01463499322 0.23916717970 8.32104033517 0.00000000000 0.00000000000 0.00000000000 0.00000000000 0.00000000000 0.00000000000 0.23961452976
0.02899259725 -0.01454539929 0.23917088399 8.22182295297 0.00000000000 0.00000000000 0.00000000000 0.00000000000 0.00000000000 0.00000000000 0.23961277176
0.02894123976 -0.01445584302 0.23917455002 8.10705067467 0.00000000000 0.00000000000 0.00000000000 0.00000000000 0.00000000000 0.00000000000 0.23961101138
0.02888981406 -0.01436632384 0.23917817790 7.99252286755 0.00000000000 0.00000000000 0.00000000000 0.00000000000 0.00000000000 0.00000000000 0.23960924866
0.02883832130 -0.01427684117 0.23918176775 7.87809239272 0.00000000000 0.00000000000 0.00000000000 0.00000000000 0.00000000000 0.00000000000 0.23960748365
0.02878676267 -0.01418739444 0.23918531969 7.76394985970 0.00000000000 0.00000000000 0.00000000000 0.00000000000 0.00000000000 0.00000000000 0.23960571637
0.02873513933 -0.01409798307 0.23918883384 7.65378187865 0.00000000000 0.00000000000 0.00000000000 0.00000000000 0.00000000000 0.00000000000 0.23960394688
0.02868345240 -0.01400860646 0.23919231030 7.54386970642 0.00000000000 0.00000000000 0.00000000000 0.00000000000 0.00000000000 0.00000000000 0.23960217520
0.02863170302 -0.01391926405 0.23919574920 7.43126363208 0.00000000000 0.00000000000 0.00000000000 0.00000000000 0.00000000000 0.00000000000 0.23960040139
0.02857989236 -0.01382995527 0.23919915064 7.31898575861 0.00000000000 0.00000000000 0.00000000000 0.00000000000 0.00000000000 0.00000000000 0.23959862547
0.02852802159 -0.01374067955 0.23920251474 7.20753560000 0.00000000000 0.00000000000 0.00000000000 0.00000000000 0.00000000000 0.00000000000 0.23959684750
0.02847609185 -0.01365143630 0.23920584161 7.09644313053 0.00000000000 0.00000000000 0.00000000000 0.00000000000 0.00000000000 0.00000000000 0.23959506750
0.02842410431 -0.01356222494 0.23920913135 6.98839464506 0.00000000000 0.00000000000 0.00000000000 0.00000000000 0.00000000000 0.00000000000 0.23959328552
0.02837206010 -0.01347304490 0.23921238409 6.88069726922 0.00000000000 0.00000000000 0.00000000000 0.00000000000 0.00000000000 0.00000000000 0.23959150160
0.02831996036 -0.01338389563 0.23921559992 6.76817514514 0.00000000000 0.00000000000 0.00000000000 0.00000000000 0.00000000000 0.00000000000 0.23958971578
0.02826780628 -0.01329477652 0.23921877895 6.65645656592 0.00000000000 0.00000000000 0.00000000000 0.00000000000 0.00000000000 0.00000000000 0.23958792809
0.02821559901 -0.01320568695 0.23922192093 6.65570225151 0.00000000000 0.00000000000 0.00000000000 0.00000000000 0.00000000000 0.00000000000 0.23958613821
0.02816333975 -0.01311662634 0.23922502414 6.66319264083 0.00000000000 0.00000000000 0.00000000000 0.00000000000 0.00000000000 0.00000000000 0.23958434436
0.02811102969 -0.01302759411 0.23922808618 6.78207593094 0.00000000000 0.00000000000 0.00000000000 0.00000000000 0.00000000000 0.00000000000 0.23958254407
0.02805867013 -0.01293858963 0.23923110328 6.92098075767 0.00000000000 0.00000000000 0.00000000000 0.00000000000 0.00000000000 0.00000000000 0.23958073353
0.02800626230 -0.01284961227 0.23923407316 6.45699298101 0.00000000000 0.00000000000 0.00000000000 0.00000000000 0.00000000000 0.00000000000 0.23957891037
0.02795380716 -0.01276066141 0.23923700052 6.02019594854 0.00000000000 0.00000000000 0.00000000000 0.00000000000 0.00000000000 0.00000000000 0.23957707924
0.02790130563 -0.01267173643 0.23923989073 5.91320227906 0.00000000000 0.00000000000 0.00000000000 0.00000000000 0.00000000000 0.00000000000 0.23957524543
0.02784875882 -0.01258283668 0.23924274496 5.80691999711 0.00000000000 0.00000000000 0.00000000000 0.00000000000 0.00000000000 0.00000000000 0.23957341004
0.02779616781 -0.01249396155 0.23924556331 5.72823510274 0.00000000000 0.00000000000 0.00000000000 0.00000000000 0.00000000000 0.00000000000 0.23957157310
0.02774353349 -0.01240511050 0.23924834586 5.64996936245 0.00000000000 0.00000000000 0.00000000000 0.00000000000 0.00000000000 0.00000000000 0.23956973465
0.02769085665 -0.01231628308 0.23925109269 5.59349282775 0.00000000000 0.00000000000 0.00000000000 0.00000000000 0.00000000000 0.00000000000 0.23956789472
0.02763813795 -0.01222747889 0.23925380387 5.53721808001 0.00000000000 0.00000000000 0.00000000000 0.00000000000 0.00000000000 0.00000000000 0.23956605332
0.02758537800 -0.01213869760 0.23925647946 5.47759242176 0.00000000000 0.00000000000 0.00000000000 0.00000000000 0.00000000000 0.00000000000 0.23956421049
0.02753257744 -0.01204993886 0.23925911955 5.41822791643 0.00000000000 0.00000000000 0.00000000000 0.00000000000 0.00000000000 0.00000000000 0.23956236623
0.02747973694 -0.01196120231 0.23926172418 5.36095736603 0.00000000000 0.00000000000 0.00000000000 0.00000000000 0.00000000000 0.00000000000 0.23956052058
0.02742685713 -0.01187248759 0.23926429344 5.30394131387 0.00000000000 0.00000000000 0.00000000000 0.00000000000 0.00000000000 0.00000000000 0.23955867355
0.02737393860 -0.01178379430 0.23926682737 5.24577576727 0.00000000000 0.00000000000 0.00000000000 0.00000000000 0.00000000000 0.00000000000 0.23955682518
0.02732098187 -0.01169512183 0.23926932607 5.18783499812 0.00000000000 0.00000000000 0.00000000000 0.00000000000 0.00000000000 0.00000000000 0.23955497547
0.02726798745 -0.01160646960 0.23927178958 5.13073341170 0.00000000000 0.00000000000 0.00000000000 0.00000000000 0.00000000000 0.00000000000 0.23955312444
0.02721495608 -0.01151783743 0.23927421799 5.07399738433 0.00000000000 0.00000000000 0.00000000000 0.00000000000 0.00000000000 0.00000000000 0.23955127212
0.02716188831 -0.01142922479 0.23927661135 5.01910659940 0.00000000000 0.00000000000 0.00000000000 0.00000000000 0.00000000000 0.00000000000 0.23954941853
0.02710878377 -0.01134062965 0.23927896976 4.96406794908 0.00000000000 0.00000000000 0.00000000000 0.00000000000 0.00000000000 0.00000000000 0.23954756365
0.02705564202 -0.01125204989 0.23928129334 4.90559267713 0.00000000000 0.00000000000 0.00000000000 0.00000000000 0.00000000000 0.00000000000 0.23954570747
0.02700246345 -0.01116348466 0.23928358215 4.84748751007 0.00000000000 0.00000000000 0.00000000000 0.00000000000 0.00000000000 0.00000000000 0.23954385001
0.02694924976 -0.01107493531 0.23928583576 4.96843205256 0.00000000000 0.00000000000 0.00000000000 0.00000000000 0.00000000000 0.00000000000 0.23954199087
0.02689600730 -0.01098641095 0.23928805173 5.10227812650 0.00000000000 0.00000000000 0.00000000000 0.00000000000 0.00000000000 0.00000000000 0.23954012801
0.02684274127 -0.01089791880 0.23929022872 4.63232705528 0.00000000000 0.00000000000 0.00000000000 0.00000000000 0.00000000000 0.00000000000 0.23953826040
0.02678944770 -0.01080945094 0.23929237181 4.19346471539 0.00000000000 0.00000000000 0.00000000000 0.00000000000 0.00000000000 0.00000000000 0.23953639272
0.02673612268 -0.01072099957 0.23929448649 4.16329617685 0.00000000000 0.00000000000 0.00000000000 0.00000000000 0.00000000000 0.00000000000 0.23953453007
0.02668277187 -0.01063257266 0.23929657330 4.13702233665 0.00000000000 0.00000000000 0.00000000000 0.00000000000 0.00000000000 0.00000000000 0.23953267333
0.02662940328 -0.01054418216 0.23929863155 4.11424434344 0.00000000000 0.00000000000 0.00000000000 0.00000000000 0.00000000000 0.00000000000 0.23953082231
0.02657602497 -0.01045584000 0.23930066055 4.09496236542 0.00000000000 0.00000000000 0.00000000000 0.00000000000 0.00000000000 0.00000000000 0.23952897681
