VARIABLES=
"CoordinateX"
"CoordinateY"
"CoordinateZ"
"Kappa1"
"Kappa2"
"dy"
"dz"
"d2x"
"d2y"
"d2z"
"R"
ZONE T="Konrollpunkte"
I=101, J=1, K=1
0.02483976610 0.00860941219 0.22613236649 0.00000000000 0.00000000000 0.00000000000 0.00000000000 0.00000000000 0.00000000000 0.00000000000 0.00000000000
0.02484338259 0.00861221609 0.22613286834 0.00000000000 0.00000000000 0.00000000000 0.00000000000 0.00000000000 0.00000000000 0.00000000000 0.00000000000
0.02484887922 0.00861632674 0.22613363678 0.00000000000 0.00000000000 0.00000000000 0.00000000000 0.00000000000 0.00000000000 0.00000000000 0.00000000000
0.02485634523 0.00862161230 0.22613469177 0.00000000000 0.00000000000 0.00000000000 0.00000000000 0.00000000000 0.00000000000 0.00000000000 0.00000000000
0.02486201163 0.00862547764 0.22613549797 0.00000000000 0.00000000000 0.00000000000 0.00000000000 0.00000000000 0.00000000000 0.00000000000 0.00000000000
0.02486774325 0.00862924298 0.22613631890 0.00000000000 0.00000000000 0.00000000000 0.00000000000 0.00000000000 0.00000000000 0.00000000000 0.00000000000
0.02487353834 0.00863290719 0.22613715430 0.00000000000 0.00000000000 0.00000000000 0.00000000000 0.00000000000 0.00000000000 0.00000000000 0.00000000000
0.02487939519 0.00863646919 0.22613800395 0.00000000000 0.00000000000 0.00000000000 0.00000000000 0.00000000000 0.00000000000 0.00000000000 0.00000000000
0.02488531203 0.00863992789 0.22613886758 0.00000000000 0.00000000000 0.00000000000 0.00000000000 0.00000000000 0.00000000000 0.00000000000 0.00000000000
0.02489128709 0.00864328226 0.22613974494 0.00000000000 0.00000000000 0.00000000000 0.00000000000 0.00000000000 0.00000000000 0.00000000000 0.00000000000
0.02489731858 0.00864653130 0.22614063578 0.00000000000 0.00000000000 0.00000000000 0.00000000000 0.00000000000 0.00000000000 0.00000000000 0.00000000000
0.02490340469 0.00864967403 0.22614153983 0.00000000000 0.00000000000 0.00000000000 0.00000000000 0.00000000000 0.00000000000 0.00000000000 0.00000000000
0.02490954359 0.00865270950 0.22614245683 0.00000000000 0.00000000000 0.00000000000 0.00000000000 0.00000000000 0.00000000000 0.00000000000 0.00000000000
0.02491573345 0.00865563682 0.22614338651 0.00000000000 0.00000000000 0.00000000000 0.00000000000 0.00000000000 0.00000000000 0.00000000000 0.00000000000
0.02492197241 0.00865845510 0.22614432858 0.00000000000 0.00000000000 0.00000000000 0.00000000000 0.00000000000 0.00000000000 0.00000000000 0.00000000000
0.02492825859 0.00866116350 0.22614528278 0.00000000000 0.00000000000 0.00000000000 0.00000000000 0.00000000000 0.00000000000 0.00000000000 0.00000000000
0.02493459012 0.00866376120 0.22614624881 0.00000000000 0.00000000000 0.00000000000 0.00000000000 0.00000000000 0.00000000000 0.00000000000 0.00000000000
0.02494096509 0.00866624742 0.22614722641 0.00000000000 0.00000000000 0.00000000000 0.00000000000 0.00000000000 0.00000000000 0.00000000000 0.00000000000
0.02494738160 0.00866862142 0.22614821526 0.00000000000 0.00000000000 0.00000000000 0.00000000000 0.00000000000 0.00000000000 0.00000000000 0.00000000000
0.02495383772 0.00867088250 0.22614921509 0.00000000000 0.00000000000 0.00000000000 0.00000000000 0.00000000000 0.00000000000 0.00000000000 0.00000000000
0.02496033151 0.00867302996 0.22615022559 0.00000000000 0.00000000000 0.00000000000 0.00000000000 0.00000000000 0.00000000000 0.00000000000 0.00000000000
0.02496686103 0.00867506317 0.22615124647 0.00000000000 0.00000000000 0.00000000000 0.00000000000 0.00000000000 0.00000000000 0.00000000000 0.00000000000
0.02497342432 0.00867698151 0.22615227743 0.00000000000 0.00000000000 0.00000000000 0.00000000000 0.00000000000 0.00000000000 0.00000000000 0.00000000000
0.02498001941 0.00867878442 0.22615331815 0.00000000000 0.00000000000 0.00000000000 0.00000000000 0.00000000000 0.00000000000 0.00000000000 0.00000000000
0.02498664433 0.00868047134 0.22615436832 0.00000000000 0.00000000000 0.00000000000 0.00000000000 0.00000000000 0.00000000000 0.00000000000 0.00000000000
0.02499329708 0.00868204178 0.22615542764 0.00000000000 0.00000000000 0.00000000000 0.00000000000 0.00000000000 0.00000000000 0.00000000000 0.00000000000
0.02499997568 0.00868349527 0.22615649580 0.00000000000 0.00000000000 0.00000000000 0.00000000000 0.00000000000 0.00000000000 0.00000000000 0.00000000000
0.02500667813 0.00868483136 0.22615757246 0.00000000000 0.00000000000 0.00000000000 0.00000000000 0.00000000000 0.00000000000 0.00000000000 0.00000000000
0.02501340240 0.00868604965 0.22615865731 0.00000000000 0.00000000000 0.00000000000 0.00000000000 0.00000000000 0.00000000000 0.00000000000 0.00000000000
0.02502014649 0.00868714979 0.22615975003 0.00000000000 0.00000000000 0.00000000000 0.00000000000 0.00000000000 0.00000000000 0.00000000000 0.00000000000
0.02502690838 0.00868813144 0.22616085030 0.00000000000 0.00000000000 0.00000000000 0.00000000000 0.00000000000 0.00000000000 0.00000000000 0.00000000000
0.02503368603 0.00868899430 0.22616195777 0.00000000000 0.00000000000 0.00000000000 0.00000000000 0.00000000000 0.00000000000 0.00000000000 0.00000000000
0.02504047742 0.00868973813 0.22616307213 0.00000000000 0.00000000000 0.00000000000 0.00000000000 0.00000000000 0.00000000000 0.00000000000 0.00000000000
0.02504728050 0.00869036269 0.22616419304 0.00000000000 0.00000000000 0.00000000000 0.00000000000 0.00000000000 0.00000000000 0.00000000000 0.00000000000
0.02505409325 0.00869086779 0.22616532016 0.00000000000 0.00000000000 0.00000000000 0.00000000000 0.00000000000 0.00000000000 0.00000000000 0.00000000000
0.02506091361 0.00869125329 0.22616645316 0.00000000000 0.00000000000 0.00000000000 0.00000000000 0.00000000000 0.00000000000 0.00000000000 0.00000000000
0.02506773954 0.00869151907 0.22616759170 0.00000000000 0.00000000000 0.00000000000 0.00000000000 0.00000000000 0.00000000000 0.00000000000 0.00000000000
0.02507456900 0.00869166505 0.22616873543 0.00000000000 0.00000000000 0.00000000000 0.00000000000 0.00000000000 0.00000000000 0.00000000000 0.00000000000
0.02508139993 0.00869169118 0.22616988402 0.00000000000 0.00000000000 0.00000000000 0.00000000000 0.00000000000 0.00000000000 0.00000000000 0.00000000000
0.02508823029 0.00869159747 0.22617103712 0.00000000000 0.00000000000 0.00000000000 0.00000000000 0.00000000000 0.00000000000 0.00000000000 0.00000000000
0.02509505804 0.00869138392 0.22617219438 0.00000000000 0.00000000000 0.00000000000 0.00000000000 0.00000000000 0.00000000000 0.00000000000 0.00000000000
0.02510188112 0.00869105062 0.22617335546 0.00000000000 0.00000000000 0.00000000000 0.00000000000 0.00000000000 0.00000000000 0.00000000000 0.00000000000
0.02510869749 0.00869059765 0.22617452001 0.00000000000 0.00000000000 0.00000000000 0.00000000000 0.00000000000 0.00000000000 0.00000000000 0.00000000000
0.02511550510 0.00869002516 0.22617568767 0.00000000000 0.00000000000 0.00000000000 0.00000000000 0.00000000000 0.00000000000 0.00000000000 0.00000000000
0.02512230191 0.00868933332 0.22617685810 0.00000000000 0.00000000000 0.00000000000 0.00000000000 0.00000000000 0.00000000000 0.00000000000 0.00000000000
0.02512908589 0.00868852233 0.22617803095 0.00000000000 0.00000000000 0.00000000000 0.00000000000 0.00000000000 0.00000000000 0.00000000000 0.00000000000
0.02513585501 0.00868759243 0.22617920585 0.00000000000 0.00000000000 0.00000000000 0.00000000000 0.00000000000 0.00000000000 0.00000000000 0.00000000000
0.02514260722 0.00868654391 0.22618038247 0.00000000000 0.00000000000 0.00000000000 0.00000000000 0.00000000000 0.00000000000 0.00000000000 0.00000000000
0.02514934051 0.00868537708 0.22618156044 0.00000000000 0.00000000000 0.00000000000 0.00000000000 0.00000000000 0.00000000000 0.00000000000 0.00000000000
0.02515605287 0.00868409228 0.22618273940 0.00000000000 0.00000000000 0.00000000000 0.00000000000 0.00000000000 0.00000000000 0.00000000000 0.00000000000
0.02516274226 0.00868268991 0.22618391901 0.00000000000 0.00000000000 0.00000000000 0.00000000000 0.00000000000 0.00000000000 0.00000000000 0.00000000000
0.02516940670 0.00868117038 0.22618509891 0.00000000000 0.00000000000 0.00000000000 0.00000000000 0.00000000000 0.00000000000 0.00000000000 0.00000000000
0.02517604418 0.00867953414 0.22618627874 0.00000000000 0.00000000000 0.00000000000 0.00000000000 0.00000000000 0.00000000000 0.00000000000 0.00000000000
0.02518265271 0.00867778170 0.22618745814 0.00000000000 0.00000000000 0.00000000000 0.00000000000 0.00000000000 0.00000000000 0.00000000000 0.00000000000
0.02518923031 0.00867591357 0.22618863676 0.00000000000 0.00000000000 0.00000000000 0.00000000000 0.00000000000 0.00000000000 0.00000000000 0.00000000000
0.02519577502 0.00867393031 0.22618981424 0.00000000000 0.00000000000 0.00000000000 0.00000000000 0.00000000000 0.00000000000 0.00000000000 0.00000000000
0.02520228485 0.00867183252 0.22619099023 0.00000000000 0.00000000000 0.00000000000 0.00000000000 0.00000000000 0.00000000000 0.00000000000 0.00000000000
0.02520875787 0.00866962083 0.22619216437 0.00000000000 0.00000000000 0.00000000000 0.00000000000 0.00000000000 0.00000000000 0.00000000000 0.00000000000
0.02521519214 0.00866729589 0.22619333630 0.00000000000 0.00000000000 0.00000000000 0.00000000000 0.00000000000 0.00000000000 0.00000000000 0.00000000000
0.02522158572 0.00866485841 0.22619450567 0.00000000000 0.00000000000 0.00000000000 0.00000000000 0.00000000000 0.00000000000 0.00000000000 0.00000000000
0.02522793669 0.00866230912 0.22619567212 0.00000000000 0.00000000000 0.00000000000 0.00000000000 0.00000000000 0.00000000000 0.00000000000 0.00000000000
0.02523424316 0.00865964877 0.22619683531 0.00000000000 0.00000000000 0.00000000000 0.00000000000 0.00000000000 0.00000000000 0.00000000000 0.00000000000
0.02524050323 0.00865687818 0.22619799488 0.00000000000 0.00000000000 0.00000000000 0.00000000000 0.00000000000 0.00000000000 0.00000000000 0.00000000000
0.02524671503 0.00865399816 0.22619915047 0.00000000000 0.00000000000 0.00000000000 0.00000000000 0.00000000000 0.00000000000 0.00000000000 0.00000000000
0.02525287669 0.00865100958 0.22620030174 0.00000000000 0.00000000000 0.00000000000 0.00000000000 0.00000000000 0.00000000000 0.00000000000 0.00000000000
0.02525898636 0.00864791334 0.22620144834 0.00000000000 0.00000000000 0.00000000000 0.00000000000 0.00000000000 0.00000000000 0.00000000000 0.00000000000
0.02526504222 0.00864471036 0.22620258991 0.00000000000 0.00000000000 0.00000000000 0.00000000000 0.00000000000 0.00000000000 0.00000000000 0.00000000000
0.02527104244 0.00864140160 0.22620372612 0.00000000000 0.00000000000 0.00000000000 0.00000000000 0.00000000000 0.00000000000 0.00000000000 0.00000000000
0.02527698523 0.00863798807 0.22620485661 0.00000000000 0.00000000000 0.00000000000 0.00000000000 0.00000000000 0.00000000000 0.00000000000 0.00000000000
0.02528287435 0.00863447077 0.22620594751 0.00000000000 0.00000000000 0.00000000000 0.00000000000 0.00000000000 0.00000000000 0.00000000000 0.00000000000
0.02528870249 0.00863085076 0.22620703199 0.00000000000 0.00000000000 0.00000000000 0.00000000000 0.00000000000 0.00000000000 0.00000000000 0.00000000000
0.02529446784 0.00862712913 0.22620811008 0.00000000000 0.00000000000 0.00000000000 0.00000000000 0.00000000000 0.00000000000 0.00000000000 0.00000000000
0.02530016868 0.00862330699 0.22620918148 0.00000000000 0.00000000000 0.00000000000 0.00000000000 0.00000000000 0.00000000000 0.00000000000 0.00000000000
0.02530580331 0.00861938550 0.22621024584 0.00000000000 0.00000000000 0.00000000000 0.00000000000 0.00000000000 0.00000000000 0.00000000000 0.00000000000
0.02531137002 0.00861536582 0.22621130284 0.00000000000 0.00000000000 0.00000000000 0.00000000000 0.00000000000 0.00000000000 0.00000000000 0.00000000000
0.02531686715 0.00861124915 0.22621235217 0.00000000000 0.00000000000 0.00000000000 0.00000000000 0.00000000000 0.00000000000 0.00000000000 0.00000000000
0.02532229305 0.00860703674 0.22621339349 0.00000000000 0.00000000000 0.00000000000 0.00000000000 0.00000000000 0.00000000000 0.00000000000 0.00000000000
0.02532764609 0.00860272985 0.22621442650 0.00000000000 0.00000000000 0.00000000000 0.00000000000 0.00000000000 0.00000000000 0.00000000000 0.00000000000
0.02533292468 0.00859832976 0.22621545088 0.00000000000 0.00000000000 0.00000000000 0.00000000000 0.00000000000 0.00000000000 0.00000000000 0.00000000000
0.02533812722 0.00859383780 0.22621646631 0.00000000000 0.00000000000 0.00000000000 0.00000000000 0.00000000000 0.00000000000 0.00000000000 0.00000000000
0.02534325216 0.00858925531 0.22621747249 0.00000000000 0.00000000000 0.00000000000 0.00000000000 0.00000000000 0.00000000000 0.00000000000 0.00000000000
0.02534829795 0.00858458366 0.22621846911 0.00000000000 0.00000000000 0.00000000000 0.00000000000 0.00000000000 0.00000000000 0.00000000000 0.00000000000
0.02535326310 0.00857982426 0.22621945587 0.00000000000 0.00000000000 0.00000000000 0.00000000000 0.00000000000 0.00000000000 0.00000000000 0.00000000000
0.02535814610 0.00857497854 0.22622043245 0.00000000000 0.00000000000 0.00000000000 0.00000000000 0.00000000000 0.00000000000 0.00000000000 0.00000000000
0.02536294549 0.00857004793 0.22622139858 0.00000000000 0.00000000000 0.00000000000 0.00000000000 0.00000000000 0.00000000000 0.00000000000 0.00000000000
0.02536765984 0.00856503393 0.22622235394 0.00000000000 0.00000000000 0.00000000000 0.00000000000 0.00000000000 0.00000000000 0.00000000000 0.00000000000
0.02537228773 0.00855993804 0.22622329825 0.00000000000 0.00000000000 0.00000000000 0.00000000000 0.00000000000 0.00000000000 0.00000000000 0.00000000000
0.02537682777 0.00855476178 0.22622423122 0.00000000000 0.00000000000 0.00000000000 0.00000000000 0.00000000000 0.00000000000 0.00000000000 0.00000000000
0.02538127861 0.00854950670 0.22622515256 0.00000000000 0.00000000000 0.00000000000 0.00000000000 0.00000000000 0.00000000000 0.00000000000 0.00000000000
0.02538563890 0.00854417439 0.22622606199 0.00000000000 0.00000000000 0.00000000000 0.00000000000 0.00000000000 0.00000000000 0.00000000000 0.00000000000
0.02538990734 0.00853876643 0.22622695924 0.00000000000 0.00000000000 0.00000000000 0.00000000000 0.00000000000 0.00000000000 0.00000000000 0.00000000000
0.02539408265 0.00853328445 0.22622784403 0.00000000000 0.00000000000 0.00000000000 0.00000000000 0.00000000000 0.00000000000 0.00000000000 0.00000000000
0.02539816357 0.00852773010 0.22622871609 0.00000000000 0.00000000000 0.00000000000 0.00000000000 0.00000000000 0.00000000000 0.00000000000 0.00000000000
0.02540214889 0.00852210503 0.22622957515 0.00000000000 0.00000000000 0.00000000000 0.00000000000 0.00000000000 0.00000000000 0.00000000000 0.00000000000
0.02540603741 0.00851641093 0.22623042095 0.00000000000 0.00000000000 0.00000000000 0.00000000000 0.00000000000 0.00000000000 0.00000000000 0.00000000000
0.02540982797 0.00851064952 0.22623125323 0.00000000000 0.00000000000 0.00000000000 0.00000000000 0.00000000000 0.00000000000 0.00000000000 0.00000000000
0.02541351941 0.00850482252 0.22623207174 0.00000000000 0.00000000000 0.00000000000 0.00000000000 0.00000000000 0.00000000000 0.00000000000 0.00000000000
0.02541711065 0.00849893167 0.22623287622 0.00000000000 0.00000000000 0.00000000000 0.00000000000 0.00000000000 0.00000000000 0.00000000000 0.00000000000
0.02542176392 0.00849099442 0.22623392981 0.00000000000 0.00000000000 0.00000000000 0.00000000000 0.00000000000 0.00000000000 0.00000000000 0.00000000000
0.02542510036 0.00848495105 0.22623469828 0.00000000000 0.00000000000 0.00000000000 0.00000000000 0.00000000000 0.00000000000 0.00000000000 0.00000000000
0.02542725508 0.00848088435 0.22623520062 0.00000000000 0.00000000000 0.00000000000 0.00000000000 0.00000000000 0.00000000000 0.00000000000 0.00000000000
ZONE T="NURB"
I=201, J=1, K=1
0.02483976610 0.00860941219 0.22613236649 2523.28817172088 0.00000000000 0.00000000000 0.00000000000 0.00000000000 0.00000000000 0.00000000000 0.22629619783
0.02484248735 0.00861150314 0.22613274482 2522.78906169361 0.00000000000 0.00000000000 0.00000000000 0.00000000000 0.00000000000 0.00000000000 0.22629665544
0.02484522637 0.00861357014 0.22613312704 2522.47202331030 0.00000000000 0.00000000000 0.00000000000 0.00000000000 0.00000000000 0.00000000000 0.22629711605
0.02484798295 0.00861561303 0.22613351311 2522.33719558367 0.00000000000 0.00000000000 0.00000000000 0.00000000000 0.00000000000 0.00000000000 0.22629757962
0.02485075688 0.00861763166 0.22613390302 2522.38458517464 0.00000000000 0.00000000000 0.00000000000 0.00000000000 0.00000000000 0.00000000000 0.22629804610
0.02485354795 0.00861962588 0.22613429673 2522.11253125640 0.00000000000 0.00000000000 0.00000000000 0.00000000000 0.00000000000 0.00000000000 0.22629851548
0.02485635596 0.00862159554 0.22613469421 2522.02102525348 0.00000000000 0.00000000000 0.00000000000 0.00000000000 0.00000000000 0.00000000000 0.22629898770
0.02485918069 0.00862354050 0.22613509542 2521.79706679284 0.00000000000 0.00000000000 0.00000000000 0.00000000000 0.00000000000 0.00000000000 0.22629946273
0.02486202194 0.00862546060 0.22613550035 2521.75574798212 0.00000000000 0.00000000000 0.00000000000 0.00000000000 0.00000000000 0.00000000000 0.22629994054
0.02486487949 0.00862735571 0.22613590895 2521.49999953178 0.00000000000 0.00000000000 0.00000000000 0.00000000000 0.00000000000 0.00000000000 0.22630042109
0.02486775313 0.00862922568 0.22613632121 2521.42642827059 0.00000000000 0.00000000000 0.00000000000 0.00000000000 0.00000000000 0.00000000000 0.22630090434
0.02487064264 0.00863107036 0.22613673709 2521.15910316482 0.00000000000 0.00000000000 0.00000000000 0.00000000000 0.00000000000 0.00000000000 0.22630139026
0.02487354780 0.00863288964 0.22613715655 2521.07401829275 0.00000000000 0.00000000000 0.00000000000 0.00000000000 0.00000000000 0.00000000000 0.22630187882
0.02487646840 0.00863468336 0.22613757958 2520.79286400802 0.00000000000 0.00000000000 0.00000000000 0.00000000000 0.00000000000 0.00000000000 0.22630236997
0.02487940421 0.00863645139 0.22613800613 2520.69402110167 0.00000000000 0.00000000000 0.00000000000 0.00000000000 0.00000000000 0.00000000000 0.22630286368
0.02488235503 0.00863819360 0.22613843619 2520.39993013004 0.00000000000 0.00000000000 0.00000000000 0.00000000000 0.00000000000 0.00000000000 0.22630335992
0.02488532062 0.00863990986 0.22613886970 2520.28822736188 0.00000000000 0.00000000000 0.00000000000 0.00000000000 0.00000000000 0.00000000000 0.22630385863
0.02488830077 0.00864160004 0.22613930665 2519.98127176952 0.00000000000 0.00000000000 0.00000000000 0.00000000000 0.00000000000 0.00000000000 0.22630435980
0.02489129524 0.00864326401 0.22613974700 2519.85678867140 0.00000000000 0.00000000000 0.00000000000 0.00000000000 0.00000000000 0.00000000000 0.22630486337
0.02489430383 0.00864490165 0.22614019072 2519.53728180931 0.00000000000 0.00000000000 0.00000000000 0.00000000000 0.00000000000 0.00000000000 0.22630536932
0.02489732629 0.00864651284 0.22614063778 2519.40033859905 0.00000000000 0.00000000000 0.00000000000 0.00000000000 0.00000000000 0.00000000000 0.22630587761
0.02490036241 0.00864809746 0.22614108814 2519.06855235308 0.00000000000 0.00000000000 0.00000000000 0.00000000000 0.00000000000 0.00000000000 0.22630638818
0.02490341196 0.00864965538 0.22614154176 2518.91942632598 0.00000000000 0.00000000000 0.00000000000 0.00000000000 0.00000000000 0.00000000000 0.22630690102
0.02490647471 0.00865118649 0.22614199863 2518.57566286288 0.00000000000 0.00000000000 0.00000000000 0.00000000000 0.00000000000 0.00000000000 0.22630741608
0.02490955042 0.00865269067 0.22614245870 2518.41466389701 0.00000000000 0.00000000000 0.00000000000 0.00000000000 0.00000000000 0.00000000000 0.22630793331
0.02491263888 0.00865416782 0.22614292193 2518.05923889360 0.00000000000 0.00000000000 0.00000000000 0.00000000000 0.00000000000 0.00000000000 0.22630845269
0.02491573984 0.00865561782 0.22614338830 2517.88668849976 0.00000000000 0.00000000000 0.00000000000 0.00000000000 0.00000000000 0.00000000000 0.22630897418
0.02491885307 0.00865704056 0.22614385777 2517.51993348126 0.00000000000 0.00000000000 0.00000000000 0.00000000000 0.00000000000 0.00000000000 0.22630949772
0.02492197835 0.00865843594 0.22614433031 2517.33616964237 0.00000000000 0.00000000000 0.00000000000 0.00000000000 0.00000000000 0.00000000000 0.22631002329
0.02492511543 0.00865980384 0.22614480588 2516.95843150077 0.00000000000 0.00000000000 0.00000000000 0.00000000000 0.00000000000 0.00000000000 0.22631055085
0.02492826409 0.00866114418 0.22614528444 2516.76380699320 0.00000000000 0.00000000000 0.00000000000 0.00000000000 0.00000000000 0.00000000000 0.22631108036
0.02493142408 0.00866245685 0.22614576596 2516.37544741594 0.00000000000 0.00000000000 0.00000000000 0.00000000000 0.00000000000 0.00000000000 0.22631161177
0.02493459518 0.00866374174 0.22614625041 2516.17032959963 0.00000000000 0.00000000000 0.00000000000 0.00000000000 0.00000000000 0.00000000000 0.22631214504
0.02493777713 0.00866499877 0.22614673774 2515.77172407369 0.00000000000 0.00000000000 0.00000000000 0.00000000000 0.00000000000 0.00000000000 0.22631268015
0.02494096971 0.00866622784 0.22614722793 2515.55649396965 0.00000000000 0.00000000000 0.00000000000 0.00000000000 0.00000000000 0.00000000000 0.22631321704
0.02494417267 0.00866742886 0.22614772093 2515.14803165212 0.00000000000 0.00000000000 0.00000000000 0.00000000000 0.00000000000 0.00000000000 0.22631375567
0.02494738577 0.00866860173 0.22614821672 2514.92308399109 0.00000000000 0.00000000000 0.00000000000 0.00000000000 0.00000000000 0.00000000000 0.22631429601
0.02495060878 0.00866974637 0.22614871524 2514.50516768853 0.00000000000 0.00000000000 0.00000000000 0.00000000000 0.00000000000 0.00000000000 0.22631483802
0.02495384145 0.00867086270 0.22614921647 2514.27091001002 0.00000000000 0.00000000000 0.00000000000 0.00000000000 0.00000000000 0.00000000000 0.22631538165
0.02495708354 0.00867195062 0.22614972038 2513.84395408127 0.00000000000 0.00000000000 0.00000000000 0.00000000000 0.00000000000 0.00000000000 0.22631592687
0.02496033480 0.00867301006 0.22615022691 2513.60080601861 0.00000000000 0.00000000000 0.00000000000 0.00000000000 0.00000000000 0.00000000000 0.22631647363
0.02496359500 0.00867404094 0.22615073604 2513.16523721548 0.00000000000 0.00000000000 0.00000000000 0.00000000000 0.00000000000 0.00000000000 0.22631702189
0.02496686388 0.00867504319 0.22615124772 2512.91362983357 0.00000000000 0.00000000000 0.00000000000 0.00000000000 0.00000000000 0.00000000000 0.22631757161
0.02497014121 0.00867601671 0.22615176192 2512.46988651776 0.00000000000 0.00000000000 0.00000000000 0.00000000000 0.00000000000 0.00000000000 0.22631812275
0.02497342673 0.00867696146 0.22615227860 2512.21026249057 0.00000000000 0.00000000000 0.00000000000 0.00000000000 0.00000000000 0.00000000000 0.22631867527
0.02497672021 0.00867787734 0.22615279772 2511.75879249179 0.00000000000 0.00000000000 0.00000000000 0.00000000000 0.00000000000 0.00000000000 0.22631922913
0.02498002139 0.00867876430 0.22615331925 2511.49160409430 0.00000000000 0.00000000000 0.00000000000 0.00000000000 0.00000000000 0.00000000000 0.22631978428
0.02498333003 0.00867962226 0.22615384314 2511.03286617057 0.00000000000 0.00000000000 0.00000000000 0.00000000000 0.00000000000 0.00000000000 0.22632034069
0.02498664587 0.00868045117 0.22615436936 2510.75857598774 0.00000000000 0.00000000000 0.00000000000 0.00000000000 0.00000000000 0.00000000000 0.22632089831
0.02498996868 0.00868125096 0.22615489786 2510.29303798299 0.00000000000 0.00000000000 0.00000000000 0.00000000000 0.00000000000 0.00000000000 0.22632145710
0.02499329820 0.00868202157 0.22615542861 2510.01211734260 0.00000000000 0.00000000000 0.00000000000 0.00000000000 0.00000000000 0.00000000000 0.22632201702
0.02499663418 0.00868276294 0.22615596156 2509.54025577737 0.00000000000 0.00000000000 0.00000000000 0.00000000000 0.00000000000 0.00000000000 0.22632257802
0.02499997637 0.00868347501 0.22615649669 2509.25318445760 0.00000000000 0.00000000000 0.00000000000 0.00000000000 0.00000000000 0.00000000000 0.22632314007
0.02500332452 0.00868415775 0.22615703394 2508.77548341583 0.00000000000 0.00000000000 0.00000000000 0.00000000000 0.00000000000 0.00000000000 0.22632370312
0.02500667838 0.00868481108 0.22615757328 2508.48274872814 0.00000000000 0.00000000000 0.00000000000 0.00000000000 0.00000000000 0.00000000000 0.22632426714
0.02501003770 0.00868543497 0.22615811467 2507.99970024043 0.00000000000 0.00000000000 0.00000000000 0.00000000000 0.00000000000 0.00000000000 0.22632483207
0.02501340223 0.00868602936 0.22615865806 2507.70179716195 0.00000000000 0.00000000000 0.00000000000 0.00000000000 0.00000000000 0.00000000000 0.22632539787
0.02501677172 0.00868659422 0.22615920342 2507.21389885154 0.00000000000 0.00000000000 0.00000000000 0.00000000000 0.00000000000 0.00000000000 0.22632596451
0.02502014590 0.00868712949 0.22615975071 2506.91132759212 0.00000000000 0.00000000000 0.00000000000 0.00000000000 0.00000000000 0.00000000000 0.22632653194
0.02502352454 0.00868763515 0.22616029989 2506.41908400213 0.00000000000 0.00000000000 0.00000000000 0.00000000000 0.00000000000 0.00000000000 0.22632710012
0.02502690737 0.00868811115 0.22616085091 2506.11235132475 0.00000000000 0.00000000000 0.00000000000 0.00000000000 0.00000000000 0.00000000000 0.22632766901
0.02503029414 0.00868855745 0.22616140373 2505.61627107126 0.00000000000 0.00000000000 0.00000000000 0.00000000000 0.00000000000 0.00000000000 0.22632823855
0.02503368461 0.00868897403 0.22616195831 2505.30588776526 0.00000000000 0.00000000000 0.00000000000 0.00000000000 0.00000000000 0.00000000000 0.22632880872
0.02503707851 0.00868936084 0.22616251462 2504.80648521924 0.00000000000 0.00000000000 0.00000000000 0.00000000000 0.00000000000 0.00000000000 0.22632937947
0.02504047558 0.00868971787 0.22616307260 2504.49296722465 0.00000000000 0.00000000000 0.00000000000 0.00000000000 0.00000000000 0.00000000000 0.22632995075
0.02504387559 0.00869004508 0.22616363222 2503.99075870669 0.00000000000 0.00000000000 0.00000000000 0.00000000000 0.00000000000 0.00000000000 0.22633052252
0.02504727826 0.00869034246 0.22616419344 2503.67462394488 0.00000000000 0.00000000000 0.00000000000 0.00000000000 0.00000000000 0.00000000000 0.22633109474
0.02505068335 0.00869060997 0.22616475621 2503.17013086880 0.00000000000 0.00000000000 0.00000000000 0.00000000000 0.00000000000 0.00000000000 0.22633166737
0.02505409060 0.00869084760 0.22616532049 2502.85190207505 0.00000000000 0.00000000000 0.00000000000 0.00000000000 0.00000000000 0.00000000000 0.22633224036
0.02505749976 0.00869105533 0.22616588624 2502.34564607121 0.00000000000 0.00000000000 0.00000000000 0.00000000000 0.00000000000 0.00000000000 0.22633281367
0.02506091057 0.00869123315 0.22616645342 2502.02584553781 0.00000000000 0.00000000000 0.00000000000 0.00000000000 0.00000000000 0.00000000000 0.22633338726
0.02506432277 0.00869138103 0.22616702199 2501.51835146129 0.00000000000 0.00000000000 0.00000000000 0.00000000000 0.00000000000 0.00000000000 0.22633396108
0.02506773610 0.00869149898 0.22616759189 2501.19750488986 0.00000000000 0.00000000000 0.00000000000 0.00000000000 0.00000000000 0.00000000000 0.22633453509
0.02507115032 0.00869158698 0.22616816310 2500.68929708185 0.00000000000 0.00000000000 0.00000000000 0.00000000000 0.00000000000 0.00000000000 0.22633510926
0.02507456517 0.00869164502 0.22616873556 2500.36792914463 0.00000000000 0.00000000000 0.00000000000 0.00000000000 0.00000000000 0.00000000000 0.22633568353
0.02507798039 0.00869167311 0.22616930923 2499.85953319171 0.00000000000 0.00000000000 0.00000000000 0.00000000000 0.00000000000 0.00000000000 0.22633625786
0.02508139572 0.00869167123 0.22616988408 2499.53816965312 0.00000000000 0.00000000000 0.00000000000 0.00000000000 0.00000000000 0.00000000000 0.22633683221
0.02508481091 0.00869163939 0.22617046005 2499.03010969687 0.00000000000 0.00000000000 0.00000000000 0.00000000000 0.00000000000 0.00000000000 0.22633740653
0.02508822570 0.00869157759 0.22617103711 2498.70927460397 0.00000000000 0.00000000000 0.00000000000 0.00000000000 0.00000000000 0.00000000000 0.22633798079
0.02509163984 0.00869148583 0.22617161521 2498.20207423159 0.00000000000 0.00000000000 0.00000000000 0.00000000000 0.00000000000 0.00000000000 0.22633855494
0.02509505307 0.00869136413 0.22617219430 2497.88229095602 0.00000000000 0.00000000000 0.00000000000 0.00000000000 0.00000000000 0.00000000000 0.22633912894
0.02509846514 0.00869121249 0.22617277436 2497.37647049666 0.00000000000 0.00000000000 0.00000000000 0.00000000000 0.00000000000 0.00000000000 0.22633970274
0.02510187578 0.00869103092 0.22617335532 2497.05825842227 0.00000000000 0.00000000000 0.00000000000 0.00000000000 0.00000000000 0.00000000000 0.22634027630
0.02510528475 0.00869081943 0.22617393715 2496.55433760586 0.00000000000 0.00000000000 0.00000000000 0.00000000000 0.00000000000 0.00000000000 0.22634084958
0.02510869178 0.00869057805 0.22617451980 2496.23821585637 0.00000000000 0.00000000000 0.00000000000 0.00000000000 0.00000000000 0.00000000000 0.22634142253
0.02511209663 0.00869030679 0.22617510323 2495.73670855299 0.00000000000 0.00000000000 0.00000000000 0.00000000000 0.00000000000 0.00000000000 0.22634199512
0.02511549903 0.00869000567 0.22617568740 2495.42318952904 0.00000000000 0.00000000000 0.00000000000 0.00000000000 0.00000000000 0.00000000000 0.22634256729
0.02511889874 0.00868967471 0.22617627226 2494.92460795346 0.00000000000 0.00000000000 0.00000000000 0.00000000000 0.00000000000 0.00000000000 0.22634313901
0.02512229549 0.00868931393 0.22617685776 2494.61420267368 0.00000000000 0.00000000000 0.00000000000 0.00000000000 0.00000000000 0.00000000000 0.22634371024
0.02512568904 0.00868892338 0.22617744388 2494.11905246533 0.00000000000 0.00000000000 0.00000000000 0.00000000000 0.00000000000 0.00000000000 0.22634428093
0.02512907913 0.00868850306 0.22617803055 2493.81226497714 0.00000000000 0.00000000000 0.00000000000 0.00000000000 0.00000000000 0.00000000000 0.22634485103
0.02513246550 0.00868805302 0.22617861773 2493.32104721344 0.00000000000 0.00000000000 0.00000000000 0.00000000000 0.00000000000 0.00000000000 0.22634542051
0.02513584790 0.00868757329 0.22617920539 2493.01837662530 0.00000000000 0.00000000000 0.00000000000 0.00000000000 0.00000000000 0.00000000000 0.22634598932
0.02513922607 0.00868706390 0.22617979348 2492.53158646250 0.00000000000 0.00000000000 0.00000000000 0.00000000000 0.00000000000 0.00000000000 0.22634655742
0.02514259977 0.00868652490 0.22618038194 2492.23352582234 0.00000000000 0.00000000000 0.00000000000 0.00000000000 0.00000000000 0.00000000000 0.22634712477
0.02514596874 0.00868595631 0.22618097075 2491.75165151196 0.00000000000 0.00000000000 0.00000000000 0.00000000000 0.00000000000 0.00000000000 0.22634769132
0.02514933273 0.00868535820 0.22618155985 2491.45868658335 0.00000000000 0.00000000000 0.00000000000 0.00000000000 0.00000000000 0.00000000000 0.22634825704
0.02515269149 0.00868473059 0.22618214920 2490.98220976193 0.00000000000 0.00000000000 0.00000000000 0.00000000000 0.00000000000 0.00000000000 0.22634882187
0.02515604476 0.00868407354 0.22618273876 2490.69481972197 0.00000000000 0.00000000000 0.00000000000 0.00000000000 0.00000000000 0.00000000000 0.22634938579
0.02515939229 0.00868338710 0.22618332847 2490.22421213677 0.00000000000 0.00000000000 0.00000000000 0.00000000000 0.00000000000 0.00000000000 0.22634994873
0.02516273383 0.00868267131 0.22618391831 2489.94286626620 0.00000000000 0.00000000000 0.00000000000 0.00000000000 0.00000000000 0.00000000000 0.22635051067
0.02516606914 0.00868192624 0.22618450821 2489.47859461242 0.00000000000 0.00000000000 0.00000000000 0.00000000000 0.00000000000 0.00000000000 0.22635107157
0.02516939796 0.00868115193 0.22618509815 2489.20375630823 0.00000000000 0.00000000000 0.00000000000 0.00000000000 0.00000000000 0.00000000000 0.22635163137
0.02517272004 0.00868034845 0.22618568806 2488.74627423157 0.00000000000 0.00000000000 0.00000000000 0.00000000000 0.00000000000 0.00000000000 0.22635219003
0.02517603513 0.00867951586 0.22618627791 2488.47839391244 0.00000000000 0.00000000000 0.00000000000 0.00000000000 0.00000000000 0.00000000000 0.22635274753
0.02517934298 0.00867865421 0.22618686766 2488.02814978544 0.00000000000 0.00000000000 0.00000000000 0.00000000000 0.00000000000 0.00000000000 0.22635330380
0.02518264336 0.00867776357 0.22618745726 2487.76767267690 0.00000000000 0.00000000000 0.00000000000 0.00000000000 0.00000000000 0.00000000000 0.22635385882
0.02518593600 0.00867684401 0.22618804666 2487.32510056441 0.00000000000 0.00000000000 0.00000000000 0.00000000000 0.00000000000 0.00000000000 0.22635441254
0.02518922066 0.00867589560 0.22618863582 2487.07245698913 0.00000000000 0.00000000000 0.00000000000 0.00000000000 0.00000000000 0.00000000000 0.22635496491
0.02519249710 0.00867491841 0.22618922470 2486.63798333140 0.00000000000 0.00000000000 0.00000000000 0.00000000000 0.00000000000 0.00000000000 0.22635551590
0.02519576507 0.00867391251 0.22618981325 2486.39359604615 0.00000000000 0.00000000000 0.00000000000 0.00000000000 0.00000000000 0.00000000000 0.22635606547
0.02519902433 0.00867287798 0.22619040142 2485.96763511286 0.00000000000 0.00000000000 0.00000000000 0.00000000000 0.00000000000 0.00000000000 0.22635661357
0.02520227463 0.00867181489 0.22619098918 2485.73191409460 0.00000000000 0.00000000000 0.00000000000 0.00000000000 0.00000000000 0.00000000000 0.22635716017
0.02520551572 0.00867072333 0.22619157647 2485.31486804359 0.00000000000 0.00000000000 0.00000000000 0.00000000000 0.00000000000 0.00000000000 0.22635770522
0.02520874737 0.00866960337 0.22619216326 2485.08821174557 0.00000000000 0.00000000000 0.00000000000 0.00000000000 0.00000000000 0.00000000000 0.22635824868
0.02521196933 0.00866845511 0.22619274950 2484.68047130171 0.00000000000 0.00000000000 0.00000000000 0.00000000000 0.00000000000 0.00000000000 0.22635879051
0.02521518136 0.00866727862 0.22619333514 2484.46326602771 0.00000000000 0.00000000000 0.00000000000 0.00000000000 0.00000000000 0.00000000000 0.22635933067
0.02521838322 0.00866607399 0.22619392014 2484.06520929480 0.00000000000 0.00000000000 0.00000000000 0.00000000000 0.00000000000 0.00000000000 0.22635986912
0.02522157468 0.00866484132 0.22619450446 2483.85782847225 0.00000000000 0.00000000000 0.00000000000 0.00000000000 0.00000000000 0.00000000000 0.22636040582
0.02522475548 0.00866358069 0.22619508805 2483.46981982776 0.00000000000 0.00000000000 0.00000000000 0.00000000000 0.00000000000 0.00000000000 0.22636094073
0.02522792539 0.00866229221 0.22619567086 2483.27262370514 0.00000000000 0.00000000000 0.00000000000 0.00000000000 0.00000000000 0.00000000000 0.22636147381
0.02523108418 0.00866097596 0.22619625286 2482.89501477031 0.00000000000 0.00000000000 0.00000000000 0.00000000000 0.00000000000 0.00000000000 0.22636200501
0.02523423161 0.00865963205 0.22619683400 2482.70835032817 0.00000000000 0.00000000000 0.00000000000 0.00000000000 0.00000000000 0.00000000000 0.22636253431
0.02523736744 0.00865826058 0.22619741423 2482.34147888566 0.00000000000 0.00000000000 0.00000000000 0.00000000000 0.00000000000 0.00000000000 0.22636306166
0.02524049143 0.00865686164 0.22619799352 2482.16567865642 0.00000000000 0.00000000000 0.00000000000 0.00000000000 0.00000000000 0.00000000000 0.22636358701
0.02524360336 0.00865543535 0.22619857181 2481.80986825440 0.00000000000 0.00000000000 0.00000000000 0.00000000000 0.00000000000 0.00000000000 0.22636411034
0.02524670299 0.00865398181 0.22619914906 2481.64525078521 0.00000000000 0.00000000000 0.00000000000 0.00000000000 0.00000000000 0.00000000000 0.22636463160
0.02524979008 0.00865250113 0.22619972524 2481.30081090662 0.00000000000 0.00000000000 0.00000000000 0.00000000000 0.00000000000 0.00000000000 0.22636515075
0.02525286441 0.00865099343 0.22620030028 2481.14768033757 0.00000000000 0.00000000000 0.00000000000 0.00000000000 0.00000000000 0.00000000000 0.22636566775
0.02525592574 0.00864945880 0.22620087416 2480.81490424729 0.00000000000 0.00000000000 0.00000000000 0.00000000000 0.00000000000 0.00000000000 0.22636618257
0.02525897385 0.00864789738 0.22620144683 2480.67354906281 0.00000000000 0.00000000000 0.00000000000 0.00000000000 0.00000000000 0.00000000000 0.22636669516
0.02526200851 0.00864630927 0.22620201825 2480.35271600781 0.00000000000 0.00000000000 0.00000000000 0.00000000000 0.00000000000 0.00000000000 0.22636720549
0.02526502949 0.00864469460 0.22620258836 2480.22341033077 0.00000000000 0.00000000000 0.00000000000 0.00000000000 0.00000000000 0.00000000000 0.22636771353
0.02526803656 0.00864305348 0.22620315714 2479.91478346918 0.00000000000 0.00000000000 0.00000000000 0.00000000000 0.00000000000 0.00000000000 0.22636821922
0.02527102949 0.00864138604 0.22620372453 2479.79778474560 0.00000000000 0.00000000000 0.00000000000 0.00000000000 0.00000000000 0.00000000000 0.22636872253
0.02527400819 0.00863969240 0.22620428979 2493.65149438591 0.00000000000 0.00000000000 0.00000000000 0.00000000000 0.00000000000 0.00000000000 0.22636922274
0.02527697299 0.00863797270 0.22620484939 2556.86513205726 0.00000000000 0.00000000000 0.00000000000 0.00000000000 0.00000000000 0.00000000000 0.22636971631
0.02527992415 0.00863622705 0.22620540050 2493.87300826686 0.00000000000 0.00000000000 0.00000000000 0.00000000000 0.00000000000 0.00000000000 0.22637020041
0.02528286098 0.00863445560 0.22620594584 2479.47226478252 0.00000000000 0.00000000000 0.00000000000 0.00000000000 0.00000000000 0.00000000000 0.22637067778
0.02528578268 0.00863265847 0.22620648889 2479.34213123731 0.00000000000 0.00000000000 0.00000000000 0.00000000000 0.00000000000 0.00000000000 0.22637115189
0.02528868891 0.00863083579 0.22620703034 2479.39604709823 0.00000000000 0.00000000000 0.00000000000 0.00000000000 0.00000000000 0.00000000000 0.22637162345
0.02529157944 0.00862898771 0.22620757019 2479.14415207043 0.00000000000 0.00000000000 0.00000000000 0.00000000000 0.00000000000 0.00000000000 0.22637209245
0.02529445407 0.00862711436 0.22620810840 2479.08392486163 0.00000000000 0.00000000000 0.00000000000 0.00000000000 0.00000000000 0.00000000000 0.22637255887
0.02529731257 0.00862521589 0.22620864494 2478.84472479544 0.00000000000 0.00000000000 0.00000000000 0.00000000000 0.00000000000 0.00000000000 0.22637302267
0.02530015473 0.00862329243 0.22620917975 2478.79740099808 0.00000000000 0.00000000000 0.00000000000 0.00000000000 0.00000000000 0.00000000000 0.22637348382
0.02530298033 0.00862134413 0.22620971282 2478.57119283022 0.00000000000 0.00000000000 0.00000000000 0.00000000000 0.00000000000 0.00000000000 0.22637394229
0.02530578916 0.00861937113 0.22621024408 2478.53692583866 0.00000000000 0.00000000000 0.00000000000 0.00000000000 0.00000000000 0.00000000000 0.22637439803
0.02530858102 0.00861737359 0.22621077350 2478.32385550141 0.00000000000 0.00000000000 0.00000000000 0.00000000000 0.00000000000 0.00000000000 0.22637485102
0.02531135570 0.00861535165 0.22621130104 2478.30278575982 0.00000000000 0.00000000000 0.00000000000 0.00000000000 0.00000000000 0.00000000000 0.22637530122
0.02531411298 0.00861330547 0.22621182667 2478.10297798804 0.00000000000 0.00000000000 0.00000000000 0.00000000000 0.00000000000 0.00000000000 0.22637574860
0.02531685266 0.00861123519 0.22621235033 2478.09522388886 0.00000000000 0.00000000000 0.00000000000 0.00000000000 0.00000000000 0.00000000000 0.22637619313
0.02531957453 0.00860914098 0.22621287200 2477.90879297492 0.00000000000 0.00000000000 0.00000000000 0.00000000000 0.00000000000 0.00000000000 0.22637663476
0.02532227839 0.00860702298 0.22621339162 2477.91446294277 0.00000000000 0.00000000000 0.00000000000 0.00000000000 0.00000000000 0.00000000000 0.22637707347
0.02532496404 0.00860488136 0.22621390917 2477.74150020733 0.00000000000 0.00000000000 0.00000000000 0.00000000000 0.00000000000 0.00000000000 0.22637750923
0.02532763128 0.00860271629 0.22621442460 2477.76067950771 0.00000000000 0.00000000000 0.00000000000 0.00000000000 0.00000000000 0.00000000000 0.22637794200
0.02533027990 0.00860052791 0.22621493787 2477.60126475801 0.00000000000 0.00000000000 0.00000000000 0.00000000000 0.00000000000 0.00000000000 0.22637837175
0.02533290970 0.00859831640 0.22621544894 2477.63402815005 0.00000000000 0.00000000000 0.00000000000 0.00000000000 0.00000000000 0.00000000000 0.22637879844
0.02533552050 0.00859608192 0.22621595778 2477.48821964238 0.00000000000 0.00000000000 0.00000000000 0.00000000000 0.00000000000 0.00000000000 0.22637922206
0.02533811209 0.00859382463 0.22621646434 2477.53461901552 0.00000000000 0.00000000000 0.00000000000 0.00000000000 0.00000000000 0.00000000000 0.22637964255
0.02534068429 0.00859154472 0.22621696859 2477.40246189653 0.00000000000 0.00000000000 0.00000000000 0.00000000000 0.00000000000 0.00000000000 0.22638005990
0.02534323688 0.00858924234 0.22621747049 2477.46253722420 0.00000000000 0.00000000000 0.00000000000 0.00000000000 0.00000000000 0.00000000000 0.22638047407
0.02534576970 0.00858691767 0.22621797000 2477.34405854640 0.00000000000 0.00000000000 0.00000000000 0.00000000000 0.00000000000 0.00000000000 0.22638088503
0.02534828254 0.00858457089 0.22621846708 2477.41783081791 0.00000000000 0.00000000000 0.00000000000 0.00000000000 0.00000000000 0.00000000000 0.22638129275
0.02535077522 0.00858220217 0.22621896169 2477.31303951045 0.00000000000 0.00000000000 0.00000000000 0.00000000000 0.00000000000 0.00000000000 0.22638169719
0.02535324755 0.00857981169 0.22621945380 2477.40051144061 0.00000000000 0.00000000000 0.00000000000 0.00000000000 0.00000000000 0.00000000000 0.22638209834
0.02535569934 0.00857739962 0.22621994337 2477.30940227349 0.00000000000 0.00000000000 0.00000000000 0.00000000000 0.00000000000 0.00000000000 0.22638249615
0.02535813042 0.00857496615 0.22622043036 2477.41056344977 0.00000000000 0.00000000000 0.00000000000 0.00000000000 0.00000000000 0.00000000000 0.22638289060
0.02536054059 0.00857251147 0.22622091473 2477.33311219598 0.00000000000 0.00000000000 0.00000000000 0.00000000000 0.00000000000 0.00000000000 0.22638328166
0.02536292968 0.00857003574 0.22622139645 2477.44793269892 0.00000000000 0.00000000000 0.00000000000 0.00000000000 0.00000000000 0.00000000000 0.22638366930
0.02536529751 0.00856753917 0.22622187548 2477.38409948719 0.00000000000 0.00000000000 0.00000000000 0.00000000000 0.00000000000 0.00000000000 0.22638405349
0.02536764391 0.00856502193 0.22622235179 2477.51253258471 0.00000000000 0.00000000000 0.00000000000 0.00000000000 0.00000000000 0.00000000000 0.22638443420
0.02536996869 0.00856248422 0.22622282533 2477.46226219862 0.00000000000 0.00000000000 0.00000000000 0.00000000000 0.00000000000 0.00000000000 0.22638481141
0.02537227168 0.00855992623 0.22622329607 2477.60424798890 0.00000000000 0.00000000000 0.00000000000 0.00000000000 0.00000000000 0.00000000000 0.22638518508
0.02537455271 0.00855734814 0.22622376398 2477.56746491607 0.00000000000 0.00000000000 0.00000000000 0.00000000000 0.00000000000 0.00000000000 0.22638555518
0.02537681160 0.00855475015 0.22622422901 2477.72292170667 0.00000000000 0.00000000000 0.00000000000 0.00000000000 0.00000000000 0.00000000000 0.22638592170
0.02537904820 0.00855213246 0.22622469114 2477.69953981775 0.00000000000 0.00000000000 0.00000000000 0.00000000000 0.00000000000 0.00000000000 0.22638628459
0.02538126233 0.00854949526 0.22622515033 2477.86837588805 0.00000000000 0.00000000000 0.00000000000 0.00000000000 0.00000000000 0.00000000000 0.22638664384
0.02538345382 0.00854683875 0.22622560654 2477.85828710246 0.00000000000 0.00000000000 0.00000000000 0.00000000000 0.00000000000 0.00000000000 0.22638699942
0.02538562251 0.00854416312 0.22622605974 2478.04038876766 0.00000000000 0.00000000000 0.00000000000 0.00000000000 0.00000000000 0.00000000000 0.22638735130
0.02538776824 0.00854146859 0.22622650989 2478.04347327360 0.00000000000 0.00000000000 0.00000000000 0.00000000000 0.00000000000 0.00000000000 0.22638769945
0.02538989084 0.00853875535 0.22622695696 2478.23871544293 0.00000000000 0.00000000000 0.00000000000 0.00000000000 0.00000000000 0.00000000000 0.22638804385
0.02539199017 0.00853602359 0.22622740092 2478.25483448818 0.00000000000 0.00000000000 0.00000000000 0.00000000000 0.00000000000 0.00000000000 0.22638838448
0.02539406605 0.00853327354 0.22622784173 2478.46307222223 0.00000000000 0.00000000000 0.00000000000 0.00000000000 0.00000000000 0.00000000000 0.22638872130
0.02539611834 0.00853050540 0.22622827935 2478.49208207785 0.00000000000 0.00000000000 0.00000000000 0.00000000000 0.00000000000 0.00000000000 0.22638905429
0.02539814688 0.00852771936 0.22622871376 2478.71316786247 0.00000000000 0.00000000000 0.00000000000 0.00000000000 0.00000000000 0.00000000000 0.22638938343
0.02540015152 0.00852491565 0.22622914492 2478.75485688720 0.00000000000 0.00000000000 0.00000000000 0.00000000000 0.00000000000 0.00000000000 0.22638970869
0.02540213211 0.00852209446 0.22622957280 2478.98857328524 0.00000000000 0.00000000000 0.00000000000 0.00000000000 0.00000000000 0.00000000000 0.22639003004
0.02540408849 0.00851925602 0.22622999736 2479.04292914494 0.00000000000 0.00000000000 0.00000000000 0.00000000000 0.00000000000 0.00000000000 0.22639034748
0.02540602053 0.00851640054 0.22623041858 2479.28925851694 0.00000000000 0.00000000000 0.00000000000 0.00000000000 0.00000000000 0.00000000000 0.22639066096
0.02540792808 0.00851352822 0.22623083641 2479.35543761650 0.00000000000 0.00000000000 0.00000000000 0.00000000000 0.00000000000 0.00000000000 0.22639097046
0.02540981100 0.00851063929 0.22623125084 2479.61352919099 0.00000000000 0.00000000000 0.00000000000 0.00000000000 0.00000000000 0.00000000000 0.22639127597
0.02541166913 0.00850773396 0.22623166182 2479.69373897325 0.00000000000 0.00000000000 0.00000000000 0.00000000000 0.00000000000 0.00000000000 0.22639157746
0.02541350236 0.00850481245 0.22623206932 2479.96580188763 0.00000000000 0.00000000000 0.00000000000 0.00000000000 0.00000000000 0.00000000000 0.22639187491
0.02541531052 0.00850187497 0.22623247332 2480.08877780916 0.00000000000 0.00000000000 0.00000000000 0.00000000000 0.00000000000 0.00000000000 0.22639216829
0.02541709351 0.00849892176 0.22623287378 2480.40329338865 0.00000000000 0.00000000000 0.00000000000 0.00000000000 0.00000000000 0.00000000000 0.22639245758
0.02541885117 0.00849595302 0.22623327067 2480.43893570565 0.00000000000 0.00000000000 0.00000000000 0.00000000000 0.00000000000 0.00000000000 0.22639274276
0.02542058337 0.00849296898 0.22623366396 2480.66744106461 0.00000000000 0.00000000000 0.00000000000 0.00000000000 0.00000000000 0.00000000000 0.22639302381
0.02542228999 0.00848996987 0.22623405363 2480.70380871248 0.00000000000 0.00000000000 0.00000000000 0.00000000000 0.00000000000 0.00000000000 0.22639330072
0.02542397090 0.00848695591 0.22623443965 2480.93171087524 0.00000000000 0.00000000000 0.00000000000 0.00000000000 0.00000000000 0.00000000000 0.22639357346
0.02542562598 0.00848392733 0.22623482199 2481.35117148955 0.00000000000 0.00000000000 0.00000000000 0.00000000000 0.00000000000 0.00000000000 0.22639384202
0.02542725508 0.00848088435 0.22623520062 2481.96205263349 0.00000000000 0.00000000000 0.00000000000 0.00000000000 0.00000000000 0.00000000000 0.22639410637
