VARIABLES=
"CoordinateX"
"CoordinateY"
"CoordinateZ"
"Kappa1"
"Kappa2"
"dy"
"dz"
"d2x"
"d2y"
"d2z"
"R"
ZONE T="Konrollpunkte"
I=101, J=1, K=1
0.06868082491 0.00246566054 0.23133594997 0.00000000000 0.00000000000 0.00000000000 0.00000000000 0.00000000000 0.00000000000 0.00000000000 0.00000000000
0.06867877342 0.00246299940 0.23133600585 0.00000000000 0.00000000000 0.00000000000 0.00000000000 0.00000000000 0.00000000000 0.00000000000 0.00000000000
0.06867576326 0.00245895597 0.23133608925 0.00000000000 0.00000000000 0.00000000000 0.00000000000 0.00000000000 0.00000000000 0.00000000000 0.00000000000
0.06867188723 0.00245346585 0.23133619954 0.00000000000 0.00000000000 0.00000000000 0.00000000000 0.00000000000 0.00000000000 0.00000000000 0.00000000000
0.06866904978 0.00244929998 0.23133628176 0.00000000000 0.00000000000 0.00000000000 0.00000000000 0.00000000000 0.00000000000 0.00000000000 0.00000000000
0.06866628270 0.00244508700 0.23133636345 0.00000000000 0.00000000000 0.00000000000 0.00000000000 0.00000000000 0.00000000000 0.00000000000 0.00000000000
0.06866358678 0.00244082811 0.23133644459 0.00000000000 0.00000000000 0.00000000000 0.00000000000 0.00000000000 0.00000000000 0.00000000000 0.00000000000
0.06866096277 0.00243652450 0.23133652517 0.00000000000 0.00000000000 0.00000000000 0.00000000000 0.00000000000 0.00000000000 0.00000000000 0.00000000000
0.06865841143 0.00243217739 0.23133660514 0.00000000000 0.00000000000 0.00000000000 0.00000000000 0.00000000000 0.00000000000 0.00000000000 0.00000000000
0.06865593347 0.00242778801 0.23133668450 0.00000000000 0.00000000000 0.00000000000 0.00000000000 0.00000000000 0.00000000000 0.00000000000 0.00000000000
0.06865352959 0.00242335759 0.23133676320 0.00000000000 0.00000000000 0.00000000000 0.00000000000 0.00000000000 0.00000000000 0.00000000000 0.00000000000
0.06865120047 0.00241888739 0.23133684124 0.00000000000 0.00000000000 0.00000000000 0.00000000000 0.00000000000 0.00000000000 0.00000000000 0.00000000000
0.06864894677 0.00241437866 0.23133691857 0.00000000000 0.00000000000 0.00000000000 0.00000000000 0.00000000000 0.00000000000 0.00000000000 0.00000000000
0.06864676912 0.00240983268 0.23133699519 0.00000000000 0.00000000000 0.00000000000 0.00000000000 0.00000000000 0.00000000000 0.00000000000 0.00000000000
0.06864466815 0.00240525074 0.23133707106 0.00000000000 0.00000000000 0.00000000000 0.00000000000 0.00000000000 0.00000000000 0.00000000000 0.00000000000
0.06864264444 0.00240063412 0.23133714617 0.00000000000 0.00000000000 0.00000000000 0.00000000000 0.00000000000 0.00000000000 0.00000000000 0.00000000000
0.06864069856 0.00239598413 0.23133722048 0.00000000000 0.00000000000 0.00000000000 0.00000000000 0.00000000000 0.00000000000 0.00000000000 0.00000000000
0.06863883108 0.00239130207 0.23133729398 0.00000000000 0.00000000000 0.00000000000 0.00000000000 0.00000000000 0.00000000000 0.00000000000 0.00000000000
0.06863704250 0.00238658928 0.23133736665 0.00000000000 0.00000000000 0.00000000000 0.00000000000 0.00000000000 0.00000000000 0.00000000000 0.00000000000
0.06863533335 0.00238184708 0.23133743845 0.00000000000 0.00000000000 0.00000000000 0.00000000000 0.00000000000 0.00000000000 0.00000000000 0.00000000000
0.06863370410 0.00237707681 0.23133750938 0.00000000000 0.00000000000 0.00000000000 0.00000000000 0.00000000000 0.00000000000 0.00000000000 0.00000000000
0.06863215522 0.00237227982 0.23133757940 0.00000000000 0.00000000000 0.00000000000 0.00000000000 0.00000000000 0.00000000000 0.00000000000 0.00000000000
0.06863068714 0.00236745746 0.23133764850 0.00000000000 0.00000000000 0.00000000000 0.00000000000 0.00000000000 0.00000000000 0.00000000000 0.00000000000
0.06862930027 0.00236261109 0.23133771665 0.00000000000 0.00000000000 0.00000000000 0.00000000000 0.00000000000 0.00000000000 0.00000000000 0.00000000000
0.06862799502 0.00235774207 0.23133778384 0.00000000000 0.00000000000 0.00000000000 0.00000000000 0.00000000000 0.00000000000 0.00000000000 0.00000000000
0.06862677174 0.00235285179 0.23133785004 0.00000000000 0.00000000000 0.00000000000 0.00000000000 0.00000000000 0.00000000000 0.00000000000 0.00000000000
0.06862563079 0.00234794163 0.23133791524 0.00000000000 0.00000000000 0.00000000000 0.00000000000 0.00000000000 0.00000000000 0.00000000000 0.00000000000
0.06862457248 0.00234301296 0.23133797941 0.00000000000 0.00000000000 0.00000000000 0.00000000000 0.00000000000 0.00000000000 0.00000000000 0.00000000000
0.06862359713 0.00233806719 0.23133804253 0.00000000000 0.00000000000 0.00000000000 0.00000000000 0.00000000000 0.00000000000 0.00000000000 0.00000000000
0.06862270499 0.00233310570 0.23133810459 0.00000000000 0.00000000000 0.00000000000 0.00000000000 0.00000000000 0.00000000000 0.00000000000 0.00000000000
0.06862189634 0.00232812989 0.23133816557 0.00000000000 0.00000000000 0.00000000000 0.00000000000 0.00000000000 0.00000000000 0.00000000000 0.00000000000
0.06862117138 0.00232314118 0.23133822545 0.00000000000 0.00000000000 0.00000000000 0.00000000000 0.00000000000 0.00000000000 0.00000000000 0.00000000000
0.06862053034 0.00231814097 0.23133828421 0.00000000000 0.00000000000 0.00000000000 0.00000000000 0.00000000000 0.00000000000 0.00000000000 0.00000000000
0.06861997339 0.00231313067 0.23133834183 0.00000000000 0.00000000000 0.00000000000 0.00000000000 0.00000000000 0.00000000000 0.00000000000 0.00000000000
0.06861950069 0.00230811170 0.23133839830 0.00000000000 0.00000000000 0.00000000000 0.00000000000 0.00000000000 0.00000000000 0.00000000000 0.00000000000
0.06861911237 0.00230308546 0.23133845361 0.00000000000 0.00000000000 0.00000000000 0.00000000000 0.00000000000 0.00000000000 0.00000000000 0.00000000000
0.06861880855 0.00229805339 0.23133850773 0.00000000000 0.00000000000 0.00000000000 0.00000000000 0.00000000000 0.00000000000 0.00000000000 0.00000000000
0.06861858931 0.00229301690 0.23133856064 0.00000000000 0.00000000000 0.00000000000 0.00000000000 0.00000000000 0.00000000000 0.00000000000 0.00000000000
0.06861845472 0.00228797741 0.23133861235 0.00000000000 0.00000000000 0.00000000000 0.00000000000 0.00000000000 0.00000000000 0.00000000000 0.00000000000
0.06861840480 0.00228293635 0.23133866282 0.00000000000 0.00000000000 0.00000000000 0.00000000000 0.00000000000 0.00000000000 0.00000000000 0.00000000000
0.06861843959 0.00227789513 0.23133871204 0.00000000000 0.00000000000 0.00000000000 0.00000000000 0.00000000000 0.00000000000 0.00000000000 0.00000000000
0.06861855906 0.00227285519 0.23133876001 0.00000000000 0.00000000000 0.00000000000 0.00000000000 0.00000000000 0.00000000000 0.00000000000 0.00000000000
0.06861876319 0.00226781794 0.23133880671 0.00000000000 0.00000000000 0.00000000000 0.00000000000 0.00000000000 0.00000000000 0.00000000000 0.00000000000
0.06861905192 0.00226278481 0.23133885212 0.00000000000 0.00000000000 0.00000000000 0.00000000000 0.00000000000 0.00000000000 0.00000000000 0.00000000000
0.06861942516 0.00225775721 0.23133889623 0.00000000000 0.00000000000 0.00000000000 0.00000000000 0.00000000000 0.00000000000 0.00000000000 0.00000000000
0.06861988282 0.00225273657 0.23133893904 0.00000000000 0.00000000000 0.00000000000 0.00000000000 0.00000000000 0.00000000000 0.00000000000 0.00000000000
0.06862042476 0.00224772430 0.23133898052 0.00000000000 0.00000000000 0.00000000000 0.00000000000 0.00000000000 0.00000000000 0.00000000000 0.00000000000
0.06862105084 0.00224272183 0.23133902067 0.00000000000 0.00000000000 0.00000000000 0.00000000000 0.00000000000 0.00000000000 0.00000000000 0.00000000000
0.06862176087 0.00223773055 0.23133905948 0.00000000000 0.00000000000 0.00000000000 0.00000000000 0.00000000000 0.00000000000 0.00000000000 0.00000000000
0.06862255467 0.00223275188 0.23133909693 0.00000000000 0.00000000000 0.00000000000 0.00000000000 0.00000000000 0.00000000000 0.00000000000 0.00000000000
0.06862343199 0.00222778723 0.23133913303 0.00000000000 0.00000000000 0.00000000000 0.00000000000 0.00000000000 0.00000000000 0.00000000000 0.00000000000
0.06862439260 0.00222283800 0.23133916775 0.00000000000 0.00000000000 0.00000000000 0.00000000000 0.00000000000 0.00000000000 0.00000000000 0.00000000000
0.06862543623 0.00221790558 0.23133920109 0.00000000000 0.00000000000 0.00000000000 0.00000000000 0.00000000000 0.00000000000 0.00000000000 0.00000000000
0.06862656258 0.00221299137 0.23133923303 0.00000000000 0.00000000000 0.00000000000 0.00000000000 0.00000000000 0.00000000000 0.00000000000 0.00000000000
0.06862777134 0.00220809675 0.23133926359 0.00000000000 0.00000000000 0.00000000000 0.00000000000 0.00000000000 0.00000000000 0.00000000000 0.00000000000
0.06862906216 0.00220322311 0.23133929274 0.00000000000 0.00000000000 0.00000000000 0.00000000000 0.00000000000 0.00000000000 0.00000000000 0.00000000000
0.06863043469 0.00219837182 0.23133932047 0.00000000000 0.00000000000 0.00000000000 0.00000000000 0.00000000000 0.00000000000 0.00000000000 0.00000000000
0.06863188853 0.00219354425 0.23133934679 0.00000000000 0.00000000000 0.00000000000 0.00000000000 0.00000000000 0.00000000000 0.00000000000 0.00000000000
0.06863342327 0.00218874177 0.23133937169 0.00000000000 0.00000000000 0.00000000000 0.00000000000 0.00000000000 0.00000000000 0.00000000000 0.00000000000
0.06863503849 0.00218396572 0.23133939515 0.00000000000 0.00000000000 0.00000000000 0.00000000000 0.00000000000 0.00000000000 0.00000000000 0.00000000000
0.06863673372 0.00217921747 0.23133941719 0.00000000000 0.00000000000 0.00000000000 0.00000000000 0.00000000000 0.00000000000 0.00000000000 0.00000000000
0.06863850850 0.00217449835 0.23133943778 0.00000000000 0.00000000000 0.00000000000 0.00000000000 0.00000000000 0.00000000000 0.00000000000 0.00000000000
0.06864036231 0.00216980969 0.23133945693 0.00000000000 0.00000000000 0.00000000000 0.00000000000 0.00000000000 0.00000000000 0.00000000000 0.00000000000
0.06864229464 0.00216515281 0.23133947464 0.00000000000 0.00000000000 0.00000000000 0.00000000000 0.00000000000 0.00000000000 0.00000000000 0.00000000000
0.06864430495 0.00216052904 0.23133949090 0.00000000000 0.00000000000 0.00000000000 0.00000000000 0.00000000000 0.00000000000 0.00000000000 0.00000000000
0.06864639266 0.00215593967 0.23133950570 0.00000000000 0.00000000000 0.00000000000 0.00000000000 0.00000000000 0.00000000000 0.00000000000 0.00000000000
0.06864855718 0.00215138601 0.23133951905 0.00000000000 0.00000000000 0.00000000000 0.00000000000 0.00000000000 0.00000000000 0.00000000000 0.00000000000
0.06865079791 0.00214686933 0.23133953095 0.00000000000 0.00000000000 0.00000000000 0.00000000000 0.00000000000 0.00000000000 0.00000000000 0.00000000000
0.06865311422 0.00214239092 0.23133954139 0.00000000000 0.00000000000 0.00000000000 0.00000000000 0.00000000000 0.00000000000 0.00000000000 0.00000000000
0.06865550545 0.00213795204 0.23133955037 0.00000000000 0.00000000000 0.00000000000 0.00000000000 0.00000000000 0.00000000000 0.00000000000 0.00000000000
0.06865797092 0.00213355393 0.23133955790 0.00000000000 0.00000000000 0.00000000000 0.00000000000 0.00000000000 0.00000000000 0.00000000000 0.00000000000
0.06866050995 0.00212919786 0.23133956397 0.00000000000 0.00000000000 0.00000000000 0.00000000000 0.00000000000 0.00000000000 0.00000000000 0.00000000000
0.06866312182 0.00212488503 0.23133956858 0.00000000000 0.00000000000 0.00000000000 0.00000000000 0.00000000000 0.00000000000 0.00000000000 0.00000000000
0.06866580578 0.00212061668 0.23133957173 0.00000000000 0.00000000000 0.00000000000 0.00000000000 0.00000000000 0.00000000000 0.00000000000 0.00000000000
0.06866856108 0.00211639400 0.23133957344 0.00000000000 0.00000000000 0.00000000000 0.00000000000 0.00000000000 0.00000000000 0.00000000000 0.00000000000
0.06867138695 0.00211221820 0.23133957369 0.00000000000 0.00000000000 0.00000000000 0.00000000000 0.00000000000 0.00000000000 0.00000000000 0.00000000000
0.06867428259 0.00210809044 0.23133957249 0.00000000000 0.00000000000 0.00000000000 0.00000000000 0.00000000000 0.00000000000 0.00000000000 0.00000000000
0.06867724718 0.00210401190 0.23133956984 0.00000000000 0.00000000000 0.00000000000 0.00000000000 0.00000000000 0.00000000000 0.00000000000 0.00000000000
0.06868027989 0.00209998372 0.23133956575 0.00000000000 0.00000000000 0.00000000000 0.00000000000 0.00000000000 0.00000000000 0.00000000000 0.00000000000
0.06868337985 0.00209600705 0.23133956023 0.00000000000 0.00000000000 0.00000000000 0.00000000000 0.00000000000 0.00000000000 0.00000000000 0.00000000000
0.06868654620 0.00209208300 0.23133955326 0.00000000000 0.00000000000 0.00000000000 0.00000000000 0.00000000000 0.00000000000 0.00000000000 0.00000000000
0.06868977804 0.00208821269 0.23133954487 0.00000000000 0.00000000000 0.00000000000 0.00000000000 0.00000000000 0.00000000000 0.00000000000 0.00000000000
0.06869307446 0.00208439721 0.23133953505 0.00000000000 0.00000000000 0.00000000000 0.00000000000 0.00000000000 0.00000000000 0.00000000000 0.00000000000
0.06869643453 0.00208063763 0.23133952382 0.00000000000 0.00000000000 0.00000000000 0.00000000000 0.00000000000 0.00000000000 0.00000000000 0.00000000000
0.06869985731 0.00207693502 0.23133951117 0.00000000000 0.00000000000 0.00000000000 0.00000000000 0.00000000000 0.00000000000 0.00000000000 0.00000000000
0.06870334182 0.00207329042 0.23133949711 0.00000000000 0.00000000000 0.00000000000 0.00000000000 0.00000000000 0.00000000000 0.00000000000 0.00000000000
0.06870688708 0.00206970487 0.23133948165 0.00000000000 0.00000000000 0.00000000000 0.00000000000 0.00000000000 0.00000000000 0.00000000000 0.00000000000
0.06871049210 0.00206617937 0.23133946480 0.00000000000 0.00000000000 0.00000000000 0.00000000000 0.00000000000 0.00000000000 0.00000000000 0.00000000000
0.06871415586 0.00206271493 0.23133944656 0.00000000000 0.00000000000 0.00000000000 0.00000000000 0.00000000000 0.00000000000 0.00000000000 0.00000000000
0.06871787732 0.00205931251 0.23133942694 0.00000000000 0.00000000000 0.00000000000 0.00000000000 0.00000000000 0.00000000000 0.00000000000 0.00000000000
0.06872165543 0.00205597308 0.23133940595 0.00000000000 0.00000000000 0.00000000000 0.00000000000 0.00000000000 0.00000000000 0.00000000000 0.00000000000
0.06872548912 0.00205269759 0.23133938360 0.00000000000 0.00000000000 0.00000000000 0.00000000000 0.00000000000 0.00000000000 0.00000000000 0.00000000000
0.06872937733 0.00204948696 0.23133935990 0.00000000000 0.00000000000 0.00000000000 0.00000000000 0.00000000000 0.00000000000 0.00000000000 0.00000000000
0.06873331894 0.00204634209 0.23133933486 0.00000000000 0.00000000000 0.00000000000 0.00000000000 0.00000000000 0.00000000000 0.00000000000 0.00000000000
0.06873731284 0.00204326388 0.23133930848 0.00000000000 0.00000000000 0.00000000000 0.00000000000 0.00000000000 0.00000000000 0.00000000000 0.00000000000
0.06874135792 0.00204025319 0.23133928078 0.00000000000 0.00000000000 0.00000000000 0.00000000000 0.00000000000 0.00000000000 0.00000000000 0.00000000000
0.06874545302 0.00203731088 0.23133925177 0.00000000000 0.00000000000 0.00000000000 0.00000000000 0.00000000000 0.00000000000 0.00000000000 0.00000000000
0.06874959699 0.00203443778 0.23133922146 0.00000000000 0.00000000000 0.00000000000 0.00000000000 0.00000000000 0.00000000000 0.00000000000 0.00000000000
0.06875518590 0.00203070032 0.23133917931 0.00000000000 0.00000000000 0.00000000000 0.00000000000 0.00000000000 0.00000000000 0.00000000000 0.00000000000
0.06875944735 0.00202800345 0.23133914579 0.00000000000 0.00000000000 0.00000000000 0.00000000000 0.00000000000 0.00000000000 0.00000000000 0.00000000000
0.06876231773 0.00202625377 0.23133912261 0.00000000000 0.00000000000 0.00000000000 0.00000000000 0.00000000000 0.00000000000 0.00000000000 0.00000000000
ZONE T="NURB"
I=201, J=1, K=1
0.06868082491 0.00246566054 0.23133594997 3333.33782090715 0.00000000000 0.00000000000 0.00000000000 0.00000000000 0.00000000000 0.00000000000 0.23134908954
0.06867929487 0.00246365847 0.23133599182 3332.84012614087 0.00000000000 0.00000000000 0.00000000000 0.00000000000 0.00000000000 0.00000000000 0.23134911006
0.06867778170 0.00246164362 0.23133603356 3332.57859574498 0.00000000000 0.00000000000 0.00000000000 0.00000000000 0.00000000000 0.00000000000 0.23134913035
0.06867628550 0.00245961612 0.23133607520 3332.55338460138 0.00000000000 0.00000000000 0.00000000000 0.00000000000 0.00000000000 0.00000000000 0.23134915042
0.06867480638 0.00245757612 0.23133611673 3332.76449930463 0.00000000000 0.00000000000 0.00000000000 0.00000000000 0.00000000000 0.00000000000 0.23134917027
0.06867334444 0.00245552377 0.23133615814 3332.63806400881 0.00000000000 0.00000000000 0.00000000000 0.00000000000 0.00000000000 0.00000000000 0.23134918988
0.06867189979 0.00245345920 0.23133619943 3332.72994484882 0.00000000000 0.00000000000 0.00000000000 0.00000000000 0.00000000000 0.00000000000 0.23134920927
0.06867047253 0.00245138256 0.23133624060 3332.60964490644 0.00000000000 0.00000000000 0.00000000000 0.00000000000 0.00000000000 0.00000000000 0.23134922842
0.06866906275 0.00244929399 0.23133628163 3332.73077829748 0.00000000000 0.00000000000 0.00000000000 0.00000000000 0.00000000000 0.00000000000 0.23134924733
0.06866767056 0.00244719365 0.23133632254 3332.60953474657 0.00000000000 0.00000000000 0.00000000000 0.00000000000 0.00000000000 0.00000000000 0.23134926601
0.06866629606 0.00244508168 0.23133636331 3332.72320700421 0.00000000000 0.00000000000 0.00000000000 0.00000000000 0.00000000000 0.00000000000 0.23134928445
0.06866493934 0.00244295823 0.23133640395 3332.60477578607 0.00000000000 0.00000000000 0.00000000000 0.00000000000 0.00000000000 0.00000000000 0.23134930265
0.06866360050 0.00244082345 0.23133644445 3332.72116497786 0.00000000000 0.00000000000 0.00000000000 0.00000000000 0.00000000000 0.00000000000 0.23134932061
0.06866227963 0.00243867750 0.23133648480 3332.60248543457 0.00000000000 0.00000000000 0.00000000000 0.00000000000 0.00000000000 0.00000000000 0.23134933833
0.06866097684 0.00243652051 0.23133652501 3332.71852425466 0.00000000000 0.00000000000 0.00000000000 0.00000000000 0.00000000000 0.00000000000 0.23134935581
0.06865969220 0.00243435265 0.23133656507 3332.60039328212 0.00000000000 0.00000000000 0.00000000000 0.00000000000 0.00000000000 0.00000000000 0.23134937305
0.06865842581 0.00243217407 0.23133660497 3332.71688309674 0.00000000000 0.00000000000 0.00000000000 0.00000000000 0.00000000000 0.00000000000 0.23134939004
0.06865717776 0.00242998492 0.23133664472 3332.59908374206 0.00000000000 0.00000000000 0.00000000000 0.00000000000 0.00000000000 0.00000000000 0.23134940678
0.06865594813 0.00242778536 0.23133668431 3332.71580964431 0.00000000000 0.00000000000 0.00000000000 0.00000000000 0.00000000000 0.00000000000 0.23134942328
0.06865473703 0.00242557553 0.23133672374 3332.59837692321 0.00000000000 0.00000000000 0.00000000000 0.00000000000 0.00000000000 0.00000000000 0.23134943953
0.06865354452 0.00242335560 0.23133676301 3332.71537371226 0.00000000000 0.00000000000 0.00000000000 0.00000000000 0.00000000000 0.00000000000 0.23134945552
0.06865237070 0.00242112573 0.23133680211 3332.59829218825 0.00000000000 0.00000000000 0.00000000000 0.00000000000 0.00000000000 0.00000000000 0.23134947127
0.06865121564 0.00241888606 0.23133684103 3332.71554919089 0.00000000000 0.00000000000 0.00000000000 0.00000000000 0.00000000000 0.00000000000 0.23134948677
0.06865007943 0.00241663677 0.23133687978 3332.59879763629 0.00000000000 0.00000000000 0.00000000000 0.00000000000 0.00000000000 0.00000000000 0.23134950201
0.06864896216 0.00241437800 0.23133691836 3332.71629444814 0.00000000000 0.00000000000 0.00000000000 0.00000000000 0.00000000000 0.00000000000 0.23134951700
0.06864786389 0.00241210991 0.23133695675 3332.59987516927 0.00000000000 0.00000000000 0.00000000000 0.00000000000 0.00000000000 0.00000000000 0.23134953174
0.06864678471 0.00240983267 0.23133699497 3332.71761406645 0.00000000000 0.00000000000 0.00000000000 0.00000000000 0.00000000000 0.00000000000 0.23134954621
0.06864572469 0.00240754644 0.23133703299 3332.60149853613 0.00000000000 0.00000000000 0.00000000000 0.00000000000 0.00000000000 0.00000000000 0.23134956044
0.06864468390 0.00240525138 0.23133707083 3332.71945545171 0.00000000000 0.00000000000 0.00000000000 0.00000000000 0.00000000000 0.00000000000 0.23134957440
0.06864366243 0.00240294765 0.23133710848 3332.60364887824 0.00000000000 0.00000000000 0.00000000000 0.00000000000 0.00000000000 0.00000000000 0.23134958810
0.06864266034 0.00240063541 0.23133714593 3332.72182950224 0.00000000000 0.00000000000 0.00000000000 0.00000000000 0.00000000000 0.00000000000 0.23134960155
0.06864167771 0.00239831482 0.23133718318 3332.60629928230 0.00000000000 0.00000000000 0.00000000000 0.00000000000 0.00000000000 0.00000000000 0.23134961473
0.06864071460 0.00239598605 0.23133722023 3332.72467455240 0.00000000000 0.00000000000 0.00000000000 0.00000000000 0.00000000000 0.00000000000 0.23134962765
0.06863977108 0.00239364927 0.23133725708 3332.60942328035 0.00000000000 0.00000000000 0.00000000000 0.00000000000 0.00000000000 0.00000000000 0.23134964031
0.06863884722 0.00239130464 0.23133729373 3332.72799803506 0.00000000000 0.00000000000 0.00000000000 0.00000000000 0.00000000000 0.00000000000 0.23134965270
0.06863794308 0.00238895232 0.23133733016 3332.61300111477 0.00000000000 0.00000000000 0.00000000000 0.00000000000 0.00000000000 0.00000000000 0.23134966483
0.06863705874 0.00238659247 0.23133736638 3332.73175391499 0.00000000000 0.00000000000 0.00000000000 0.00000000000 0.00000000000 0.00000000000 0.23134967670
0.06863619424 0.00238422528 0.23133740239 3332.61700369075 0.00000000000 0.00000000000 0.00000000000 0.00000000000 0.00000000000 0.00000000000 0.23134968830
0.06863534965 0.00238185089 0.23133743818 3332.73592718110 0.00000000000 0.00000000000 0.00000000000 0.00000000000 0.00000000000 0.00000000000 0.23134969963
0.06863452503 0.00237946949 0.23133747375 3332.62140770809 0.00000000000 0.00000000000 0.00000000000 0.00000000000 0.00000000000 0.00000000000 0.23134971069
0.06863372045 0.00237708124 0.23133750910 3332.74048533110 0.00000000000 0.00000000000 0.00000000000 0.00000000000 0.00000000000 0.00000000000 0.23134972148
0.06863293595 0.00237468630 0.23133754422 3332.62618481570 0.00000000000 0.00000000000 0.00000000000 0.00000000000 0.00000000000 0.00000000000 0.23134973201
0.06863217159 0.00237228485 0.23133757911 3332.74541067705 0.00000000000 0.00000000000 0.00000000000 0.00000000000 0.00000000000 0.00000000000 0.23134974226
0.06863142743 0.00236987705 0.23133761378 3332.63130950950 0.00000000000 0.00000000000 0.00000000000 0.00000000000 0.00000000000 0.00000000000 0.23134975225
0.06863070352 0.00236746308 0.23133764821 3332.75066564757 0.00000000000 0.00000000000 0.00000000000 0.00000000000 0.00000000000 0.00000000000 0.23134976196
0.06862999990 0.00236504310 0.23133768240 3332.63675623359 0.00000000000 0.00000000000 0.00000000000 0.00000000000 0.00000000000 0.00000000000 0.23134977140
0.06862931664 0.00236261729 0.23133771635 3332.75623699725 0.00000000000 0.00000000000 0.00000000000 0.00000000000 0.00000000000 0.00000000000 0.23134978057
0.06862865378 0.00236018582 0.23133775007 3332.64249868402 0.00000000000 0.00000000000 0.00000000000 0.00000000000 0.00000000000 0.00000000000 0.23134978946
0.06862801136 0.00235774885 0.23133778353 3332.76208581176 0.00000000000 0.00000000000 0.00000000000 0.00000000000 0.00000000000 0.00000000000 0.23134979808
0.06862738943 0.00235530657 0.23133781676 3332.64850552872 0.00000000000 0.00000000000 0.00000000000 0.00000000000 0.00000000000 0.00000000000 0.23134980642
0.06862678803 0.00235285914 0.23133784973 3332.76818948249 0.00000000000 0.00000000000 0.00000000000 0.00000000000 0.00000000000 0.00000000000 0.23134981449
0.06862620722 0.00235040673 0.23133788245 3332.65475699102 0.00000000000 0.00000000000 0.00000000000 0.00000000000 0.00000000000 0.00000000000 0.23134982228
0.06862564702 0.00234794953 0.23133791492 3332.77452808897 0.00000000000 0.00000000000 0.00000000000 0.00000000000 0.00000000000 0.00000000000 0.23134982980
0.06862510748 0.00234548769 0.23133794713 3332.66121892192 0.00000000000 0.00000000000 0.00000000000 0.00000000000 0.00000000000 0.00000000000 0.23134983704
0.06862458863 0.00234302140 0.23133797909 3332.78105402382 0.00000000000 0.00000000000 0.00000000000 0.00000000000 0.00000000000 0.00000000000 0.23134984400
0.06862409052 0.00234055083 0.23133801078 3332.66786596842 0.00000000000 0.00000000000 0.00000000000 0.00000000000 0.00000000000 0.00000000000 0.23134985068
0.06862361318 0.00233807615 0.23133804221 3332.78776586770 0.00000000000 0.00000000000 0.00000000000 0.00000000000 0.00000000000 0.00000000000 0.23134985708
0.06862315664 0.00233559755 0.23133807337 3332.67467367846 0.00000000000 0.00000000000 0.00000000000 0.00000000000 0.00000000000 0.00000000000 0.23134986321
0.06862272094 0.00233311518 0.23133810426 3332.79461420498 0.00000000000 0.00000000000 0.00000000000 0.00000000000 0.00000000000 0.00000000000 0.23134986905
0.06862230610 0.00233062923 0.23133813489 3332.68161207909 0.00000000000 0.00000000000 0.00000000000 0.00000000000 0.00000000000 0.00000000000 0.23134987462
0.06862191216 0.00232813988 0.23133816524 3332.80159114649 0.00000000000 0.00000000000 0.00000000000 0.00000000000 0.00000000000 0.00000000000 0.23134987990
0.06862153913 0.00232564730 0.23133819532 3332.68865205562 0.00000000000 0.00000000000 0.00000000000 0.00000000000 0.00000000000 0.00000000000 0.23134988491
0.06862118706 0.00232315166 0.23133822511 3332.80864488487 0.00000000000 0.00000000000 0.00000000000 0.00000000000 0.00000000000 0.00000000000 0.23134988963
0.06862085597 0.00232065315 0.23133825463 3332.69576894802 0.00000000000 0.00000000000 0.00000000000 0.00000000000 0.00000000000 0.00000000000 0.23134989407
0.06862054587 0.00231815193 0.23133828387 3332.81577684083 0.00000000000 0.00000000000 0.00000000000 0.00000000000 0.00000000000 0.00000000000 0.23134989823
0.06862025679 0.00231564818 0.23133831283 3332.70293618945 0.00000000000 0.00000000000 0.00000000000 0.00000000000 0.00000000000 0.00000000000 0.23134990211
0.06861998875 0.00231314209 0.23133834149 3332.82293349670 0.00000000000 0.00000000000 0.00000000000 0.00000000000 0.00000000000 0.00000000000 0.23134990571
0.06861974178 0.00231063383 0.23133836987 3332.71012491734 0.00000000000 0.00000000000 0.00000000000 0.00000000000 0.00000000000 0.00000000000 0.23134990902
0.06861951588 0.00230812356 0.23133839796 3332.83011147097 0.00000000000 0.00000000000 0.00000000000 0.00000000000 0.00000000000 0.00000000000 0.23134991205
0.06861931107 0.00230561149 0.23133842576 3332.71730964209 0.00000000000 0.00000000000 0.00000000000 0.00000000000 0.00000000000 0.00000000000 0.23134991480
0.06861912737 0.00230309777 0.23133845327 3332.83726190544 0.00000000000 0.00000000000 0.00000000000 0.00000000000 0.00000000000 0.00000000000 0.23134991727
0.06861896479 0.00230058258 0.23133848047 3332.72446114010 0.00000000000 0.00000000000 0.00000000000 0.00000000000 0.00000000000 0.00000000000 0.23134991945
0.06861882335 0.00229806611 0.23133850738 3332.84437559130 0.00000000000 0.00000000000 0.00000000000 0.00000000000 0.00000000000 0.00000000000 0.23134992134
0.06861870305 0.00229554854 0.23133853399 3332.73155608359 0.00000000000 0.00000000000 0.00000000000 0.00000000000 0.00000000000 0.00000000000 0.23134992296
0.06861860390 0.00229303003 0.23133856030 3332.85141416029 0.00000000000 0.00000000000 0.00000000000 0.00000000000 0.00000000000 0.00000000000 0.23134992429
0.06861852591 0.00229051076 0.23133858630 3332.73856506469 0.00000000000 0.00000000000 0.00000000000 0.00000000000 0.00000000000 0.00000000000 0.23134992533
0.06861846908 0.00228799093 0.23133861200 3332.85836063503 0.00000000000 0.00000000000 0.00000000000 0.00000000000 0.00000000000 0.00000000000 0.23134992610
0.06861843343 0.00228547069 0.23133863739 3332.74546772042 0.00000000000 0.00000000000 0.00000000000 0.00000000000 0.00000000000 0.00000000000 0.23134992658
0.06861841894 0.00228295024 0.23133866247 3332.86518851030 0.00000000000 0.00000000000 0.00000000000 0.00000000000 0.00000000000 0.00000000000 0.23134992677
0.06861842563 0.00228042974 0.23133868724 3332.75223297325 0.00000000000 0.00000000000 0.00000000000 0.00000000000 0.00000000000 0.00000000000 0.23134992668
0.06861845349 0.00227790938 0.23133871170 3332.87185845982 0.00000000000 0.00000000000 0.00000000000 0.00000000000 0.00000000000 0.00000000000 0.23134992631
0.06861850252 0.00227538934 0.23133873584 3332.75883576312 0.00000000000 0.00000000000 0.00000000000 0.00000000000 0.00000000000 0.00000000000 0.23134992565
0.06861857272 0.00227286978 0.23133875967 3332.87836600817 0.00000000000 0.00000000000 0.00000000000 0.00000000000 0.00000000000 0.00000000000 0.23134992471
0.06861866408 0.00227035090 0.23133878318 3332.76525779849 0.00000000000 0.00000000000 0.00000000000 0.00000000000 0.00000000000 0.00000000000 0.23134992348
0.06861877659 0.00226783286 0.23133880636 3332.88467855863 0.00000000000 0.00000000000 0.00000000000 0.00000000000 0.00000000000 0.00000000000 0.23134992197
0.06861891026 0.00226531585 0.23133882923 3332.77146765194 0.00000000000 0.00000000000 0.00000000000 0.00000000000 0.00000000000 0.00000000000 0.23134992018
0.06861906506 0.00226280004 0.23133885178 3332.89076262622 0.00000000000 0.00000000000 0.00000000000 0.00000000000 0.00000000000 0.00000000000 0.23134991810
0.06861924099 0.00226028561 0.23133887400 3332.77744310998 0.00000000000 0.00000000000 0.00000000000 0.00000000000 0.00000000000 0.00000000000 0.23134991574
0.06861943804 0.00225777274 0.23133889589 3332.89660909727 0.00000000000 0.00000000000 0.00000000000 0.00000000000 0.00000000000 0.00000000000 0.23134991310
0.06861965619 0.00225526160 0.23133891746 3332.78316440984 0.00000000000 0.00000000000 0.00000000000 0.00000000000 0.00000000000 0.00000000000 0.23134991017
0.06861989543 0.00225275237 0.23133893870 3332.90218600974 0.00000000000 0.00000000000 0.00000000000 0.00000000000 0.00000000000 0.00000000000 0.23134990696
0.06862015574 0.00225024524 0.23133895961 3332.78860247454 0.00000000000 0.00000000000 0.00000000000 0.00000000000 0.00000000000 0.00000000000 0.23134990347
0.06862043710 0.00224774037 0.23133898018 3332.90746714217 0.00000000000 0.00000000000 0.00000000000 0.00000000000 0.00000000000 0.00000000000 0.23134989969
0.06862073950 0.00224523794 0.23133900043 3332.79374232028 0.00000000000 0.00000000000 0.00000000000 0.00000000000 0.00000000000 0.00000000000 0.23134989564
0.06862106290 0.00224273814 0.23133902033 3332.91245477589 0.00000000000 0.00000000000 0.00000000000 0.00000000000 0.00000000000 0.00000000000 0.23134989130
0.06862140730 0.00224024113 0.23133903991 3332.79855532786 0.00000000000 0.00000000000 0.00000000000 0.00000000000 0.00000000000 0.00000000000 0.23134988668
0.06862177266 0.00223774709 0.23133905914 3332.91708135693 0.00000000000 0.00000000000 0.00000000000 0.00000000000 0.00000000000 0.00000000000 0.23134988178
0.06862215896 0.00223525620 0.23133907804 3332.80302277035 0.00000000000 0.00000000000 0.00000000000 0.00000000000 0.00000000000 0.00000000000 0.23134987659
0.06862256617 0.00223276864 0.23133909660 3332.92138105408 0.00000000000 0.00000000000 0.00000000000 0.00000000000 0.00000000000 0.00000000000 0.23134987113
0.06862299426 0.00223028457 0.23133911482 3332.80713011557 0.00000000000 0.00000000000 0.00000000000 0.00000000000 0.00000000000 0.00000000000 0.23134986539
0.06862344321 0.00222780418 0.23133913270 3332.92528653217 0.00000000000 0.00000000000 0.00000000000 0.00000000000 0.00000000000 0.00000000000 0.23134985936
0.06862391298 0.00222532764 0.23133915023 3332.81084148730 0.00000000000 0.00000000000 0.00000000000 0.00000000000 0.00000000000 0.00000000000 0.23134985306
0.06862440353 0.00222285513 0.23133916742 3332.92879928249 0.00000000000 0.00000000000 0.00000000000 0.00000000000 0.00000000000 0.00000000000 0.23134984648
0.06862491485 0.00222038681 0.23133918426 3332.81415496180 0.00000000000 0.00000000000 0.00000000000 0.00000000000 0.00000000000 0.00000000000 0.23134983962
0.06862544688 0.00221792287 0.23133920076 3332.93191065278 0.00000000000 0.00000000000 0.00000000000 0.00000000000 0.00000000000 0.00000000000 0.23134983248
0.06862599959 0.00221546348 0.23133921691 3332.81704179883 0.00000000000 0.00000000000 0.00000000000 0.00000000000 0.00000000000 0.00000000000 0.23134982507
0.06862657294 0.00221300881 0.23133923271 3332.93457401282 0.00000000000 0.00000000000 0.00000000000 0.00000000000 0.00000000000 0.00000000000 0.23134981738
0.06862716690 0.00221055903 0.23133924816 3332.81948405970 0.00000000000 0.00000000000 0.00000000000 0.00000000000 0.00000000000 0.00000000000 0.23134980941
0.06862778142 0.00220811432 0.23133926327 3332.93679835418 0.00000000000 0.00000000000 0.00000000000 0.00000000000 0.00000000000 0.00000000000 0.23134980116
0.06862841645 0.00220567485 0.23133927802 3332.82147123975 0.00000000000 0.00000000000 0.00000000000 0.00000000000 0.00000000000 0.00000000000 0.23134979264
0.06862907196 0.00220324080 0.23133929242 3332.93855243637 0.00000000000 0.00000000000 0.00000000000 0.00000000000 0.00000000000 0.00000000000 0.23134978385
0.06862974789 0.00220081232 0.23133930647 3332.82297801703 0.00000000000 0.00000000000 0.00000000000 0.00000000000 0.00000000000 0.00000000000 0.23134977478
0.06863044420 0.00219838961 0.23133932016 3332.93981731550 0.00000000000 0.00000000000 0.00000000000 0.00000000000 0.00000000000 0.00000000000 0.23134976544
0.06863116084 0.00219597282 0.23133933350 3332.82399131115 0.00000000000 0.00000000000 0.00000000000 0.00000000000 0.00000000000 0.00000000000 0.23134975582
0.06863189776 0.00219356212 0.23133934648 3332.94058839558 0.00000000000 0.00000000000 0.00000000000 0.00000000000 0.00000000000 0.00000000000 0.23134974594
0.06863265491 0.00219115770 0.23133935911 3332.82449816007 0.00000000000 0.00000000000 0.00000000000 0.00000000000 0.00000000000 0.00000000000 0.23134973578
0.06863343223 0.00218875971 0.23133937138 3332.94084189098 0.00000000000 0.00000000000 0.00000000000 0.00000000000 0.00000000000 0.00000000000 0.23134972535
0.06863422967 0.00218636833 0.23133938330 3332.82447959821 0.00000000000 0.00000000000 0.00000000000 0.00000000000 0.00000000000 0.00000000000 0.23134971465
0.06863504718 0.00218398372 0.23133939485 3332.94056524681 0.00000000000 0.00000000000 0.00000000000 0.00000000000 0.00000000000 0.00000000000 0.23134970368
0.06863588469 0.00218160606 0.23133940605 3332.82392520237 0.00000000000 0.00000000000 0.00000000000 0.00000000000 0.00000000000 0.00000000000 0.23134969245
0.06863674215 0.00217923551 0.23133941689 3332.93974907264 0.00000000000 0.00000000000 0.00000000000 0.00000000000 0.00000000000 0.00000000000 0.23134968095
0.06863761949 0.00217687224 0.23133942737 3332.82282058519 0.00000000000 0.00000000000 0.00000000000 0.00000000000 0.00000000000 0.00000000000 0.23134966917
0.06863851666 0.00217451641 0.23133943749 3332.93837444242 0.00000000000 0.00000000000 0.00000000000 0.00000000000 0.00000000000 0.00000000000 0.23134965714
0.06863943360 0.00217216820 0.23133944724 3332.82115273485 0.00000000000 0.00000000000 0.00000000000 0.00000000000 0.00000000000 0.00000000000 0.23134964484
0.06864037022 0.00216982776 0.23133945664 3332.93643309595 0.00000000000 0.00000000000 0.00000000000 0.00000000000 0.00000000000 0.00000000000 0.23134963227
0.06864132648 0.00216749527 0.23133946568 3332.81890535495 0.00000000000 0.00000000000 0.00000000000 0.00000000000 0.00000000000 0.00000000000 0.23134961944
0.06864230231 0.00216517088 0.23133947435 3332.93390301153 0.00000000000 0.00000000000 0.00000000000 0.00000000000 0.00000000000 0.00000000000 0.23134960635
0.06864329763 0.00216285477 0.23133948266 3332.81607797872 0.00000000000 0.00000000000 0.00000000000 0.00000000000 0.00000000000 0.00000000000 0.23134959300
0.06864431237 0.00216054709 0.23133949061 3332.93080479273 0.00000000000 0.00000000000 0.00000000000 0.00000000000 0.00000000000 0.00000000000 0.23134957938
0.06864534647 0.00215824801 0.23133949820 3332.81265253609 0.00000000000 0.00000000000 0.00000000000 0.00000000000 0.00000000000 0.00000000000 0.23134956551
0.06864639985 0.00215595769 0.23133950542 3332.92708019745 0.00000000000 0.00000000000 0.00000000000 0.00000000000 0.00000000000 0.00000000000 0.23134955138
0.06864747243 0.00215367629 0.23133951228 3332.80861857235 0.00000000000 0.00000000000 0.00000000000 0.00000000000 0.00000000000 0.00000000000 0.23134953699
0.06864856415 0.00215140398 0.23133951878 3332.92276538044 0.00000000000 0.00000000000 0.00000000000 0.00000000000 0.00000000000 0.00000000000 0.23134952234
0.06864967492 0.00214914091 0.23133952491 3332.80397311349 0.00000000000 0.00000000000 0.00000000000 0.00000000000 0.00000000000 0.00000000000 0.23134950744
0.06865080466 0.00214688725 0.23133953068 3332.91782042965 0.00000000000 0.00000000000 0.00000000000 0.00000000000 0.00000000000 0.00000000000 0.23134949228
0.06865195331 0.00214464315 0.23133953608 3332.79870054850 0.00000000000 0.00000000000 0.00000000000 0.00000000000 0.00000000000 0.00000000000 0.23134947687
0.06865312076 0.00214240877 0.23133954112 3332.91225713971 0.00000000000 0.00000000000 0.00000000000 0.00000000000 0.00000000000 0.00000000000 0.23134946121
0.06865430696 0.00214018427 0.23133954580 3332.79280150909 0.00000000000 0.00000000000 0.00000000000 0.00000000000 0.00000000000 0.00000000000 0.23134944530
0.06865551180 0.00213796980 0.23133955011 3332.90605949089 0.00000000000 0.00000000000 0.00000000000 0.00000000000 0.00000000000 0.00000000000 0.23134942913
0.06865673520 0.00213576553 0.23133955406 3332.78626402482 0.00000000000 0.00000000000 0.00000000000 0.00000000000 0.00000000000 0.00000000000 0.23134941272
0.06865797709 0.00213357160 0.23133955764 3332.89922047305 0.00000000000 0.00000000000 0.00000000000 0.00000000000 0.00000000000 0.00000000000 0.23134939606
0.06865923736 0.00213138818 0.23133956086 3332.77908143437 0.00000000000 0.00000000000 0.00000000000 0.00000000000 0.00000000000 0.00000000000 0.23134937915
0.06866051594 0.00212921542 0.23133956371 3332.89173610226 0.00000000000 0.00000000000 0.00000000000 0.00000000000 0.00000000000 0.00000000000 0.23134936200
0.06866181273 0.00212705347 0.23133956620 3332.77125145842 0.00000000000 0.00000000000 0.00000000000 0.00000000000 0.00000000000 0.00000000000 0.23134934460
0.06866312764 0.00212490248 0.23133956833 3332.88360422005 0.00000000000 0.00000000000 0.00000000000 0.00000000000 0.00000000000 0.00000000000 0.23134932696
0.06866446058 0.00212276261 0.23133957009 3332.76277199675 0.00000000000 0.00000000000 0.00000000000 0.00000000000 0.00000000000 0.00000000000 0.23134930907
0.06866581145 0.00212063400 0.23133957149 3332.87482321272 0.00000000000 0.00000000000 0.00000000000 0.00000000000 0.00000000000 0.00000000000 0.23134929095
0.06866718016 0.00211851681 0.23133957252 3332.75363235865 0.00000000000 0.00000000000 0.00000000000 0.00000000000 0.00000000000 0.00000000000 0.23134927259
0.06866856661 0.00211641119 0.23133957319 3332.86537405490 0.00000000000 0.00000000000 0.00000000000 0.00000000000 0.00000000000 0.00000000000 0.23134925399
0.06866997071 0.00211431728 0.23133957350 3332.74383406033 0.00000000000 0.00000000000 0.00000000000 0.00000000000 0.00000000000 0.00000000000 0.23134923515
0.06867139236 0.00211223524 0.23133957345 3332.85527707888 0.00000000000 0.00000000000 0.00000000000 0.00000000000 0.00000000000 0.00000000000 0.23134921608
0.06867283145 0.00211016520 0.23133957303 3332.73337682844 0.00000000000 0.00000000000 0.00000000000 0.00000000000 0.00000000000 0.00000000000 0.23134919677
0.06867428788 0.00210810733 0.23133957225 3332.84451312491 0.00000000000 0.00000000000 0.00000000000 0.00000000000 0.00000000000 0.00000000000 0.23134917723
0.06867576156 0.00210606175 0.23133957111 3332.72225323125 0.00000000000 0.00000000000 0.00000000000 0.00000000000 0.00000000000 0.00000000000 0.23134915746
0.06867725237 0.00210402862 0.23133956961 3332.83308454789 0.00000000000 0.00000000000 0.00000000000 0.00000000000 0.00000000000 0.00000000000 0.23134913746
0.06867876022 0.00210200808 0.23133956775 3332.71046423039 0.00000000000 0.00000000000 0.00000000000 0.00000000000 0.00000000000 0.00000000000 0.23134911723
0.06868028499 0.00210000027 0.23133956552 3332.82099349498 0.00000000000 0.00000000000 0.00000000000 0.00000000000 0.00000000000 0.00000000000 0.23134909677
0.06868182658 0.00209800534 0.23133956294 3332.69801382018 0.00000000000 0.00000000000 0.00000000000 0.00000000000 0.00000000000 0.00000000000 0.23134907609
0.06868338488 0.00209602342 0.23133956000 3332.80824257889 0.00000000000 0.00000000000 0.00000000000 0.00000000000 0.00000000000 0.00000000000 0.23134905519
0.06868495979 0.00209405466 0.23133955670 3332.68489813738 0.00000000000 0.00000000000 0.00000000000 0.00000000000 0.00000000000 0.00000000000 0.23134903406
0.06868655118 0.00209209919 0.23133955304 3332.79482490898 0.00000000000 0.00000000000 0.00000000000 0.00000000000 0.00000000000 0.00000000000 0.23134901271
0.06868815894 0.00209015715 0.23133954902 3332.67111922824 0.00000000000 0.00000000000 0.00000000000 0.00000000000 0.00000000000 0.00000000000 0.23134899114
0.06868978298 0.00208822869 0.23133954465 3332.78074939914 0.00000000000 0.00000000000 0.00000000000 0.00000000000 0.00000000000 0.00000000000 0.23134896935
0.06869142316 0.00208631393 0.23133953992 3332.65667931521 0.00000000000 0.00000000000 0.00000000000 0.00000000000 0.00000000000 0.00000000000 0.23134894734
0.06869307937 0.00208441301 0.23133953484 3332.76601220902 0.00000000000 0.00000000000 0.00000000000 0.00000000000 0.00000000000 0.00000000000 0.23134892512
0.06869475150 0.00208252607 0.23133952940 3332.64158212956 0.00000000000 0.00000000000 0.00000000000 0.00000000000 0.00000000000 0.00000000000 0.23134890269
0.06869643943 0.00208065323 0.23133952360 3332.75062464343 0.00000000000 0.00000000000 0.00000000000 0.00000000000 0.00000000000 0.00000000000 0.23134888004
0.06869814304 0.00207879464 0.23133951745 3332.62582639026 0.00000000000 0.00000000000 0.00000000000 0.00000000000 0.00000000000 0.00000000000 0.23134885719
0.06869986221 0.00207695042 0.23133951095 3332.73457174394 0.00000000000 0.00000000000 0.00000000000 0.00000000000 0.00000000000 0.00000000000 0.23134883412
0.06870159682 0.00207512070 0.23133950410 3332.60941855852 0.00000000000 0.00000000000 0.00000000000 0.00000000000 0.00000000000 0.00000000000 0.23134881085
0.06870334675 0.00207330561 0.23133949690 3332.71788310742 0.00000000000 0.00000000000 0.00000000000 0.00000000000 0.00000000000 0.00000000000 0.23134878738
0.06870511187 0.00207150528 0.23133948934 3332.59236714412 0.00000000000 0.00000000000 0.00000000000 0.00000000000 0.00000000000 0.00000000000 0.23134876370
0.06870689205 0.00206971984 0.23133948144 3332.70054483121 0.00000000000 0.00000000000 0.00000000000 0.00000000000 0.00000000000 0.00000000000 0.23134873981
0.06870868718 0.00206794942 0.23133947319 3332.57466819924 0.00000000000 0.00000000000 0.00000000000 0.00000000000 0.00000000000 0.00000000000 0.23134871573
0.06871049713 0.00206619413 0.23133946459 3332.68256308000 0.00000000000 0.00000000000 0.00000000000 0.00000000000 0.00000000000 0.00000000000 0.23134869145
0.06871232176 0.00206445411 0.23133945564 3332.55633332361 0.00000000000 0.00000000000 0.00000000000 0.00000000000 0.00000000000 0.00000000000 0.23134866697
0.06871416095 0.00206272947 0.23133944635 3332.66395632391 0.00000000000 0.00000000000 0.00000000000 0.00000000000 0.00000000000 0.00000000000 0.23134864229
0.06871601458 0.00206102034 0.23133943671 3332.53736598633 0.00000000000 0.00000000000 0.00000000000 0.00000000000 0.00000000000 0.00000000000 0.23134861742
0.06871788250 0.00205932683 0.23133942673 3332.64471190677 0.00000000000 0.00000000000 0.00000000000 0.00000000000 0.00000000000 0.00000000000 0.23134859236
0.06871976459 0.00205764908 0.23133941641 3332.51777369283 0.00000000000 0.00000000000 0.00000000000 0.00000000000 0.00000000000 0.00000000000 0.23134856711
0.06872166072 0.00205598719 0.23133940575 3332.62485725702 0.00000000000 0.00000000000 0.00000000000 0.00000000000 0.00000000000 0.00000000000 0.23134854167
0.06872357075 0.00205434128 0.23133939474 3332.49756189919 0.00000000000 0.00000000000 0.00000000000 0.00000000000 0.00000000000 0.00000000000 0.23134851605
0.06872549454 0.00205271148 0.23133938340 3332.60437520295 0.00000000000 0.00000000000 0.00000000000 0.00000000000 0.00000000000 0.00000000000 0.23134849024
0.06872743197 0.00205109789 0.23133937172 3332.47674812278 0.00000000000 0.00000000000 0.00000000000 0.00000000000 0.00000000000 0.00000000000 0.23134846425
0.06872938289 0.00204950063 0.23133935970 3332.58331946603 0.00000000000 0.00000000000 0.00000000000 0.00000000000 0.00000000000 0.00000000000 0.23134843807
0.06873134716 0.00204791981 0.23133934735 3332.45529904066 0.00000000000 0.00000000000 0.00000000000 0.00000000000 0.00000000000 0.00000000000 0.23134841172
0.06873332466 0.00204635555 0.23133933466 3332.56156953422 0.00000000000 0.00000000000 0.00000000000 0.00000000000 0.00000000000 0.00000000000 0.23134838519
0.06873531523 0.00204480795 0.23133932163 3332.43338047491 0.00000000000 0.00000000000 0.00000000000 0.00000000000 0.00000000000 0.00000000000 0.23134835849
0.06873731874 0.00204327712 0.23133930828 3332.53957812574 0.00000000000 0.00000000000 0.00000000000 0.00000000000 0.00000000000 0.00000000000 0.23134833161
0.06873933505 0.00204176318 0.23133929459 3332.41040643602 0.00000000000 0.00000000000 0.00000000000 0.00000000000 0.00000000000 0.00000000000 0.23134830456
0.06874136402 0.00204026623 0.23133928058 3332.51571491698 0.00000000000 0.00000000000 0.00000000000 0.00000000000 0.00000000000 0.00000000000 0.23134827733
0.06874340549 0.00203878637 0.23133926624 3332.38862116345 0.00000000000 0.00000000000 0.00000000000 0.00000000000 0.00000000000 0.00000000000 0.23134824995
0.06874545933 0.00203732371 0.23133925157 3332.49611517784 0.00000000000 0.00000000000 0.00000000000 0.00000000000 0.00000000000 0.00000000000 0.23134822239
0.06874752540 0.00203587835 0.23133923657 3332.36217246358 0.00000000000 0.00000000000 0.00000000000 0.00000000000 0.00000000000 0.00000000000 0.23134819467
0.06874960354 0.00203445040 0.23133922125 3332.45640788116 0.00000000000 0.00000000000 0.00000000000 0.00000000000 0.00000000000 0.00000000000 0.23134816679
0.06875169362 0.00203303995 0.23133920561 3332.34795799156 0.00000000000 0.00000000000 0.00000000000 0.00000000000 0.00000000000 0.00000000000 0.23134813875
0.06875379548 0.00203164711 0.23133918964 3332.49151498005 0.00000000000 0.00000000000 0.00000000000 0.00000000000 0.00000000000 0.00000000000 0.23134811055
0.06875590897 0.00203027198 0.23133917336 3332.26056202368 0.00000000000 0.00000000000 0.00000000000 0.00000000000 0.00000000000 0.00000000000 0.23134808219
0.06875803394 0.00202891464 0.23133915676 3332.26341181443 0.00000000000 0.00000000000 0.00000000000 0.00000000000 0.00000000000 0.00000000000 0.23134805369
0.06876017024 0.00202757521 0.23133913984 3332.50032698685 0.00000000000 0.00000000000 0.00000000000 0.00000000000 0.00000000000 0.00000000000 0.23134802503
0.06876231773 0.00202625377 0.23133912261 3332.97114059287 0.00000000000 0.00000000000 0.00000000000 0.00000000000 0.00000000000 0.00000000000 0.23134799622
