VARIABLES=
"CoordinateX"
"CoordinateY"
"CoordinateZ"
"Kappa1"
"Kappa2"
"dy"
"dz"
"d2x"
"d2y"
"d2z"
"R"
ZONE T="Konrollpunkte"
I=4, J=1, K=1
0.05379236159 -0.00321517177 0.22760889278 0.00000000000 0.00000000000 0.00000000000 0.00000000000 0.00000000000 0.00000000000 0.00000000000 0.00000000000
0.05413120260 -0.00481398197 0.22759016333 0.00000000000 0.00000000000 0.00000000000 0.00000000000 0.00000000000 0.00000000000 0.00000000000 0.00000000000
0.05893410438 -0.00847366399 0.22757732850 0.00000000000 0.00000000000 0.00000000000 0.00000000000 0.00000000000 0.00000000000 0.00000000000 0.00000000000
0.05903415461 -0.00352233797 0.22770842503 0.00000000000 0.00000000000 0.00000000000 0.00000000000 0.00000000000 0.00000000000 0.00000000000 0.00000000000
ZONE T="NURB"
I=101, J=1, K=1
0.05379236159 -0.00321517177 0.22760889278 0.00000000000 0.00000000000 0.00000000000 0.00000000000 0.00000000000 0.00000000000 0.00000000000 0.22763160018
0.05381853884 -0.00333868824 0.22760744583 0.00000000000 0.00000000000 0.00000000000 0.00000000000 0.00000000000 0.00000000000 0.00000000000 0.22763193150
0.05384471608 -0.00346220470 0.22760599888 0.00000000000 0.00000000000 0.00000000000 0.00000000000 0.00000000000 0.00000000000 0.00000000000 0.22763232984
0.05387089332 -0.00358572117 0.22760455194 0.00000000000 0.00000000000 0.00000000000 0.00000000000 0.00000000000 0.00000000000 0.00000000000 0.22763279522
0.05389707057 -0.00370923763 0.22760310499 0.00000000000 0.00000000000 0.00000000000 0.00000000000 0.00000000000 0.00000000000 0.00000000000 0.22763332762
0.05392324781 -0.00383275409 0.22760165804 0.00000000000 0.00000000000 0.00000000000 0.00000000000 0.00000000000 0.00000000000 0.00000000000 0.22763392705
0.05394942505 -0.00395627056 0.22760021109 0.00000000000 0.00000000000 0.00000000000 0.00000000000 0.00000000000 0.00000000000 0.00000000000 0.22763459352
0.05397560230 -0.00407978702 0.22759876414 0.00000000000 0.00000000000 0.00000000000 0.00000000000 0.00000000000 0.00000000000 0.00000000000 0.22763532701
0.05400177954 -0.00420330349 0.22759731720 0.00000000000 0.00000000000 0.00000000000 0.00000000000 0.00000000000 0.00000000000 0.00000000000 0.22763612753
0.05402795678 -0.00432681995 0.22759587025 0.00000000000 0.00000000000 0.00000000000 0.00000000000 0.00000000000 0.00000000000 0.00000000000 0.22763699507
0.05405413403 -0.00445033641 0.22759442330 0.00000000000 0.00000000000 0.00000000000 0.00000000000 0.00000000000 0.00000000000 0.00000000000 0.22763792964
0.05408031127 -0.00457385288 0.22759297635 0.00000000000 0.00000000000 0.00000000000 0.00000000000 0.00000000000 0.00000000000 0.00000000000 0.22763893124
0.05410648851 -0.00469736934 0.22759152940 0.00000000000 0.00000000000 0.00000000000 0.00000000000 0.00000000000 0.00000000000 0.00000000000 0.22763999986
0.05413681628 -0.00481825944 0.22759014833 0.00000000000 0.00000000000 0.00000000000 0.00000000000 0.00000000000 0.00000000000 0.00000000000 0.22764114576
0.05423725047 -0.00489478760 0.22758987994 0.00000000000 0.00000000000 0.00000000000 0.00000000000 0.00000000000 0.00000000000 0.00000000000 0.22764251008
0.05433768467 -0.00497131575 0.22758961155 0.00000000000 0.00000000000 0.00000000000 0.00000000000 0.00000000000 0.00000000000 0.00000000000 0.22764390013
0.05443811887 -0.00504784391 0.22758934316 0.00000000000 0.00000000000 0.00000000000 0.00000000000 0.00000000000 0.00000000000 0.00000000000 0.22764531589
0.05453855306 -0.00512437207 0.22758907477 0.00000000000 0.00000000000 0.00000000000 0.00000000000 0.00000000000 0.00000000000 0.00000000000 0.22764675737
0.05463898726 -0.00520090022 0.22758880637 0.00000000000 0.00000000000 0.00000000000 0.00000000000 0.00000000000 0.00000000000 0.00000000000 0.22764822457
0.05473942146 -0.00527742838 0.22758853798 0.00000000000 0.00000000000 0.00000000000 0.00000000000 0.00000000000 0.00000000000 0.00000000000 0.22764971749
0.05483985565 -0.00535395654 0.22758826959 0.00000000000 0.00000000000 0.00000000000 0.00000000000 0.00000000000 0.00000000000 0.00000000000 0.22765123612
0.05494028985 -0.00543048470 0.22758800120 0.00000000000 0.00000000000 0.00000000000 0.00000000000 0.00000000000 0.00000000000 0.00000000000 0.22765278047
0.05504072404 -0.00550701285 0.22758773281 0.00000000000 0.00000000000 0.00000000000 0.00000000000 0.00000000000 0.00000000000 0.00000000000 0.22765435053
0.05514115824 -0.00558354101 0.22758746442 0.00000000000 0.00000000000 0.00000000000 0.00000000000 0.00000000000 0.00000000000 0.00000000000 0.22765594631
0.05524159244 -0.00566006917 0.22758719603 0.00000000000 0.00000000000 0.00000000000 0.00000000000 0.00000000000 0.00000000000 0.00000000000 0.22765756780
0.05534202663 -0.00573659732 0.22758692764 0.00000000000 0.00000000000 0.00000000000 0.00000000000 0.00000000000 0.00000000000 0.00000000000 0.22765921501
0.05544246083 -0.00581312548 0.22758665925 0.00000000000 0.00000000000 0.00000000000 0.00000000000 0.00000000000 0.00000000000 0.00000000000 0.22766088793
0.05554289502 -0.00588965364 0.22758639085 0.00000000000 0.00000000000 0.00000000000 0.00000000000 0.00000000000 0.00000000000 0.00000000000 0.22766258657
0.05564332922 -0.00596618180 0.22758612246 0.00000000000 0.00000000000 0.00000000000 0.00000000000 0.00000000000 0.00000000000 0.00000000000 0.22766431091
0.05574376342 -0.00604270995 0.22758585407 0.00000000000 0.00000000000 0.00000000000 0.00000000000 0.00000000000 0.00000000000 0.00000000000 0.22766606097
0.05584419761 -0.00611923811 0.22758558568 0.00000000000 0.00000000000 0.00000000000 0.00000000000 0.00000000000 0.00000000000 0.00000000000 0.22766783674
0.05594463181 -0.00619576627 0.22758531729 0.00000000000 0.00000000000 0.00000000000 0.00000000000 0.00000000000 0.00000000000 0.00000000000 0.22766963822
0.05604506601 -0.00627229442 0.22758504890 0.00000000000 0.00000000000 0.00000000000 0.00000000000 0.00000000000 0.00000000000 0.00000000000 0.22767146540
0.05614550020 -0.00634882258 0.22758478051 0.00000000000 0.00000000000 0.00000000000 0.00000000000 0.00000000000 0.00000000000 0.00000000000 0.22767331830
0.05624593440 -0.00642535074 0.22758451212 0.00000000000 0.00000000000 0.00000000000 0.00000000000 0.00000000000 0.00000000000 0.00000000000 0.22767519691
0.05634636859 -0.00650187889 0.22758424372 0.00000000000 0.00000000000 0.00000000000 0.00000000000 0.00000000000 0.00000000000 0.00000000000 0.22767710122
0.05644680279 -0.00657840705 0.22758397533 0.00000000000 0.00000000000 0.00000000000 0.00000000000 0.00000000000 0.00000000000 0.00000000000 0.22767903124
0.05654723699 -0.00665493521 0.22758370694 0.00000000000 0.00000000000 0.00000000000 0.00000000000 0.00000000000 0.00000000000 0.00000000000 0.22768098697
0.05664767118 -0.00673146337 0.22758343855 0.00000000000 0.00000000000 0.00000000000 0.00000000000 0.00000000000 0.00000000000 0.00000000000 0.22768296841
0.05674810538 -0.00680799152 0.22758317016 0.00000000000 0.00000000000 0.00000000000 0.00000000000 0.00000000000 0.00000000000 0.00000000000 0.22768497554
0.05684853957 -0.00688451968 0.22758290177 0.00000000000 0.00000000000 0.00000000000 0.00000000000 0.00000000000 0.00000000000 0.00000000000 0.22768700839
0.05694897377 -0.00696104784 0.22758263338 0.00000000000 0.00000000000 0.00000000000 0.00000000000 0.00000000000 0.00000000000 0.00000000000 0.22768906694
0.05704940797 -0.00703757599 0.22758236499 0.00000000000 0.00000000000 0.00000000000 0.00000000000 0.00000000000 0.00000000000 0.00000000000 0.22769115119
0.05714984216 -0.00711410415 0.22758209660 0.00000000000 0.00000000000 0.00000000000 0.00000000000 0.00000000000 0.00000000000 0.00000000000 0.22769326114
0.05725027636 -0.00719063231 0.22758182820 0.00000000000 0.00000000000 0.00000000000 0.00000000000 0.00000000000 0.00000000000 0.00000000000 0.22769539680
0.05735071056 -0.00726716047 0.22758155981 0.00000000000 0.00000000000 0.00000000000 0.00000000000 0.00000000000 0.00000000000 0.00000000000 0.22769755815
0.05745114475 -0.00734368862 0.22758129142 0.00000000000 0.00000000000 0.00000000000 0.00000000000 0.00000000000 0.00000000000 0.00000000000 0.22769974521
0.05755157895 -0.00742021678 0.22758102303 0.00000000000 0.00000000000 0.00000000000 0.00000000000 0.00000000000 0.00000000000 0.00000000000 0.22770195796
0.05765201314 -0.00749674494 0.22758075464 0.00000000000 0.00000000000 0.00000000000 0.00000000000 0.00000000000 0.00000000000 0.00000000000 0.22770419642
0.05775244734 -0.00757327309 0.22758048625 0.00000000000 0.00000000000 0.00000000000 0.00000000000 0.00000000000 0.00000000000 0.00000000000 0.22770646057
0.05785288154 -0.00764980125 0.22758021786 0.00000000000 0.00000000000 0.00000000000 0.00000000000 0.00000000000 0.00000000000 0.00000000000 0.22770875042
0.05795331573 -0.00772632941 0.22757994947 0.00000000000 0.00000000000 0.00000000000 0.00000000000 0.00000000000 0.00000000000 0.00000000000 0.22771106597
0.05805374993 -0.00780285757 0.22757968108 0.00000000000 0.00000000000 0.00000000000 0.00000000000 0.00000000000 0.00000000000 0.00000000000 0.22771340721
0.05815418413 -0.00787938572 0.22757941268 0.00000000000 0.00000000000 0.00000000000 0.00000000000 0.00000000000 0.00000000000 0.00000000000 0.22771577415
0.05825461832 -0.00795591388 0.22757914429 0.00000000000 0.00000000000 0.00000000000 0.00000000000 0.00000000000 0.00000000000 0.00000000000 0.22771816678
0.05835505252 -0.00803244204 0.22757887590 0.00000000000 0.00000000000 0.00000000000 0.00000000000 0.00000000000 0.00000000000 0.00000000000 0.22772058511
0.05845548671 -0.00810897019 0.22757860751 0.00000000000 0.00000000000 0.00000000000 0.00000000000 0.00000000000 0.00000000000 0.00000000000 0.22772302913
0.05855592091 -0.00818549835 0.22757833912 0.00000000000 0.00000000000 0.00000000000 0.00000000000 0.00000000000 0.00000000000 0.00000000000 0.22772549884
0.05865635511 -0.00826202651 0.22757807073 0.00000000000 0.00000000000 0.00000000000 0.00000000000 0.00000000000 0.00000000000 0.00000000000 0.22772799424
0.05875678930 -0.00833855466 0.22757780234 0.00000000000 0.00000000000 0.00000000000 0.00000000000 0.00000000000 0.00000000000 0.00000000000 0.22773051533
0.05885722350 -0.00841508282 0.22757753395 0.00000000000 0.00000000000 0.00000000000 0.00000000000 0.00000000000 0.00000000000 0.00000000000 0.22773306211
0.05893470240 -0.00844406862 0.22757811210 0.00000000000 0.00000000000 0.00000000000 0.00000000000 0.00000000000 0.00000000000 0.00000000000 0.22773471277
0.05893725246 -0.00831787040 0.22758145345 0.00000000000 0.00000000000 0.00000000000 0.00000000000 0.00000000000 0.00000000000 0.00000000000 0.22773340757
0.05893980252 -0.00819167218 0.22758479481 0.00000000000 0.00000000000 0.00000000000 0.00000000000 0.00000000000 0.00000000000 0.00000000000 0.22773217235
0.05894235257 -0.00806547395 0.22758813617 0.00000000000 0.00000000000 0.00000000000 0.00000000000 0.00000000000 0.00000000000 0.00000000000 0.22773100710
0.05894490263 -0.00793927573 0.22759147752 0.00000000000 0.00000000000 0.00000000000 0.00000000000 0.00000000000 0.00000000000 0.00000000000 0.22772991183
0.05894745269 -0.00781307751 0.22759481888 0.00000000000 0.00000000000 0.00000000000 0.00000000000 0.00000000000 0.00000000000 0.00000000000 0.22772888653
0.05895000274 -0.00768687929 0.22759816024 0.00000000000 0.00000000000 0.00000000000 0.00000000000 0.00000000000 0.00000000000 0.00000000000 0.22772793122
0.05895255280 -0.00756068107 0.22760150160 0.00000000000 0.00000000000 0.00000000000 0.00000000000 0.00000000000 0.00000000000 0.00000000000 0.22772704588
0.05895510286 -0.00743448285 0.22760484295 0.00000000000 0.00000000000 0.00000000000 0.00000000000 0.00000000000 0.00000000000 0.00000000000 0.22772623053
0.05895765291 -0.00730828462 0.22760818431 0.00000000000 0.00000000000 0.00000000000 0.00000000000 0.00000000000 0.00000000000 0.00000000000 0.22772548516
0.05896020297 -0.00718208640 0.22761152567 0.00000000000 0.00000000000 0.00000000000 0.00000000000 0.00000000000 0.00000000000 0.00000000000 0.22772480976
0.05896275303 -0.00705588818 0.22761486703 0.00000000000 0.00000000000 0.00000000000 0.00000000000 0.00000000000 0.00000000000 0.00000000000 0.22772420436
0.05896530308 -0.00692968996 0.22761820838 0.00000000000 0.00000000000 0.00000000000 0.00000000000 0.00000000000 0.00000000000 0.00000000000 0.22772366893
0.05896785314 -0.00680349174 0.22762154974 0.00000000000 0.00000000000 0.00000000000 0.00000000000 0.00000000000 0.00000000000 0.00000000000 0.22772320349
0.05897040320 -0.00667729352 0.22762489110 0.00000000000 0.00000000000 0.00000000000 0.00000000000 0.00000000000 0.00000000000 0.00000000000 0.22772280803
0.05897295325 -0.00655109529 0.22762823245 0.00000000000 0.00000000000 0.00000000000 0.00000000000 0.00000000000 0.00000000000 0.00000000000 0.22772248255
0.05897550331 -0.00642489707 0.22763157381 0.00000000000 0.00000000000 0.00000000000 0.00000000000 0.00000000000 0.00000000000 0.00000000000 0.22772222706
0.05897805337 -0.00629869885 0.22763491517 0.00000000000 0.00000000000 0.00000000000 0.00000000000 0.00000000000 0.00000000000 0.00000000000 0.22772204156
0.05898060342 -0.00617250063 0.22763825653 0.00000000000 0.00000000000 0.00000000000 0.00000000000 0.00000000000 0.00000000000 0.00000000000 0.22772192604
0.05898315348 -0.00604630241 0.22764159788 0.00000000000 0.00000000000 0.00000000000 0.00000000000 0.00000000000 0.00000000000 0.00000000000 0.22772188050
0.05898570353 -0.00592010419 0.22764493924 0.00000000000 0.00000000000 0.00000000000 0.00000000000 0.00000000000 0.00000000000 0.00000000000 0.22772190495
0.05898825359 -0.00579390596 0.22764828060 0.00000000000 0.00000000000 0.00000000000 0.00000000000 0.00000000000 0.00000000000 0.00000000000 0.22772199939
0.05899080365 -0.00566770774 0.22765162196 0.00000000000 0.00000000000 0.00000000000 0.00000000000 0.00000000000 0.00000000000 0.00000000000 0.22772216381
0.05899335370 -0.00554150952 0.22765496331 0.00000000000 0.00000000000 0.00000000000 0.00000000000 0.00000000000 0.00000000000 0.00000000000 0.22772239822
0.05899590376 -0.00541531130 0.22765830467 0.00000000000 0.00000000000 0.00000000000 0.00000000000 0.00000000000 0.00000000000 0.00000000000 0.22772270261
0.05899845382 -0.00528911308 0.22766164603 0.00000000000 0.00000000000 0.00000000000 0.00000000000 0.00000000000 0.00000000000 0.00000000000 0.22772307698
0.05900100387 -0.00516291486 0.22766498739 0.00000000000 0.00000000000 0.00000000000 0.00000000000 0.00000000000 0.00000000000 0.00000000000 0.22772352134
0.05900355393 -0.00503671663 0.22766832874 0.00000000000 0.00000000000 0.00000000000 0.00000000000 0.00000000000 0.00000000000 0.00000000000 0.22772403568
0.05900610399 -0.00491051841 0.22767167010 0.00000000000 0.00000000000 0.00000000000 0.00000000000 0.00000000000 0.00000000000 0.00000000000 0.22772462001
0.05900865404 -0.00478432019 0.22767501146 0.00000000000 0.00000000000 0.00000000000 0.00000000000 0.00000000000 0.00000000000 0.00000000000 0.22772527431
0.05901120410 -0.00465812197 0.22767835281 0.00000000000 0.00000000000 0.00000000000 0.00000000000 0.00000000000 0.00000000000 0.00000000000 0.22772599860
0.05901375416 -0.00453192375 0.22768169417 0.00000000000 0.00000000000 0.00000000000 0.00000000000 0.00000000000 0.00000000000 0.00000000000 0.22772679288
0.05901630421 -0.00440572552 0.22768503553 0.00000000000 0.00000000000 0.00000000000 0.00000000000 0.00000000000 0.00000000000 0.00000000000 0.22772765713
0.05901885427 -0.00427952730 0.22768837689 0.00000000000 0.00000000000 0.00000000000 0.00000000000 0.00000000000 0.00000000000 0.00000000000 0.22772859136
0.05902140433 -0.00415332908 0.22769171824 0.00000000000 0.00000000000 0.00000000000 0.00000000000 0.00000000000 0.00000000000 0.00000000000 0.22772959557
0.05902395438 -0.00402713086 0.22769505960 0.00000000000 0.00000000000 0.00000000000 0.00000000000 0.00000000000 0.00000000000 0.00000000000 0.22773066976
0.05902650444 -0.00390093264 0.22769840096 0.00000000000 0.00000000000 0.00000000000 0.00000000000 0.00000000000 0.00000000000 0.00000000000 0.22773181393
0.05902905450 -0.00377473442 0.22770174232 0.00000000000 0.00000000000 0.00000000000 0.00000000000 0.00000000000 0.00000000000 0.00000000000 0.22773302807
0.05903160455 -0.00364853619 0.22770508367 0.00000000000 0.00000000000 0.00000000000 0.00000000000 0.00000000000 0.00000000000 0.00000000000 0.22773431219
0.05903415461 -0.00352233797 0.22770842503 0.00000000000 0.00000000000 0.00000000000 0.00000000000 0.00000000000 0.00000000000 0.00000000000 0.22773566628
