VARIABLES=
"CoordinateX"
"CoordinateY"
"CoordinateZ"
"Kappa1"
"Kappa2"
"dy"
"dz"
"d2x"
"d2y"
"d2z"
"R"
ZONE T="Konrollpunkte"
I=4, J=1, K=1
0.05552318580 -0.00505639349 0.24941457528 0.00000000000 0.00000000000 0.00000000000 0.00000000000 0.00000000000 0.00000000000 0.00000000000 0.00000000000
0.05510948970 -0.00591538438 0.24938712032 0.00000000000 0.00000000000 0.00000000000 0.00000000000 0.00000000000 0.00000000000 0.00000000000 0.00000000000
0.05899912250 -0.00802571258 0.24943433094 0.00000000000 0.00000000000 0.00000000000 0.00000000000 0.00000000000 0.00000000000 0.00000000000 0.00000000000
0.05895683975 -0.00497805245 0.24951234426 0.00000000000 0.00000000000 0.00000000000 0.00000000000 0.00000000000 0.00000000000 0.00000000000 0.00000000000
ZONE T="NURB"
I=101, J=1, K=1
0.05552318580 -0.00505639349 0.24941457528 0.00000000000 0.00000000000 0.00000000000 0.00000000000 0.00000000000 0.00000000000 0.00000000000 0.24946582427
0.05548663011 -0.00513229702 0.24941214926 0.00000000000 0.00000000000 0.00000000000 0.00000000000 0.00000000000 0.00000000000 0.00000000000 0.24946494879
0.05545007443 -0.00520820056 0.24940972324 0.00000000000 0.00000000000 0.00000000000 0.00000000000 0.00000000000 0.00000000000 0.00000000000 0.24946409642
0.05541351875 -0.00528410410 0.24940729723 0.00000000000 0.00000000000 0.00000000000 0.00000000000 0.00000000000 0.00000000000 0.00000000000 0.24946326717
0.05537696307 -0.00536000764 0.24940487121 0.00000000000 0.00000000000 0.00000000000 0.00000000000 0.00000000000 0.00000000000 0.00000000000 0.24946246103
0.05534040739 -0.00543591118 0.24940244519 0.00000000000 0.00000000000 0.00000000000 0.00000000000 0.00000000000 0.00000000000 0.00000000000 0.24946167801
0.05530385171 -0.00551181472 0.24940001917 0.00000000000 0.00000000000 0.00000000000 0.00000000000 0.00000000000 0.00000000000 0.00000000000 0.24946091810
0.05526729602 -0.00558771826 0.24939759315 0.00000000000 0.00000000000 0.00000000000 0.00000000000 0.00000000000 0.00000000000 0.00000000000 0.24946018132
0.05523074034 -0.00566362180 0.24939516713 0.00000000000 0.00000000000 0.00000000000 0.00000000000 0.00000000000 0.00000000000 0.00000000000 0.24945946765
0.05519418466 -0.00573952534 0.24939274111 0.00000000000 0.00000000000 0.00000000000 0.00000000000 0.00000000000 0.00000000000 0.00000000000 0.24945877709
0.05515762898 -0.00581542887 0.24939031509 0.00000000000 0.00000000000 0.00000000000 0.00000000000 0.00000000000 0.00000000000 0.00000000000 0.24945810966
0.05512107330 -0.00589133241 0.24938788907 0.00000000000 0.00000000000 0.00000000000 0.00000000000 0.00000000000 0.00000000000 0.00000000000 0.24945746534
0.05516009371 -0.00594283969 0.24938773453 0.00000000000 0.00000000000 0.00000000000 0.00000000000 0.00000000000 0.00000000000 0.00000000000 0.24945853258
0.05523417099 -0.00598303047 0.24938863365 0.00000000000 0.00000000000 0.00000000000 0.00000000000 0.00000000000 0.00000000000 0.00000000000 0.24946039214
0.05530824827 -0.00602322125 0.24938953276 0.00000000000 0.00000000000 0.00000000000 0.00000000000 0.00000000000 0.00000000000 0.00000000000 0.24946225816
0.05538232555 -0.00606341203 0.24939043188 0.00000000000 0.00000000000 0.00000000000 0.00000000000 0.00000000000 0.00000000000 0.00000000000 0.24946413065
0.05545640283 -0.00610360281 0.24939133100 0.00000000000 0.00000000000 0.00000000000 0.00000000000 0.00000000000 0.00000000000 0.00000000000 0.24946600960
0.05553048011 -0.00614379359 0.24939223012 0.00000000000 0.00000000000 0.00000000000 0.00000000000 0.00000000000 0.00000000000 0.00000000000 0.24946789501
0.05560455739 -0.00618398436 0.24939312923 0.00000000000 0.00000000000 0.00000000000 0.00000000000 0.00000000000 0.00000000000 0.00000000000 0.24946978689
0.05567863467 -0.00622417514 0.24939402835 0.00000000000 0.00000000000 0.00000000000 0.00000000000 0.00000000000 0.00000000000 0.00000000000 0.24947168523
0.05575271195 -0.00626436592 0.24939492747 0.00000000000 0.00000000000 0.00000000000 0.00000000000 0.00000000000 0.00000000000 0.00000000000 0.24947359004
0.05582678923 -0.00630455670 0.24939582658 0.00000000000 0.00000000000 0.00000000000 0.00000000000 0.00000000000 0.00000000000 0.00000000000 0.24947550131
0.05590086651 -0.00634474748 0.24939672570 0.00000000000 0.00000000000 0.00000000000 0.00000000000 0.00000000000 0.00000000000 0.00000000000 0.24947741904
0.05597494379 -0.00638493826 0.24939762482 0.00000000000 0.00000000000 0.00000000000 0.00000000000 0.00000000000 0.00000000000 0.00000000000 0.24947934323
0.05604902107 -0.00642512904 0.24939852393 0.00000000000 0.00000000000 0.00000000000 0.00000000000 0.00000000000 0.00000000000 0.00000000000 0.24948127389
0.05612309835 -0.00646531982 0.24939942305 0.00000000000 0.00000000000 0.00000000000 0.00000000000 0.00000000000 0.00000000000 0.00000000000 0.24948321101
0.05619717563 -0.00650551060 0.24940032217 0.00000000000 0.00000000000 0.00000000000 0.00000000000 0.00000000000 0.00000000000 0.00000000000 0.24948515460
0.05627125292 -0.00654570138 0.24940122128 0.00000000000 0.00000000000 0.00000000000 0.00000000000 0.00000000000 0.00000000000 0.00000000000 0.24948710465
0.05634533020 -0.00658589216 0.24940212040 0.00000000000 0.00000000000 0.00000000000 0.00000000000 0.00000000000 0.00000000000 0.00000000000 0.24948906116
0.05641940748 -0.00662608294 0.24940301952 0.00000000000 0.00000000000 0.00000000000 0.00000000000 0.00000000000 0.00000000000 0.00000000000 0.24949102413
0.05649348476 -0.00666627372 0.24940391863 0.00000000000 0.00000000000 0.00000000000 0.00000000000 0.00000000000 0.00000000000 0.00000000000 0.24949299356
0.05656756204 -0.00670646450 0.24940481775 0.00000000000 0.00000000000 0.00000000000 0.00000000000 0.00000000000 0.00000000000 0.00000000000 0.24949496946
0.05664163932 -0.00674665528 0.24940571687 0.00000000000 0.00000000000 0.00000000000 0.00000000000 0.00000000000 0.00000000000 0.00000000000 0.24949695181
0.05671571660 -0.00678684605 0.24940661599 0.00000000000 0.00000000000 0.00000000000 0.00000000000 0.00000000000 0.00000000000 0.00000000000 0.24949894063
0.05678979388 -0.00682703683 0.24940751510 0.00000000000 0.00000000000 0.00000000000 0.00000000000 0.00000000000 0.00000000000 0.00000000000 0.24950093591
0.05686387116 -0.00686722761 0.24940841422 0.00000000000 0.00000000000 0.00000000000 0.00000000000 0.00000000000 0.00000000000 0.00000000000 0.24950293765
0.05693794844 -0.00690741839 0.24940931334 0.00000000000 0.00000000000 0.00000000000 0.00000000000 0.00000000000 0.00000000000 0.00000000000 0.24950494586
0.05701202572 -0.00694760917 0.24941021245 0.00000000000 0.00000000000 0.00000000000 0.00000000000 0.00000000000 0.00000000000 0.00000000000 0.24950696052
0.05708610300 -0.00698779995 0.24941111157 0.00000000000 0.00000000000 0.00000000000 0.00000000000 0.00000000000 0.00000000000 0.00000000000 0.24950898165
0.05716018028 -0.00702799073 0.24941201069 0.00000000000 0.00000000000 0.00000000000 0.00000000000 0.00000000000 0.00000000000 0.00000000000 0.24951100923
0.05723425756 -0.00706818151 0.24941290980 0.00000000000 0.00000000000 0.00000000000 0.00000000000 0.00000000000 0.00000000000 0.00000000000 0.24951304328
0.05730833484 -0.00710837229 0.24941380892 0.00000000000 0.00000000000 0.00000000000 0.00000000000 0.00000000000 0.00000000000 0.00000000000 0.24951508379
0.05738241212 -0.00714856307 0.24941470804 0.00000000000 0.00000000000 0.00000000000 0.00000000000 0.00000000000 0.00000000000 0.00000000000 0.24951713075
0.05745648940 -0.00718875385 0.24941560715 0.00000000000 0.00000000000 0.00000000000 0.00000000000 0.00000000000 0.00000000000 0.00000000000 0.24951918418
0.05753056668 -0.00722894463 0.24941650627 0.00000000000 0.00000000000 0.00000000000 0.00000000000 0.00000000000 0.00000000000 0.00000000000 0.24952124407
0.05760464396 -0.00726913541 0.24941740539 0.00000000000 0.00000000000 0.00000000000 0.00000000000 0.00000000000 0.00000000000 0.00000000000 0.24952331041
0.05767872124 -0.00730932619 0.24941830450 0.00000000000 0.00000000000 0.00000000000 0.00000000000 0.00000000000 0.00000000000 0.00000000000 0.24952538322
0.05775279852 -0.00734951697 0.24941920362 0.00000000000 0.00000000000 0.00000000000 0.00000000000 0.00000000000 0.00000000000 0.00000000000 0.24952746249
0.05782687580 -0.00738970775 0.24942010274 0.00000000000 0.00000000000 0.00000000000 0.00000000000 0.00000000000 0.00000000000 0.00000000000 0.24952954821
0.05790095308 -0.00742989852 0.24942100186 0.00000000000 0.00000000000 0.00000000000 0.00000000000 0.00000000000 0.00000000000 0.00000000000 0.24953164040
0.05797503037 -0.00747008930 0.24942190097 0.00000000000 0.00000000000 0.00000000000 0.00000000000 0.00000000000 0.00000000000 0.00000000000 0.24953373904
0.05804910765 -0.00751028008 0.24942280009 0.00000000000 0.00000000000 0.00000000000 0.00000000000 0.00000000000 0.00000000000 0.00000000000 0.24953584414
0.05812318493 -0.00755047086 0.24942369921 0.00000000000 0.00000000000 0.00000000000 0.00000000000 0.00000000000 0.00000000000 0.00000000000 0.24953795570
0.05819726221 -0.00759066164 0.24942459832 0.00000000000 0.00000000000 0.00000000000 0.00000000000 0.00000000000 0.00000000000 0.00000000000 0.24954007372
0.05827133949 -0.00763085242 0.24942549744 0.00000000000 0.00000000000 0.00000000000 0.00000000000 0.00000000000 0.00000000000 0.00000000000 0.24954219820
0.05834541677 -0.00767104320 0.24942639656 0.00000000000 0.00000000000 0.00000000000 0.00000000000 0.00000000000 0.00000000000 0.00000000000 0.24954432913
0.05841949405 -0.00771123398 0.24942729567 0.00000000000 0.00000000000 0.00000000000 0.00000000000 0.00000000000 0.00000000000 0.00000000000 0.24954646653
0.05849357133 -0.00775142476 0.24942819479 0.00000000000 0.00000000000 0.00000000000 0.00000000000 0.00000000000 0.00000000000 0.00000000000 0.24954861038
0.05856764861 -0.00779161554 0.24942909391 0.00000000000 0.00000000000 0.00000000000 0.00000000000 0.00000000000 0.00000000000 0.00000000000 0.24955076069
0.05864172589 -0.00783180632 0.24942999302 0.00000000000 0.00000000000 0.00000000000 0.00000000000 0.00000000000 0.00000000000 0.00000000000 0.24955291745
0.05871580317 -0.00787199710 0.24943089214 0.00000000000 0.00000000000 0.00000000000 0.00000000000 0.00000000000 0.00000000000 0.00000000000 0.24955508068
0.05878988045 -0.00791218788 0.24943179126 0.00000000000 0.00000000000 0.00000000000 0.00000000000 0.00000000000 0.00000000000 0.00000000000 0.24955725036
0.05886395773 -0.00795237866 0.24943269037 0.00000000000 0.00000000000 0.00000000000 0.00000000000 0.00000000000 0.00000000000 0.00000000000 0.24955942650
0.05893803501 -0.00799256944 0.24943358949 0.00000000000 0.00000000000 0.00000000000 0.00000000000 0.00000000000 0.00000000000 0.00000000000 0.24956160909
0.05899891754 -0.00801093951 0.24943470910 0.00000000000 0.00000000000 0.00000000000 0.00000000000 0.00000000000 0.00000000000 0.00000000000 0.24956331713
0.05899774871 -0.00792669264 0.24943686563 0.00000000000 0.00000000000 0.00000000000 0.00000000000 0.00000000000 0.00000000000 0.00000000000 0.24956278247
0.05899657989 -0.00784244578 0.24943902217 0.00000000000 0.00000000000 0.00000000000 0.00000000000 0.00000000000 0.00000000000 0.00000000000 0.24956227627
0.05899541106 -0.00775819892 0.24944117870 0.00000000000 0.00000000000 0.00000000000 0.00000000000 0.00000000000 0.00000000000 0.00000000000 0.24956179852
0.05899424223 -0.00767395206 0.24944333523 0.00000000000 0.00000000000 0.00000000000 0.00000000000 0.00000000000 0.00000000000 0.00000000000 0.24956134923
0.05899307340 -0.00758970519 0.24944549176 0.00000000000 0.00000000000 0.00000000000 0.00000000000 0.00000000000 0.00000000000 0.00000000000 0.24956092840
0.05899190458 -0.00750545833 0.24944764830 0.00000000000 0.00000000000 0.00000000000 0.00000000000 0.00000000000 0.00000000000 0.00000000000 0.24956053603
0.05899073575 -0.00742121147 0.24944980483 0.00000000000 0.00000000000 0.00000000000 0.00000000000 0.00000000000 0.00000000000 0.00000000000 0.24956017212
0.05898956692 -0.00733696461 0.24945196136 0.00000000000 0.00000000000 0.00000000000 0.00000000000 0.00000000000 0.00000000000 0.00000000000 0.24955983666
0.05898839809 -0.00725271774 0.24945411789 0.00000000000 0.00000000000 0.00000000000 0.00000000000 0.00000000000 0.00000000000 0.00000000000 0.24955952967
0.05898722927 -0.00716847088 0.24945627442 0.00000000000 0.00000000000 0.00000000000 0.00000000000 0.00000000000 0.00000000000 0.00000000000 0.24955925113
0.05898606044 -0.00708422402 0.24945843096 0.00000000000 0.00000000000 0.00000000000 0.00000000000 0.00000000000 0.00000000000 0.00000000000 0.24955900105
0.05898489161 -0.00699997716 0.24946058749 0.00000000000 0.00000000000 0.00000000000 0.00000000000 0.00000000000 0.00000000000 0.00000000000 0.24955877943
0.05898372278 -0.00691573029 0.24946274402 0.00000000000 0.00000000000 0.00000000000 0.00000000000 0.00000000000 0.00000000000 0.00000000000 0.24955858627
0.05898255396 -0.00683148343 0.24946490055 0.00000000000 0.00000000000 0.00000000000 0.00000000000 0.00000000000 0.00000000000 0.00000000000 0.24955842157
0.05898138513 -0.00674723657 0.24946705709 0.00000000000 0.00000000000 0.00000000000 0.00000000000 0.00000000000 0.00000000000 0.00000000000 0.24955828532
0.05898021630 -0.00666298971 0.24946921362 0.00000000000 0.00000000000 0.00000000000 0.00000000000 0.00000000000 0.00000000000 0.00000000000 0.24955817754
0.05897904747 -0.00657874284 0.24947137015 0.00000000000 0.00000000000 0.00000000000 0.00000000000 0.00000000000 0.00000000000 0.00000000000 0.24955809821
0.05897787865 -0.00649449598 0.24947352668 0.00000000000 0.00000000000 0.00000000000 0.00000000000 0.00000000000 0.00000000000 0.00000000000 0.24955804734
0.05897670982 -0.00641024912 0.24947568322 0.00000000000 0.00000000000 0.00000000000 0.00000000000 0.00000000000 0.00000000000 0.00000000000 0.24955802493
0.05897554099 -0.00632600226 0.24947783975 0.00000000000 0.00000000000 0.00000000000 0.00000000000 0.00000000000 0.00000000000 0.00000000000 0.24955803099
0.05897437216 -0.00624175539 0.24947999628 0.00000000000 0.00000000000 0.00000000000 0.00000000000 0.00000000000 0.00000000000 0.00000000000 0.24955806550
0.05897320334 -0.00615750853 0.24948215281 0.00000000000 0.00000000000 0.00000000000 0.00000000000 0.00000000000 0.00000000000 0.00000000000 0.24955812847
0.05897203451 -0.00607326167 0.24948430934 0.00000000000 0.00000000000 0.00000000000 0.00000000000 0.00000000000 0.00000000000 0.00000000000 0.24955821989
0.05897086568 -0.00598901480 0.24948646588 0.00000000000 0.00000000000 0.00000000000 0.00000000000 0.00000000000 0.00000000000 0.00000000000 0.24955833978
0.05896969685 -0.00590476794 0.24948862241 0.00000000000 0.00000000000 0.00000000000 0.00000000000 0.00000000000 0.00000000000 0.00000000000 0.24955848813
0.05896852803 -0.00582052108 0.24949077894 0.00000000000 0.00000000000 0.00000000000 0.00000000000 0.00000000000 0.00000000000 0.00000000000 0.24955866493
0.05896735920 -0.00573627422 0.24949293547 0.00000000000 0.00000000000 0.00000000000 0.00000000000 0.00000000000 0.00000000000 0.00000000000 0.24955887020
0.05896619037 -0.00565202735 0.24949509201 0.00000000000 0.00000000000 0.00000000000 0.00000000000 0.00000000000 0.00000000000 0.00000000000 0.24955910392
0.05896502154 -0.00556778049 0.24949724854 0.00000000000 0.00000000000 0.00000000000 0.00000000000 0.00000000000 0.00000000000 0.00000000000 0.24955936610
0.05896385272 -0.00548353363 0.24949940507 0.00000000000 0.00000000000 0.00000000000 0.00000000000 0.00000000000 0.00000000000 0.00000000000 0.24955965674
0.05896268389 -0.00539928677 0.24950156160 0.00000000000 0.00000000000 0.00000000000 0.00000000000 0.00000000000 0.00000000000 0.00000000000 0.24955997584
0.05896151506 -0.00531503990 0.24950371813 0.00000000000 0.00000000000 0.00000000000 0.00000000000 0.00000000000 0.00000000000 0.00000000000 0.24956032339
0.05896034623 -0.00523079304 0.24950587467 0.00000000000 0.00000000000 0.00000000000 0.00000000000 0.00000000000 0.00000000000 0.00000000000 0.24956069941
0.05895917741 -0.00514654618 0.24950803120 0.00000000000 0.00000000000 0.00000000000 0.00000000000 0.00000000000 0.00000000000 0.00000000000 0.24956110388
0.05895800858 -0.00506229932 0.24951018773 0.00000000000 0.00000000000 0.00000000000 0.00000000000 0.00000000000 0.00000000000 0.00000000000 0.24956153681
0.05895683975 -0.00497805245 0.24951234426 0.00000000000 0.00000000000 0.00000000000 0.00000000000 0.00000000000 0.00000000000 0.00000000000 0.24956199820
