VARIABLES=
"CoordinateX"
"CoordinateY"
"CoordinateZ"
"Kappa1"
"Kappa2"
"dy"
"dz"
"d2x"
"d2y"
"d2z"
"R"
ZONE T="Konrollpunkte"
I=101, J=1, K=1
0.06883226621 -0.00116358891 0.24254865621 0.00000000000 0.00000000000 0.00000000000 0.00000000000 0.00000000000 0.00000000000 0.00000000000 0.00000000000
0.06883335051 -0.00116094868 0.24254870002 0.00000000000 0.00000000000 0.00000000000 0.00000000000 0.00000000000 0.00000000000 0.00000000000 0.00000000000
0.06883492045 -0.00115696512 0.24254876416 0.00000000000 0.00000000000 0.00000000000 0.00000000000 0.00000000000 0.00000000000 0.00000000000 0.00000000000
0.06883689941 -0.00115161052 0.24254884651 0.00000000000 0.00000000000 0.00000000000 0.00000000000 0.00000000000 0.00000000000 0.00000000000 0.00000000000
0.06883832618 -0.00114757381 0.24254890664 0.00000000000 0.00000000000 0.00000000000 0.00000000000 0.00000000000 0.00000000000 0.00000000000 0.00000000000
0.06883969521 -0.00114351715 0.24254896513 0.00000000000 0.00000000000 0.00000000000 0.00000000000 0.00000000000 0.00000000000 0.00000000000 0.00000000000
0.06884100622 -0.00113944136 0.24254902198 0.00000000000 0.00000000000 0.00000000000 0.00000000000 0.00000000000 0.00000000000 0.00000000000 0.00000000000
0.06884225894 -0.00113534729 0.24254907718 0.00000000000 0.00000000000 0.00000000000 0.00000000000 0.00000000000 0.00000000000 0.00000000000 0.00000000000
0.06884345312 -0.00113123576 0.24254913070 0.00000000000 0.00000000000 0.00000000000 0.00000000000 0.00000000000 0.00000000000 0.00000000000 0.00000000000
0.06884458853 -0.00112710761 0.24254918255 0.00000000000 0.00000000000 0.00000000000 0.00000000000 0.00000000000 0.00000000000 0.00000000000 0.00000000000
0.06884566492 -0.00112296368 0.24254923270 0.00000000000 0.00000000000 0.00000000000 0.00000000000 0.00000000000 0.00000000000 0.00000000000 0.00000000000
0.06884668207 -0.00111880482 0.24254928114 0.00000000000 0.00000000000 0.00000000000 0.00000000000 0.00000000000 0.00000000000 0.00000000000 0.00000000000
0.06884763979 -0.00111463187 0.24254932787 0.00000000000 0.00000000000 0.00000000000 0.00000000000 0.00000000000 0.00000000000 0.00000000000 0.00000000000
0.06884853787 -0.00111044569 0.24254937288 0.00000000000 0.00000000000 0.00000000000 0.00000000000 0.00000000000 0.00000000000 0.00000000000 0.00000000000
0.06884937614 -0.00110624712 0.24254941615 0.00000000000 0.00000000000 0.00000000000 0.00000000000 0.00000000000 0.00000000000 0.00000000000 0.00000000000
0.06885015442 -0.00110203703 0.24254945768 0.00000000000 0.00000000000 0.00000000000 0.00000000000 0.00000000000 0.00000000000 0.00000000000 0.00000000000
0.06885087255 -0.00109781626 0.24254949746 0.00000000000 0.00000000000 0.00000000000 0.00000000000 0.00000000000 0.00000000000 0.00000000000 0.00000000000
0.06885153039 -0.00109358569 0.24254953547 0.00000000000 0.00000000000 0.00000000000 0.00000000000 0.00000000000 0.00000000000 0.00000000000 0.00000000000
0.06885212781 -0.00108934616 0.24254957171 0.00000000000 0.00000000000 0.00000000000 0.00000000000 0.00000000000 0.00000000000 0.00000000000 0.00000000000
0.06885266468 -0.00108509855 0.24254960618 0.00000000000 0.00000000000 0.00000000000 0.00000000000 0.00000000000 0.00000000000 0.00000000000 0.00000000000
0.06885314090 -0.00108084373 0.24254963886 0.00000000000 0.00000000000 0.00000000000 0.00000000000 0.00000000000 0.00000000000 0.00000000000 0.00000000000
0.06885355637 -0.00107658255 0.24254966975 0.00000000000 0.00000000000 0.00000000000 0.00000000000 0.00000000000 0.00000000000 0.00000000000 0.00000000000
0.06885391100 -0.00107231588 0.24254969884 0.00000000000 0.00000000000 0.00000000000 0.00000000000 0.00000000000 0.00000000000 0.00000000000 0.00000000000
0.06885420472 -0.00106804460 0.24254972613 0.00000000000 0.00000000000 0.00000000000 0.00000000000 0.00000000000 0.00000000000 0.00000000000 0.00000000000
0.06885443747 -0.00106376957 0.24254975160 0.00000000000 0.00000000000 0.00000000000 0.00000000000 0.00000000000 0.00000000000 0.00000000000 0.00000000000
0.06885460921 -0.00105949167 0.24254977526 0.00000000000 0.00000000000 0.00000000000 0.00000000000 0.00000000000 0.00000000000 0.00000000000 0.00000000000
0.06885471991 -0.00105521177 0.24254979710 0.00000000000 0.00000000000 0.00000000000 0.00000000000 0.00000000000 0.00000000000 0.00000000000 0.00000000000
0.06885476953 -0.00105093074 0.24254981711 0.00000000000 0.00000000000 0.00000000000 0.00000000000 0.00000000000 0.00000000000 0.00000000000 0.00000000000
0.06885475807 -0.00104664944 0.24254983529 0.00000000000 0.00000000000 0.00000000000 0.00000000000 0.00000000000 0.00000000000 0.00000000000 0.00000000000
0.06885468553 -0.00104236876 0.24254985164 0.00000000000 0.00000000000 0.00000000000 0.00000000000 0.00000000000 0.00000000000 0.00000000000 0.00000000000
0.06885455193 -0.00103808957 0.24254986616 0.00000000000 0.00000000000 0.00000000000 0.00000000000 0.00000000000 0.00000000000 0.00000000000 0.00000000000
0.06885435730 -0.00103381273 0.24254987883 0.00000000000 0.00000000000 0.00000000000 0.00000000000 0.00000000000 0.00000000000 0.00000000000 0.00000000000
0.06885410167 -0.00102953912 0.24254988966 0.00000000000 0.00000000000 0.00000000000 0.00000000000 0.00000000000 0.00000000000 0.00000000000 0.00000000000
0.06885378510 -0.00102526961 0.24254989865 0.00000000000 0.00000000000 0.00000000000 0.00000000000 0.00000000000 0.00000000000 0.00000000000 0.00000000000
0.06885340765 -0.00102100507 0.24254990580 0.00000000000 0.00000000000 0.00000000000 0.00000000000 0.00000000000 0.00000000000 0.00000000000 0.00000000000
0.06885296940 -0.00101674636 0.24254991109 0.00000000000 0.00000000000 0.00000000000 0.00000000000 0.00000000000 0.00000000000 0.00000000000 0.00000000000
0.06885247044 -0.00101249436 0.24254991454 0.00000000000 0.00000000000 0.00000000000 0.00000000000 0.00000000000 0.00000000000 0.00000000000 0.00000000000
0.06885191087 -0.00100824993 0.24254991614 0.00000000000 0.00000000000 0.00000000000 0.00000000000 0.00000000000 0.00000000000 0.00000000000 0.00000000000
0.06885129080 -0.00100401393 0.24254991590 0.00000000000 0.00000000000 0.00000000000 0.00000000000 0.00000000000 0.00000000000 0.00000000000 0.00000000000
0.06885061037 -0.00099978723 0.24254991381 0.00000000000 0.00000000000 0.00000000000 0.00000000000 0.00000000000 0.00000000000 0.00000000000 0.00000000000
0.06884986971 -0.00099557070 0.24254990987 0.00000000000 0.00000000000 0.00000000000 0.00000000000 0.00000000000 0.00000000000 0.00000000000 0.00000000000
0.06884906897 -0.00099136517 0.24254990409 0.00000000000 0.00000000000 0.00000000000 0.00000000000 0.00000000000 0.00000000000 0.00000000000 0.00000000000
0.06884820832 -0.00098717153 0.24254989646 0.00000000000 0.00000000000 0.00000000000 0.00000000000 0.00000000000 0.00000000000 0.00000000000 0.00000000000
0.06884728793 -0.00098299061 0.24254988699 0.00000000000 0.00000000000 0.00000000000 0.00000000000 0.00000000000 0.00000000000 0.00000000000 0.00000000000
0.06884630799 -0.00097882327 0.24254987569 0.00000000000 0.00000000000 0.00000000000 0.00000000000 0.00000000000 0.00000000000 0.00000000000 0.00000000000
0.06884526870 -0.00097467037 0.24254986255 0.00000000000 0.00000000000 0.00000000000 0.00000000000 0.00000000000 0.00000000000 0.00000000000 0.00000000000
0.06884417028 -0.00097053273 0.24254984758 0.00000000000 0.00000000000 0.00000000000 0.00000000000 0.00000000000 0.00000000000 0.00000000000 0.00000000000
0.06884301293 -0.00096641122 0.24254983078 0.00000000000 0.00000000000 0.00000000000 0.00000000000 0.00000000000 0.00000000000 0.00000000000 0.00000000000
0.06884179691 -0.00096230666 0.24254981216 0.00000000000 0.00000000000 0.00000000000 0.00000000000 0.00000000000 0.00000000000 0.00000000000 0.00000000000
0.06884052246 -0.00095821990 0.24254979172 0.00000000000 0.00000000000 0.00000000000 0.00000000000 0.00000000000 0.00000000000 0.00000000000 0.00000000000
0.06883918985 -0.00095415176 0.24254976947 0.00000000000 0.00000000000 0.00000000000 0.00000000000 0.00000000000 0.00000000000 0.00000000000 0.00000000000
0.06883779933 -0.00095010308 0.24254974541 0.00000000000 0.00000000000 0.00000000000 0.00000000000 0.00000000000 0.00000000000 0.00000000000 0.00000000000
0.06883635120 -0.00094607467 0.24254971954 0.00000000000 0.00000000000 0.00000000000 0.00000000000 0.00000000000 0.00000000000 0.00000000000 0.00000000000
0.06883484575 -0.00094206736 0.24254969188 0.00000000000 0.00000000000 0.00000000000 0.00000000000 0.00000000000 0.00000000000 0.00000000000 0.00000000000
0.06883328328 -0.00093808198 0.24254966243 0.00000000000 0.00000000000 0.00000000000 0.00000000000 0.00000000000 0.00000000000 0.00000000000 0.00000000000
0.06883166413 -0.00093411931 0.24254963120 0.00000000000 0.00000000000 0.00000000000 0.00000000000 0.00000000000 0.00000000000 0.00000000000 0.00000000000
0.06882998861 -0.00093018019 0.24254959820 0.00000000000 0.00000000000 0.00000000000 0.00000000000 0.00000000000 0.00000000000 0.00000000000 0.00000000000
0.06882825707 -0.00092626539 0.24254956342 0.00000000000 0.00000000000 0.00000000000 0.00000000000 0.00000000000 0.00000000000 0.00000000000 0.00000000000
0.06882646986 -0.00092237574 0.24254952689 0.00000000000 0.00000000000 0.00000000000 0.00000000000 0.00000000000 0.00000000000 0.00000000000 0.00000000000
0.06882462735 -0.00091851201 0.24254948861 0.00000000000 0.00000000000 0.00000000000 0.00000000000 0.00000000000 0.00000000000 0.00000000000 0.00000000000
0.06882272991 -0.00091467499 0.24254944859 0.00000000000 0.00000000000 0.00000000000 0.00000000000 0.00000000000 0.00000000000 0.00000000000 0.00000000000
0.06882077792 -0.00091086547 0.24254940684 0.00000000000 0.00000000000 0.00000000000 0.00000000000 0.00000000000 0.00000000000 0.00000000000 0.00000000000
0.06881877180 -0.00090708421 0.24254936337 0.00000000000 0.00000000000 0.00000000000 0.00000000000 0.00000000000 0.00000000000 0.00000000000 0.00000000000
0.06881671194 -0.00090333200 0.24254931818 0.00000000000 0.00000000000 0.00000000000 0.00000000000 0.00000000000 0.00000000000 0.00000000000 0.00000000000
0.06881459877 -0.00089960960 0.24254927130 0.00000000000 0.00000000000 0.00000000000 0.00000000000 0.00000000000 0.00000000000 0.00000000000 0.00000000000
0.06881243271 -0.00089591775 0.24254922273 0.00000000000 0.00000000000 0.00000000000 0.00000000000 0.00000000000 0.00000000000 0.00000000000 0.00000000000
0.06881021421 -0.00089225722 0.24254917247 0.00000000000 0.00000000000 0.00000000000 0.00000000000 0.00000000000 0.00000000000 0.00000000000 0.00000000000
0.06880794372 -0.00088862875 0.24254912055 0.00000000000 0.00000000000 0.00000000000 0.00000000000 0.00000000000 0.00000000000 0.00000000000 0.00000000000
0.06880562170 -0.00088503308 0.24254906698 0.00000000000 0.00000000000 0.00000000000 0.00000000000 0.00000000000 0.00000000000 0.00000000000 0.00000000000
0.06880324864 -0.00088147095 0.24254901177 0.00000000000 0.00000000000 0.00000000000 0.00000000000 0.00000000000 0.00000000000 0.00000000000 0.00000000000
0.06880082500 -0.00087794307 0.24254895492 0.00000000000 0.00000000000 0.00000000000 0.00000000000 0.00000000000 0.00000000000 0.00000000000 0.00000000000
0.06879835128 -0.00087445016 0.24254889646 0.00000000000 0.00000000000 0.00000000000 0.00000000000 0.00000000000 0.00000000000 0.00000000000 0.00000000000
0.06879582800 -0.00087099294 0.24254883640 0.00000000000 0.00000000000 0.00000000000 0.00000000000 0.00000000000 0.00000000000 0.00000000000 0.00000000000
0.06879325565 -0.00086757211 0.24254877474 0.00000000000 0.00000000000 0.00000000000 0.00000000000 0.00000000000 0.00000000000 0.00000000000 0.00000000000
0.06879063478 -0.00086418837 0.24254871151 0.00000000000 0.00000000000 0.00000000000 0.00000000000 0.00000000000 0.00000000000 0.00000000000 0.00000000000
0.06878796590 -0.00086084241 0.24254864673 0.00000000000 0.00000000000 0.00000000000 0.00000000000 0.00000000000 0.00000000000 0.00000000000 0.00000000000
0.06878524957 -0.00085753490 0.24254858039 0.00000000000 0.00000000000 0.00000000000 0.00000000000 0.00000000000 0.00000000000 0.00000000000 0.00000000000
0.06878248634 -0.00085426652 0.24254851253 0.00000000000 0.00000000000 0.00000000000 0.00000000000 0.00000000000 0.00000000000 0.00000000000 0.00000000000
0.06877967678 -0.00085103794 0.24254844315 0.00000000000 0.00000000000 0.00000000000 0.00000000000 0.00000000000 0.00000000000 0.00000000000 0.00000000000
0.06877682144 -0.00084784982 0.24254837227 0.00000000000 0.00000000000 0.00000000000 0.00000000000 0.00000000000 0.00000000000 0.00000000000 0.00000000000
0.06877392093 -0.00084470280 0.24254829991 0.00000000000 0.00000000000 0.00000000000 0.00000000000 0.00000000000 0.00000000000 0.00000000000 0.00000000000
0.06877097582 -0.00084159752 0.24254822608 0.00000000000 0.00000000000 0.00000000000 0.00000000000 0.00000000000 0.00000000000 0.00000000000 0.00000000000
0.06876798672 -0.00083853462 0.24254815080 0.00000000000 0.00000000000 0.00000000000 0.00000000000 0.00000000000 0.00000000000 0.00000000000 0.00000000000
0.06876495424 -0.00083551472 0.24254807408 0.00000000000 0.00000000000 0.00000000000 0.00000000000 0.00000000000 0.00000000000 0.00000000000 0.00000000000
0.06876187899 -0.00083253844 0.24254799595 0.00000000000 0.00000000000 0.00000000000 0.00000000000 0.00000000000 0.00000000000 0.00000000000 0.00000000000
0.06875876160 -0.00082960637 0.24254791643 0.00000000000 0.00000000000 0.00000000000 0.00000000000 0.00000000000 0.00000000000 0.00000000000 0.00000000000
0.06875560272 -0.00082671913 0.24254783552 0.00000000000 0.00000000000 0.00000000000 0.00000000000 0.00000000000 0.00000000000 0.00000000000 0.00000000000
0.06875240297 -0.00082387729 0.24254775325 0.00000000000 0.00000000000 0.00000000000 0.00000000000 0.00000000000 0.00000000000 0.00000000000 0.00000000000
0.06874916302 -0.00082108143 0.24254766963 0.00000000000 0.00000000000 0.00000000000 0.00000000000 0.00000000000 0.00000000000 0.00000000000 0.00000000000
0.06874588352 -0.00081833213 0.24254758469 0.00000000000 0.00000000000 0.00000000000 0.00000000000 0.00000000000 0.00000000000 0.00000000000 0.00000000000
0.06874256514 -0.00081562994 0.24254749844 0.00000000000 0.00000000000 0.00000000000 0.00000000000 0.00000000000 0.00000000000 0.00000000000 0.00000000000
0.06873920856 -0.00081297542 0.24254741091 0.00000000000 0.00000000000 0.00000000000 0.00000000000 0.00000000000 0.00000000000 0.00000000000 0.00000000000
0.06873581446 -0.00081036910 0.24254732211 0.00000000000 0.00000000000 0.00000000000 0.00000000000 0.00000000000 0.00000000000 0.00000000000 0.00000000000
0.06873238354 -0.00080781152 0.24254723205 0.00000000000 0.00000000000 0.00000000000 0.00000000000 0.00000000000 0.00000000000 0.00000000000 0.00000000000
0.06872891649 -0.00080530319 0.24254714077 0.00000000000 0.00000000000 0.00000000000 0.00000000000 0.00000000000 0.00000000000 0.00000000000 0.00000000000
0.06872541401 -0.00080284462 0.24254704828 0.00000000000 0.00000000000 0.00000000000 0.00000000000 0.00000000000 0.00000000000 0.00000000000 0.00000000000
0.06872187684 -0.00080043633 0.24254695461 0.00000000000 0.00000000000 0.00000000000 0.00000000000 0.00000000000 0.00000000000 0.00000000000 0.00000000000
0.06871830567 -0.00079807879 0.24254685976 0.00000000000 0.00000000000 0.00000000000 0.00000000000 0.00000000000 0.00000000000 0.00000000000 0.00000000000
0.06871349978 -0.00079500372 0.24254673177 0.00000000000 0.00000000000 0.00000000000 0.00000000000 0.00000000000 0.00000000000 0.00000000000 0.00000000000
0.06870984656 -0.00079277498 0.24254663410 0.00000000000 0.00000000000 0.00000000000 0.00000000000 0.00000000000 0.00000000000 0.00000000000 0.00000000000
0.06870739039 -0.00079132423 0.24254656826 0.00000000000 0.00000000000 0.00000000000 0.00000000000 0.00000000000 0.00000000000 0.00000000000 0.00000000000
ZONE T="NURB"
I=201, J=1, K=1
0.06883226621 -0.00116358891 0.24254865621 3333.57082518212 0.00000000000 0.00000000000 0.00000000000 0.00000000000 0.00000000000 0.00000000000 0.24255144726
0.06883307243 -0.00116160569 0.24254868887 3333.23390273461 0.00000000000 0.00000000000 0.00000000000 0.00000000000 0.00000000000 0.00000000000 0.24255147041
0.06883386448 -0.00115961678 0.24254872114 3333.06603059775 0.00000000000 0.00000000000 0.00000000000 0.00000000000 0.00000000000 0.00000000000 0.24255149317
0.06883464232 -0.00115762226 0.24254875301 3333.06729441624 0.00000000000 0.00000000000 0.00000000000 0.00000000000 0.00000000000 0.00000000000 0.24255151551
0.06883540590 -0.00115562225 0.24254878449 3333.23757103407 0.00000000000 0.00000000000 0.00000000000 0.00000000000 0.00000000000 0.00000000000 0.24255153745
0.06883615520 -0.00115361683 0.24254881557 3333.15789042415 0.00000000000 0.00000000000 0.00000000000 0.00000000000 0.00000000000 0.00000000000 0.24255155899
0.06883689017 -0.00115160612 0.24254884625 3333.26011471036 0.00000000000 0.00000000000 0.00000000000 0.00000000000 0.00000000000 0.00000000000 0.24255158011
0.06883761078 -0.00114959022 0.24254887652 3333.18978134830 0.00000000000 0.00000000000 0.00000000000 0.00000000000 0.00000000000 0.00000000000 0.24255160082
0.06883831699 -0.00114756924 0.24254890638 3333.28454935106 0.00000000000 0.00000000000 0.00000000000 0.00000000000 0.00000000000 0.00000000000 0.24255162111
0.06883900875 -0.00114554326 0.24254893584 3333.21290870178 0.00000000000 0.00000000000 0.00000000000 0.00000000000 0.00000000000 0.00000000000 0.24255164098
0.06883968605 -0.00114351241 0.24254896488 3333.31085861098 0.00000000000 0.00000000000 0.00000000000 0.00000000000 0.00000000000 0.00000000000 0.24255166045
0.06884034883 -0.00114147677 0.24254899351 3333.24108502908 0.00000000000 0.00000000000 0.00000000000 0.00000000000 0.00000000000 0.00000000000 0.24255167949
0.06884099708 -0.00113943646 0.24254902173 3333.34084683207 0.00000000000 0.00000000000 0.00000000000 0.00000000000 0.00000000000 0.00000000000 0.24255169812
0.06884163076 -0.00113739158 0.24254904954 3333.27070189449 0.00000000000 0.00000000000 0.00000000000 0.00000000000 0.00000000000 0.00000000000 0.24255171632
0.06884224982 -0.00113534223 0.24254907693 3333.37004129277 0.00000000000 0.00000000000 0.00000000000 0.00000000000 0.00000000000 0.00000000000 0.24255173411
0.06884285425 -0.00113328852 0.24254910390 3333.30011666032 0.00000000000 0.00000000000 0.00000000000 0.00000000000 0.00000000000 0.00000000000 0.24255175148
0.06884344402 -0.00113123055 0.24254913045 3333.39962635573 0.00000000000 0.00000000000 0.00000000000 0.00000000000 0.00000000000 0.00000000000 0.24255176843
0.06884401908 -0.00112916843 0.24254915659 3333.32975915022 0.00000000000 0.00000000000 0.00000000000 0.00000000000 0.00000000000 0.00000000000 0.24255178495
0.06884457942 -0.00112710225 0.24254918230 3333.42927747840 0.00000000000 0.00000000000 0.00000000000 0.00000000000 0.00000000000 0.00000000000 0.24255180105
0.06884512500 -0.00112503214 0.24254920758 3333.35947759721 0.00000000000 0.00000000000 0.00000000000 0.00000000000 0.00000000000 0.00000000000 0.24255181673
0.06884565580 -0.00112295819 0.24254923245 3333.45901677169 0.00000000000 0.00000000000 0.00000000000 0.00000000000 0.00000000000 0.00000000000 0.24255183198
0.06884617179 -0.00112088050 0.24254925688 3333.38929220190 0.00000000000 0.00000000000 0.00000000000 0.00000000000 0.00000000000 0.00000000000 0.24255184680
0.06884667294 -0.00111879919 0.24254928089 3333.48885855451 0.00000000000 0.00000000000 0.00000000000 0.00000000000 0.00000000000 0.00000000000 0.24255186120
0.06884715923 -0.00111671436 0.24254930447 3333.41917848128 0.00000000000 0.00000000000 0.00000000000 0.00000000000 0.00000000000 0.00000000000 0.24255187518
0.06884763064 -0.00111462611 0.24254932762 3333.51874390044 0.00000000000 0.00000000000 0.00000000000 0.00000000000 0.00000000000 0.00000000000 0.24255188872
0.06884808713 -0.00111253456 0.24254935034 3333.44911133052 0.00000000000 0.00000000000 0.00000000000 0.00000000000 0.00000000000 0.00000000000 0.24255190184
0.06884852869 -0.00111043981 0.24254937263 3333.54867911796 0.00000000000 0.00000000000 0.00000000000 0.00000000000 0.00000000000 0.00000000000 0.24255191453
0.06884895530 -0.00110834196 0.24254939448 3333.47907802020 0.00000000000 0.00000000000 0.00000000000 0.00000000000 0.00000000000 0.00000000000 0.24255192678
0.06884936692 -0.00110624113 0.24254941590 3333.57863434913 0.00000000000 0.00000000000 0.00000000000 0.00000000000 0.00000000000 0.00000000000 0.24255193861
0.06884976355 -0.00110413741 0.24254943688 3333.50905375625 0.00000000000 0.00000000000 0.00000000000 0.00000000000 0.00000000000 0.00000000000 0.24255195001
0.06885014516 -0.00110203092 0.24254945743 3333.60858918211 0.00000000000 0.00000000000 0.00000000000 0.00000000000 0.00000000000 0.00000000000 0.24255196097
0.06885051173 -0.00109992177 0.24254947754 3333.53902913531 0.00000000000 0.00000000000 0.00000000000 0.00000000000 0.00000000000 0.00000000000 0.24255197151
0.06885086325 -0.00109781006 0.24254949720 3333.63854540859 0.00000000000 0.00000000000 0.00000000000 0.00000000000 0.00000000000 0.00000000000 0.24255198161
0.06885119969 -0.00109569589 0.24254951643 3333.56897402770 0.00000000000 0.00000000000 0.00000000000 0.00000000000 0.00000000000 0.00000000000 0.24255199127
0.06885152103 -0.00109357939 0.24254953522 3333.66843802871 0.00000000000 0.00000000000 0.00000000000 0.00000000000 0.00000000000 0.00000000000 0.24255200051
0.06885182728 -0.00109146064 0.24254955356 3333.59888111859 0.00000000000 0.00000000000 0.00000000000 0.00000000000 0.00000000000 0.00000000000 0.24255200931
0.06885211839 -0.00108933977 0.24254957146 3333.69832113171 0.00000000000 0.00000000000 0.00000000000 0.00000000000 0.00000000000 0.00000000000 0.24255201767
0.06885239437 -0.00108721689 0.24254958891 3333.62873110013 0.00000000000 0.00000000000 0.00000000000 0.00000000000 0.00000000000 0.00000000000 0.24255202560
0.06885265520 -0.00108509208 0.24254960592 3333.72809965922 0.00000000000 0.00000000000 0.00000000000 0.00000000000 0.00000000000 0.00000000000 0.24255203310
0.06885290086 -0.00108296548 0.24254962249 3333.65850016693 0.00000000000 0.00000000000 0.00000000000 0.00000000000 0.00000000000 0.00000000000 0.24255204015
0.06885313135 -0.00108083718 0.24254963860 3333.75782218480 0.00000000000 0.00000000000 0.00000000000 0.00000000000 0.00000000000 0.00000000000 0.24255204678
0.06885334665 -0.00107870730 0.24254965427 3333.68817398324 0.00000000000 0.00000000000 0.00000000000 0.00000000000 0.00000000000 0.00000000000 0.24255205296
0.06885354674 -0.00107657594 0.24254966949 3333.78740990555 0.00000000000 0.00000000000 0.00000000000 0.00000000000 0.00000000000 0.00000000000 0.24255205871
0.06885373163 -0.00107444321 0.24254968426 3333.71773916919 0.00000000000 0.00000000000 0.00000000000 0.00000000000 0.00000000000 0.00000000000 0.24255206402
0.06885390129 -0.00107230921 0.24254969858 3333.81691607594 0.00000000000 0.00000000000 0.00000000000 0.00000000000 0.00000000000 0.00000000000 0.24255206890
0.06885405573 -0.00107017407 0.24254971245 3333.74717251885 0.00000000000 0.00000000000 0.00000000000 0.00000000000 0.00000000000 0.00000000000 0.24255207334
0.06885419493 -0.00106803788 0.24254972586 3333.84624517334 0.00000000000 0.00000000000 0.00000000000 0.00000000000 0.00000000000 0.00000000000 0.24255207734
0.06885431889 -0.00106590076 0.24254973882 3333.77646248420 0.00000000000 0.00000000000 0.00000000000 0.00000000000 0.00000000000 0.00000000000 0.24255208090
0.06885442760 -0.00106376282 0.24254975133 3333.87546412631 0.00000000000 0.00000000000 0.00000000000 0.00000000000 0.00000000000 0.00000000000 0.24255208402
0.06885452106 -0.00106162415 0.24254976339 3333.80559306784 0.00000000000 0.00000000000 0.00000000000 0.00000000000 0.00000000000 0.00000000000 0.24255208671
0.06885459925 -0.00105948488 0.24254977499 3333.90447654826 0.00000000000 0.00000000000 0.00000000000 0.00000000000 0.00000000000 0.00000000000 0.24255208895
0.06885466219 -0.00105734511 0.24254978614 3333.83454453000 0.00000000000 0.00000000000 0.00000000000 0.00000000000 0.00000000000 0.00000000000 0.24255209076
0.06885470985 -0.00105520495 0.24254979683 3333.93333880760 0.00000000000 0.00000000000 0.00000000000 0.00000000000 0.00000000000 0.00000000000 0.24255209213
0.06885474225 -0.00105306451 0.24254980706 3333.86330766945 0.00000000000 0.00000000000 0.00000000000 0.00000000000 0.00000000000 0.00000000000 0.24255209306
0.06885475938 -0.00105092390 0.24254981684 3333.96197109141 0.00000000000 0.00000000000 0.00000000000 0.00000000000 0.00000000000 0.00000000000 0.24255209356
0.06885476124 -0.00104878323 0.24254982616 3333.89185639892 0.00000000000 0.00000000000 0.00000000000 0.00000000000 0.00000000000 0.00000000000 0.24255209361
0.06885474782 -0.00104664260 0.24254983502 3333.99041056612 0.00000000000 0.00000000000 0.00000000000 0.00000000000 0.00000000000 0.00000000000 0.24255209322
0.06885471914 -0.00104450212 0.24254984342 3333.92019107012 0.00000000000 0.00000000000 0.00000000000 0.00000000000 0.00000000000 0.00000000000 0.24255209240
0.06885467519 -0.00104236192 0.24254985136 3334.01861546136 0.00000000000 0.00000000000 0.00000000000 0.00000000000 0.00000000000 0.00000000000 0.24255209114
0.06885461597 -0.00104022208 0.24254985885 3333.94828648101 0.00000000000 0.00000000000 0.00000000000 0.00000000000 0.00000000000 0.00000000000 0.24255208943
0.06885454148 -0.00103808273 0.24254986587 3334.04657595315 0.00000000000 0.00000000000 0.00000000000 0.00000000000 0.00000000000 0.00000000000 0.24255208729
0.06885445174 -0.00103594397 0.24254987244 3333.97613128072 0.00000000000 0.00000000000 0.00000000000 0.00000000000 0.00000000000 0.00000000000 0.24255208472
0.06885434675 -0.00103380591 0.24254987854 3334.07427969925 0.00000000000 0.00000000000 0.00000000000 0.00000000000 0.00000000000 0.00000000000 0.24255208170
0.06885422650 -0.00103166865 0.24254988419 3334.00371324197 0.00000000000 0.00000000000 0.00000000000 0.00000000000 0.00000000000 0.00000000000 0.24255207824
0.06885409101 -0.00102953232 0.24254988937 3334.10171588531 0.00000000000 0.00000000000 0.00000000000 0.00000000000 0.00000000000 0.00000000000 0.24255207435
0.06885394029 -0.00102739701 0.24254989410 3334.03102283423 0.00000000000 0.00000000000 0.00000000000 0.00000000000 0.00000000000 0.00000000000 0.24255207002
0.06885377433 -0.00102526284 0.24254989836 3334.12888238963 0.00000000000 0.00000000000 0.00000000000 0.00000000000 0.00000000000 0.00000000000 0.24255206525
0.06885359316 -0.00102312991 0.24254990216 3334.05804234569 0.00000000000 0.00000000000 0.00000000000 0.00000000000 0.00000000000 0.00000000000 0.24255206005
0.06885339678 -0.00102099834 0.24254990550 3334.15573172839 0.00000000000 0.00000000000 0.00000000000 0.00000000000 0.00000000000 0.00000000000 0.24255205440
0.06885318519 -0.00101886823 0.24254990838 3334.08475903219 0.00000000000 0.00000000000 0.00000000000 0.00000000000 0.00000000000 0.00000000000 0.24255204832
0.06885295842 -0.00101673968 0.24254991079 3334.18229816337 0.00000000000 0.00000000000 0.00000000000 0.00000000000 0.00000000000 0.00000000000 0.24255204181
0.06885271647 -0.00101461282 0.24254991275 3334.11116951142 0.00000000000 0.00000000000 0.00000000000 0.00000000000 0.00000000000 0.00000000000 0.24255203486
0.06885245935 -0.00101248774 0.24254991424 3334.20853194072 0.00000000000 0.00000000000 0.00000000000 0.00000000000 0.00000000000 0.00000000000 0.24255202747
0.06885218708 -0.00101036456 0.24254991527 3334.13725274168 0.00000000000 0.00000000000 0.00000000000 0.00000000000 0.00000000000 0.00000000000 0.24255201964
0.06885189968 -0.00100824337 0.24254991584 3334.23444867972 0.00000000000 0.00000000000 0.00000000000 0.00000000000 0.00000000000 0.00000000000 0.24255201139
0.06885159715 -0.00100612430 0.24254991594 3334.16300245028 0.00000000000 0.00000000000 0.00000000000 0.00000000000 0.00000000000 0.00000000000 0.24255200269
0.06885127951 -0.00100400745 0.24254991559 3334.26001653523 0.00000000000 0.00000000000 0.00000000000 0.00000000000 0.00000000000 0.00000000000 0.24255199357
0.06885094678 -0.00100189293 0.24254991477 3334.18841044082 0.00000000000 0.00000000000 0.00000000000 0.00000000000 0.00000000000 0.00000000000 0.24255198401
0.06885059897 -0.00099978084 0.24254991349 3334.28524970128 0.00000000000 0.00000000000 0.00000000000 0.00000000000 0.00000000000 0.00000000000 0.24255197401
0.06885023611 -0.00099767129 0.24254991175 3334.21346386243 0.00000000000 0.00000000000 0.00000000000 0.00000000000 0.00000000000 0.00000000000 0.24255196359
0.06884985821 -0.00099556439 0.24254990955 3334.31011108903 0.00000000000 0.00000000000 0.00000000000 0.00000000000 0.00000000000 0.00000000000 0.24255195273
0.06884946529 -0.00099346025 0.24254990689 3334.23815621140 0.00000000000 0.00000000000 0.00000000000 0.00000000000 0.00000000000 0.00000000000 0.24255194144
0.06884905737 -0.00099135897 0.24254990377 3334.33462278369 0.00000000000 0.00000000000 0.00000000000 0.00000000000 0.00000000000 0.00000000000 0.24255192972
0.06884863447 -0.00098926067 0.24254990018 3334.26247431098 0.00000000000 0.00000000000 0.00000000000 0.00000000000 0.00000000000 0.00000000000 0.24255191757
0.06884819662 -0.00098716544 0.24254989614 3334.35873515745 0.00000000000 0.00000000000 0.00000000000 0.00000000000 0.00000000000 0.00000000000 0.24255190498
0.06884774383 -0.00098507339 0.24254989163 3334.28641709493 0.00000000000 0.00000000000 0.00000000000 0.00000000000 0.00000000000 0.00000000000 0.24255189197
0.06884727613 -0.00098298464 0.24254988667 3334.38249802561 0.00000000000 0.00000000000 0.00000000000 0.00000000000 0.00000000000 0.00000000000 0.24255187854
0.06884679355 -0.00098089928 0.24254988124 3334.30997425428 0.00000000000 0.00000000000 0.00000000000 0.00000000000 0.00000000000 0.00000000000 0.24255186467
0.06884629610 -0.00097881743 0.24254987536 3334.40583892391 0.00000000000 0.00000000000 0.00000000000 0.00000000000 0.00000000000 0.00000000000 0.24255185038
0.06884578381 -0.00097673918 0.24254986902 3334.33313148328 0.00000000000 0.00000000000 0.00000000000 0.00000000000 0.00000000000 0.00000000000 0.24255183566
0.06884525672 -0.00097466465 0.24254986222 3334.42880645819 0.00000000000 0.00000000000 0.00000000000 0.00000000000 0.00000000000 0.00000000000 0.24255182051
0.06884471484 -0.00097259394 0.24254985496 3334.35588993393 0.00000000000 0.00000000000 0.00000000000 0.00000000000 0.00000000000 0.00000000000 0.24255180494
0.06884415820 -0.00097052716 0.24254984724 3334.45135109377 0.00000000000 0.00000000000 0.00000000000 0.00000000000 0.00000000000 0.00000000000 0.24255178895
0.06884358684 -0.00096846441 0.24254983907 3334.37824208177 0.00000000000 0.00000000000 0.00000000000 0.00000000000 0.00000000000 0.00000000000 0.24255177253
0.06884300077 -0.00096640580 0.24254983044 3334.47350589417 0.00000000000 0.00000000000 0.00000000000 0.00000000000 0.00000000000 0.00000000000 0.24255175569
0.06884240004 -0.00096435142 0.24254982136 3334.40018337171 0.00000000000 0.00000000000 0.00000000000 0.00000000000 0.00000000000 0.00000000000 0.24255173843
0.06884178467 -0.00096230140 0.24254981182 3334.49523141362 0.00000000000 0.00000000000 0.00000000000 0.00000000000 0.00000000000 0.00000000000 0.24255172075
0.06884115470 -0.00096025582 0.24254980182 3334.42170196601 0.00000000000 0.00000000000 0.00000000000 0.00000000000 0.00000000000 0.00000000000 0.24255170265
0.06884051015 -0.00095821480 0.24254979138 3334.51653693274 0.00000000000 0.00000000000 0.00000000000 0.00000000000 0.00000000000 0.00000000000 0.24255168413
0.06883985105 -0.00095617843 0.24254978047 3334.44280286338 0.00000000000 0.00000000000 0.00000000000 0.00000000000 0.00000000000 0.00000000000 0.24255166519
0.06883917745 -0.00095414683 0.24254976912 3334.53743145591 0.00000000000 0.00000000000 0.00000000000 0.00000000000 0.00000000000 0.00000000000 0.24255164583
0.06883848938 -0.00095212010 0.24254975731 3334.46347153206 0.00000000000 0.00000000000 0.00000000000 0.00000000000 0.00000000000 0.00000000000 0.24255162606
0.06883778687 -0.00095009833 0.24254974505 3334.55787652301 0.00000000000 0.00000000000 0.00000000000 0.00000000000 0.00000000000 0.00000000000 0.24255160588
0.06883706995 -0.00094808163 0.24254973235 3334.48371236051 0.00000000000 0.00000000000 0.00000000000 0.00000000000 0.00000000000 0.00000000000 0.24255158528
0.06883633867 -0.00094607011 0.24254971919 3334.57791480224 0.00000000000 0.00000000000 0.00000000000 0.00000000000 0.00000000000 0.00000000000 0.24255156426
0.06883559307 -0.00094406387 0.24254970558 3334.50352266424 0.00000000000 0.00000000000 0.00000000000 0.00000000000 0.00000000000 0.00000000000 0.24255154284
0.06883483317 -0.00094206300 0.24254969153 3334.59749885811 0.00000000000 0.00000000000 0.00000000000 0.00000000000 0.00000000000 0.00000000000 0.24255152101
0.06883405902 -0.00094006762 0.24254967702 3334.52288867121 0.00000000000 0.00000000000 0.00000000000 0.00000000000 0.00000000000 0.00000000000 0.24255149876
0.06883327065 -0.00093807781 0.24254966208 3334.61665112817 0.00000000000 0.00000000000 0.00000000000 0.00000000000 0.00000000000 0.00000000000 0.24255147611
0.06883246812 -0.00093609370 0.24254964668 3334.54181867507 0.00000000000 0.00000000000 0.00000000000 0.00000000000 0.00000000000 0.00000000000 0.24255145305
0.06883165145 -0.00093411536 0.24254963084 3334.63536248023 0.00000000000 0.00000000000 0.00000000000 0.00000000000 0.00000000000 0.00000000000 0.24255142958
0.06883082069 -0.00093214291 0.24254961456 3334.56030948037 0.00000000000 0.00000000000 0.00000000000 0.00000000000 0.00000000000 0.00000000000 0.24255140571
0.06882997589 -0.00093017645 0.24254959783 3334.65363862283 0.00000000000 0.00000000000 0.00000000000 0.00000000000 0.00000000000 0.00000000000 0.24255138144
0.06882911708 -0.00092821607 0.24254958067 3334.57835471078 0.00000000000 0.00000000000 0.00000000000 0.00000000000 0.00000000000 0.00000000000 0.24255135676
0.06882824432 -0.00092626188 0.24254956306 3334.67145846169 0.00000000000 0.00000000000 0.00000000000 0.00000000000 0.00000000000 0.00000000000 0.24255133168
0.06882735763 -0.00092431398 0.24254954501 3334.59595676929 0.00000000000 0.00000000000 0.00000000000 0.00000000000 0.00000000000 0.00000000000 0.24255130621
0.06882645708 -0.00092237245 0.24254952653 3334.68884971123 0.00000000000 0.00000000000 0.00000000000 0.00000000000 0.00000000000 0.00000000000 0.24255128033
0.06882554270 -0.00092043742 0.24254950761 3334.61311394047 0.00000000000 0.00000000000 0.00000000000 0.00000000000 0.00000000000 0.00000000000 0.24255125406
0.06882461455 -0.00091850896 0.24254948825 3334.70578218401 0.00000000000 0.00000000000 0.00000000000 0.00000000000 0.00000000000 0.00000000000 0.24255122739
0.06882367266 -0.00091658718 0.24254946845 3334.62982693662 0.00000000000 0.00000000000 0.00000000000 0.00000000000 0.00000000000 0.00000000000 0.24255120033
0.06882271710 -0.00091467218 0.24254944823 3334.72228351822 0.00000000000 0.00000000000 0.00000000000 0.00000000000 0.00000000000 0.00000000000 0.24255117287
0.06882174789 -0.00091276406 0.24254942757 3334.64609550507 0.00000000000 0.00000000000 0.00000000000 0.00000000000 0.00000000000 0.00000000000 0.24255114502
0.06882076511 -0.00091086291 0.24254940647 3334.73833315872 0.00000000000 0.00000000000 0.00000000000 0.00000000000 0.00000000000 0.00000000000 0.24255111678
0.06881976879 -0.00090896883 0.24254938495 3334.66192014263 0.00000000000 0.00000000000 0.00000000000 0.00000000000 0.00000000000 0.00000000000 0.24255108815
0.06881875899 -0.00090708191 0.24254936300 3334.75394496983 0.00000000000 0.00000000000 0.00000000000 0.00000000000 0.00000000000 0.00000000000 0.24255105914
0.06881773575 -0.00090520225 0.24254934062 3334.67730209729 0.00000000000 0.00000000000 0.00000000000 0.00000000000 0.00000000000 0.00000000000 0.24255102974
0.06881669914 -0.00090332996 0.24254931781 3334.76911109846 0.00000000000 0.00000000000 0.00000000000 0.00000000000 0.00000000000 0.00000000000 0.24255099995
0.06881564920 -0.00090146511 0.24254929458 3334.69224129817 0.00000000000 0.00000000000 0.00000000000 0.00000000000 0.00000000000 0.00000000000 0.24255096978
0.06881458598 -0.00089960781 0.24254927093 3334.78384036790 0.00000000000 0.00000000000 0.00000000000 0.00000000000 0.00000000000 0.00000000000 0.24255093923
0.06881350955 -0.00089775816 0.24254924685 3334.70674381778 0.00000000000 0.00000000000 0.00000000000 0.00000000000 0.00000000000 0.00000000000 0.24255090830
0.06881241995 -0.00089591624 0.24254922236 3334.79813275827 0.00000000000 0.00000000000 0.00000000000 0.00000000000 0.00000000000 0.00000000000 0.24255087700
0.06881131725 -0.00089408215 0.24254919744 3334.72080715451 0.00000000000 0.00000000000 0.00000000000 0.00000000000 0.00000000000 0.00000000000 0.24255084531
0.06881020149 -0.00089225598 0.24254917210 3334.81198466455 0.00000000000 0.00000000000 0.00000000000 0.00000000000 0.00000000000 0.00000000000 0.24255081325
0.06880907274 -0.00089043783 0.24254914635 3334.73443696636 0.00000000000 0.00000000000 0.00000000000 0.00000000000 0.00000000000 0.00000000000 0.24255078082
0.06880793104 -0.00088862779 0.24254912018 3334.82540744917 0.00000000000 0.00000000000 0.00000000000 0.00000000000 0.00000000000 0.00000000000 0.24255074801
0.06880677647 -0.00088682595 0.24254909360 3334.74763123534 0.00000000000 0.00000000000 0.00000000000 0.00000000000 0.00000000000 0.00000000000 0.24255071484
0.06880560908 -0.00088503240 0.24254906661 3334.83839265169 0.00000000000 0.00000000000 0.00000000000 0.00000000000 0.00000000000 0.00000000000 0.24255068130
0.06880442893 -0.00088324724 0.24254903921 3334.76039954455 0.00000000000 0.00000000000 0.00000000000 0.00000000000 0.00000000000 0.00000000000 0.24255064739
0.06880323608 -0.00088147055 0.24254901140 3334.85096529278 0.00000000000 0.00000000000 0.00000000000 0.00000000000 0.00000000000 0.00000000000 0.24255061311
0.06880203058 -0.00087970243 0.24254898318 3334.77274328963 0.00000000000 0.00000000000 0.00000000000 0.00000000000 0.00000000000 0.00000000000 0.24255057847
0.06880081251 -0.00087794296 0.24254895455 3334.86310318027 0.00000000000 0.00000000000 0.00000000000 0.00000000000 0.00000000000 0.00000000000 0.24255054347
0.06879958192 -0.00087619224 0.24254892552 3334.78466106428 0.00000000000 0.00000000000 0.00000000000 0.00000000000 0.00000000000 0.00000000000 0.24255050811
0.06879833888 -0.00087445035 0.24254889609 3334.87482135127 0.00000000000 0.00000000000 0.00000000000 0.00000000000 0.00000000000 0.00000000000 0.24255047240
0.06879708344 -0.00087271738 0.24254886626 3334.79616409532 0.00000000000 0.00000000000 0.00000000000 0.00000000000 0.00000000000 0.00000000000 0.24255043632
0.06879581568 -0.00087099342 0.24254883603 3334.88613634197 0.00000000000 0.00000000000 0.00000000000 0.00000000000 0.00000000000 0.00000000000 0.24255039990
0.06879453566 -0.00086927857 0.24254880540 3334.80725468794 0.00000000000 0.00000000000 0.00000000000 0.00000000000 0.00000000000 0.00000000000 0.24255036312
0.06879324344 -0.00086757290 0.24254877438 3334.89702836411 0.00000000000 0.00000000000 0.00000000000 0.00000000000 0.00000000000 0.00000000000 0.24255032599
0.06879193909 -0.00086587650 0.24254874296 3334.81793362555 0.00000000000 0.00000000000 0.00000000000 0.00000000000 0.00000000000 0.00000000000 0.24255028851
0.06879062268 -0.00086418946 0.24254871116 3334.90752060024 0.00000000000 0.00000000000 0.00000000000 0.00000000000 0.00000000000 0.00000000000 0.24255025068
0.06878929427 -0.00086251186 0.24254867896 3334.82821125153 0.00000000000 0.00000000000 0.00000000000 0.00000000000 0.00000000000 0.00000000000 0.24255021251
0.06878795393 -0.00086084379 0.24254864637 3334.91761043081 0.00000000000 0.00000000000 0.00000000000 0.00000000000 0.00000000000 0.00000000000 0.24255017400
0.06878660173 -0.00085918534 0.24254861340 3334.83808908186 0.00000000000 0.00000000000 0.00000000000 0.00000000000 0.00000000000 0.00000000000 0.24255013515
0.06878523773 -0.00085753659 0.24254858004 3334.92730586733 0.00000000000 0.00000000000 0.00000000000 0.00000000000 0.00000000000 0.00000000000 0.24255009595
0.06878386202 -0.00085589763 0.24254854630 3334.84757327283 0.00000000000 0.00000000000 0.00000000000 0.00000000000 0.00000000000 0.00000000000 0.24255005643
0.06878247465 -0.00085426853 0.24254851218 3334.93660761612 0.00000000000 0.00000000000 0.00000000000 0.00000000000 0.00000000000 0.00000000000 0.24255001656
0.06878107570 -0.00085264937 0.24254847768 3334.85666976974 0.00000000000 0.00000000000 0.00000000000 0.00000000000 0.00000000000 0.00000000000 0.24254997636
0.06877966524 -0.00085104026 0.24254844280 3334.94552925998 0.00000000000 0.00000000000 0.00000000000 0.00000000000 0.00000000000 0.00000000000 0.24254993584
0.06877824334 -0.00084944125 0.24254840755 3334.86538476265 0.00000000000 0.00000000000 0.00000000000 0.00000000000 0.00000000000 0.00000000000 0.24254989498
0.06877681007 -0.00084785244 0.24254837193 3334.95407035936 0.00000000000 0.00000000000 0.00000000000 0.00000000000 0.00000000000 0.00000000000 0.24254985380
0.06877536551 -0.00084627391 0.24254833593 3334.87372234582 0.00000000000 0.00000000000 0.00000000000 0.00000000000 0.00000000000 0.00000000000 0.24254981229
0.06877390973 -0.00084470573 0.24254829957 3334.96223763270 0.00000000000 0.00000000000 0.00000000000 0.00000000000 0.00000000000 0.00000000000 0.24254977046
0.06877244281 -0.00084314799 0.24254826284 3334.88168973613 0.00000000000 0.00000000000 0.00000000000 0.00000000000 0.00000000000 0.00000000000 0.24254972831
0.06877096481 -0.00084160076 0.24254822574 3334.97003988403 0.00000000000 0.00000000000 0.00000000000 0.00000000000 0.00000000000 0.00000000000 0.24254968584
0.06876947582 -0.00084006413 0.24254818829 3334.88929610385 0.00000000000 0.00000000000 0.00000000000 0.00000000000 0.00000000000 0.00000000000 0.24254964306
0.06876797591 -0.00083853818 0.24254815047 3334.97748530734 0.00000000000 0.00000000000 0.00000000000 0.00000000000 0.00000000000 0.00000000000 0.24254959996
0.06876646516 -0.00083702297 0.24254811229 3334.89654128321 0.00000000000 0.00000000000 0.00000000000 0.00000000000 0.00000000000 0.00000000000 0.24254955655
0.06876494364 -0.00083551859 0.24254807376 3334.98456889072 0.00000000000 0.00000000000 0.00000000000 0.00000000000 0.00000000000 0.00000000000 0.24254951283
0.06876341143 -0.00083402511 0.24254803487 3334.90343571611 0.00000000000 0.00000000000 0.00000000000 0.00000000000 0.00000000000 0.00000000000 0.24254946881
0.06876186862 -0.00083254261 0.24254799564 3334.99131094898 0.00000000000 0.00000000000 0.00000000000 0.00000000000 0.00000000000 0.00000000000 0.24254942448
0.06876031527 -0.00083107117 0.24254795605 3334.90998807057 0.00000000000 0.00000000000 0.00000000000 0.00000000000 0.00000000000 0.00000000000 0.24254937984
0.06875875147 -0.00082961086 0.24254791611 3334.99771384780 0.00000000000 0.00000000000 0.00000000000 0.00000000000 0.00000000000 0.00000000000 0.24254933491
0.06875717729 -0.00082816175 0.24254787583 3334.91620134961 0.00000000000 0.00000000000 0.00000000000 0.00000000000 0.00000000000 0.00000000000 0.24254928968
0.06875559283 -0.00082672392 0.24254783521 3335.00377694013 0.00000000000 0.00000000000 0.00000000000 0.00000000000 0.00000000000 0.00000000000 0.24254924415
0.06875399815 -0.00082529744 0.24254779425 3334.92208608164 0.00000000000 0.00000000000 0.00000000000 0.00000000000 0.00000000000 0.00000000000 0.24254919833
0.06875239334 -0.00082388239 0.24254775295 3335.00952282194 0.00000000000 0.00000000000 0.00000000000 0.00000000000 0.00000000000 0.00000000000 0.24254915222
0.06875077848 -0.00082247883 0.24254771131 3334.92764719508 0.00000000000 0.00000000000 0.00000000000 0.00000000000 0.00000000000 0.00000000000 0.24254910582
0.06874915366 -0.00082108684 0.24254766934 3335.01494125751 0.00000000000 0.00000000000 0.00000000000 0.00000000000 0.00000000000 0.00000000000 0.24254905913
0.06874751895 -0.00081970648 0.24254762704 3334.93288756860 0.00000000000 0.00000000000 0.00000000000 0.00000000000 0.00000000000 0.00000000000 0.24254901216
0.06874587444 -0.00081833784 0.24254758441 3335.02004729081 0.00000000000 0.00000000000 0.00000000000 0.00000000000 0.00000000000 0.00000000000 0.24254896491
0.06874422021 -0.00081698097 0.24254754145 3334.93782429866 0.00000000000 0.00000000000 0.00000000000 0.00000000000 0.00000000000 0.00000000000 0.24254891738
0.06874255636 -0.00081563595 0.24254749817 3335.02485925371 0.00000000000 0.00000000000 0.00000000000 0.00000000000 0.00000000000 0.00000000000 0.24254886957
0.06874088295 -0.00081430284 0.24254745456 3334.94245493410 0.00000000000 0.00000000000 0.00000000000 0.00000000000 0.00000000000 0.00000000000 0.24254882149
0.06873920008 -0.00081298172 0.24254741064 3335.02935418410 0.00000000000 0.00000000000 0.00000000000 0.00000000000 0.00000000000 0.00000000000 0.24254877313
0.06873750784 -0.00081167265 0.24254736640 3334.94679632723 0.00000000000 0.00000000000 0.00000000000 0.00000000000 0.00000000000 0.00000000000 0.24254872451
0.06873580630 -0.00081037570 0.24254732184 3335.03358900827 0.00000000000 0.00000000000 0.00000000000 0.00000000000 0.00000000000 0.00000000000 0.24254867562
0.06873409557 -0.00080909092 0.24254727698 3334.95082593551 0.00000000000 0.00000000000 0.00000000000 0.00000000000 0.00000000000 0.00000000000 0.24254862646
0.06873237571 -0.00080781840 0.24254723180 3335.03746147437 0.00000000000 0.00000000000 0.00000000000 0.00000000000 0.00000000000 0.00000000000 0.24254857704
0.06873064683 -0.00080655819 0.24254718632 3334.95466852479 0.00000000000 0.00000000000 0.00000000000 0.00000000000 0.00000000000 0.00000000000 0.24254852737
0.06872890900 -0.00080531036 0.24254714053 3335.04132155111 0.00000000000 0.00000000000 0.00000000000 0.00000000000 0.00000000000 0.00000000000 0.24254847743
0.06872716233 -0.00080407496 0.24254709444 3334.95789279014 0.00000000000 0.00000000000 0.00000000000 0.00000000000 0.00000000000 0.00000000000 0.24254842724
0.06872540689 -0.00080285207 0.24254704805 3335.04396172928 0.00000000000 0.00000000000 0.00000000000 0.00000000000 0.00000000000 0.00000000000 0.24254837680
0.06872364277 -0.00080164175 0.24254700137 3334.96213686691 0.00000000000 0.00000000000 0.00000000000 0.00000000000 0.00000000000 0.00000000000 0.24254832611
0.06872187008 -0.00080044405 0.24254695438 3335.04985658750 0.00000000000 0.00000000000 0.00000000000 0.00000000000 0.00000000000 0.00000000000 0.24254827518
0.06872008889 -0.00079925905 0.24254690711 3334.96181697908 0.00000000000 0.00000000000 0.00000000000 0.00000000000 0.00000000000 0.00000000000 0.24254822400
0.06871829929 -0.00079808679 0.24254685955 3335.04779404248 0.00000000000 0.00000000000 0.00000000000 0.00000000000 0.00000000000 0.00000000000 0.24254817258
0.06871650139 -0.00079692734 0.24254681170 3334.98194782534 0.00000000000 0.00000000000 0.00000000000 0.00000000000 0.00000000000 0.00000000000 0.24254812091
0.06871469526 -0.00079578075 0.24254676357 3335.07408599840 0.00000000000 0.00000000000 0.00000000000 0.00000000000 0.00000000000 0.00000000000 0.24254806902
0.06871288101 -0.00079464709 0.24254671515 3334.92074792578 0.00000000000 0.00000000000 0.00000000000 0.00000000000 0.00000000000 0.00000000000 0.24254801689
0.06871105872 -0.00079352641 0.24254666646 3334.93783802107 0.00000000000 0.00000000000 0.00000000000 0.00000000000 0.00000000000 0.00000000000 0.24254796453
0.06870922848 -0.00079241877 0.24254661750 3335.12535097331 0.00000000000 0.00000000000 0.00000000000 0.00000000000 0.00000000000 0.00000000000 0.24254791194
0.06870739039 -0.00079132423 0.24254656826 3335.48321068807 0.00000000000 0.00000000000 0.00000000000 0.00000000000 0.00000000000 0.00000000000 0.24254785913
