VARIABLES=
"CoordinateX"
"CoordinateY"
"CoordinateZ"
"Kappa1"
"Kappa2"
"dy"
"dz"
"d2x"
"d2y"
"d2z"
"R"
ZONE T="Konrollpunkte"
I=101, J=1, K=1
0.06403979112 -0.00217814647 0.24240823649 0.00000000000 0.00000000000 0.00000000000 0.00000000000 0.00000000000 0.00000000000 0.00000000000 0.00000000000
0.06403706279 -0.00217998663 0.24240814757 0.00000000000 0.00000000000 0.00000000000 0.00000000000 0.00000000000 0.00000000000 0.00000000000 0.00000000000
0.06403301571 -0.00218281429 0.24240801477 0.00000000000 0.00000000000 0.00000000000 0.00000000000 0.00000000000 0.00000000000 0.00000000000 0.00000000000
0.06402771483 -0.00218671624 0.24240783899 0.00000000000 0.00000000000 0.00000000000 0.00000000000 0.00000000000 0.00000000000 0.00000000000 0.00000000000
0.06402378786 -0.00218970777 0.24240770781 0.00000000000 0.00000000000 0.00000000000 0.00000000000 0.00000000000 0.00000000000 0.00000000000 0.00000000000
0.06401991064 -0.00219276358 0.24240757734 0.00000000000 0.00000000000 0.00000000000 0.00000000000 0.00000000000 0.00000000000 0.00000000000 0.00000000000
0.06401608423 -0.00219588282 0.24240744760 0.00000000000 0.00000000000 0.00000000000 0.00000000000 0.00000000000 0.00000000000 0.00000000000 0.00000000000
0.06401230965 -0.00219906465 0.24240731862 0.00000000000 0.00000000000 0.00000000000 0.00000000000 0.00000000000 0.00000000000 0.00000000000 0.00000000000
0.06400858794 -0.00220230822 0.24240719045 0.00000000000 0.00000000000 0.00000000000 0.00000000000 0.00000000000 0.00000000000 0.00000000000 0.00000000000
0.06400492010 -0.00220561264 0.24240706311 0.00000000000 0.00000000000 0.00000000000 0.00000000000 0.00000000000 0.00000000000 0.00000000000 0.00000000000
0.06400130713 -0.00220897702 0.24240693663 0.00000000000 0.00000000000 0.00000000000 0.00000000000 0.00000000000 0.00000000000 0.00000000000 0.00000000000
0.06399775000 -0.00221240044 0.24240681105 0.00000000000 0.00000000000 0.00000000000 0.00000000000 0.00000000000 0.00000000000 0.00000000000 0.00000000000
0.06399424968 -0.00221588198 0.24240668640 0.00000000000 0.00000000000 0.00000000000 0.00000000000 0.00000000000 0.00000000000 0.00000000000 0.00000000000
0.06399080713 -0.00221942070 0.24240656270 0.00000000000 0.00000000000 0.00000000000 0.00000000000 0.00000000000 0.00000000000 0.00000000000 0.00000000000
0.06398742326 -0.00222301563 0.24240644000 0.00000000000 0.00000000000 0.00000000000 0.00000000000 0.00000000000 0.00000000000 0.00000000000 0.00000000000
0.06398409901 -0.00222666581 0.24240631831 0.00000000000 0.00000000000 0.00000000000 0.00000000000 0.00000000000 0.00000000000 0.00000000000 0.00000000000
0.06398083526 -0.00223037024 0.24240619768 0.00000000000 0.00000000000 0.00000000000 0.00000000000 0.00000000000 0.00000000000 0.00000000000 0.00000000000
0.06397763292 -0.00223412792 0.24240607813 0.00000000000 0.00000000000 0.00000000000 0.00000000000 0.00000000000 0.00000000000 0.00000000000 0.00000000000
0.06397449283 -0.00223793783 0.24240595968 0.00000000000 0.00000000000 0.00000000000 0.00000000000 0.00000000000 0.00000000000 0.00000000000 0.00000000000
0.06397141586 -0.00224179894 0.24240584238 0.00000000000 0.00000000000 0.00000000000 0.00000000000 0.00000000000 0.00000000000 0.00000000000 0.00000000000
0.06396840284 -0.00224571021 0.24240572625 0.00000000000 0.00000000000 0.00000000000 0.00000000000 0.00000000000 0.00000000000 0.00000000000 0.00000000000
0.06396545459 -0.00224967057 0.24240561132 0.00000000000 0.00000000000 0.00000000000 0.00000000000 0.00000000000 0.00000000000 0.00000000000 0.00000000000
0.06396257190 -0.00225367895 0.24240549762 0.00000000000 0.00000000000 0.00000000000 0.00000000000 0.00000000000 0.00000000000 0.00000000000 0.00000000000
0.06395975556 -0.00225773426 0.24240538517 0.00000000000 0.00000000000 0.00000000000 0.00000000000 0.00000000000 0.00000000000 0.00000000000 0.00000000000
0.06395700633 -0.00226183541 0.24240527401 0.00000000000 0.00000000000 0.00000000000 0.00000000000 0.00000000000 0.00000000000 0.00000000000 0.00000000000
0.06395432496 -0.00226598129 0.24240516416 0.00000000000 0.00000000000 0.00000000000 0.00000000000 0.00000000000 0.00000000000 0.00000000000 0.00000000000
0.06395171217 -0.00227017076 0.24240505565 0.00000000000 0.00000000000 0.00000000000 0.00000000000 0.00000000000 0.00000000000 0.00000000000 0.00000000000
0.06394916867 -0.00227440271 0.24240494851 0.00000000000 0.00000000000 0.00000000000 0.00000000000 0.00000000000 0.00000000000 0.00000000000 0.00000000000
0.06394669516 -0.00227867597 0.24240484276 0.00000000000 0.00000000000 0.00000000000 0.00000000000 0.00000000000 0.00000000000 0.00000000000 0.00000000000
0.06394429229 -0.00228298939 0.24240473844 0.00000000000 0.00000000000 0.00000000000 0.00000000000 0.00000000000 0.00000000000 0.00000000000 0.00000000000
0.06394196073 -0.00228734181 0.24240463556 0.00000000000 0.00000000000 0.00000000000 0.00000000000 0.00000000000 0.00000000000 0.00000000000 0.00000000000
0.06393970110 -0.00229173204 0.24240453415 0.00000000000 0.00000000000 0.00000000000 0.00000000000 0.00000000000 0.00000000000 0.00000000000 0.00000000000
0.06393751403 -0.00229615890 0.24240443424 0.00000000000 0.00000000000 0.00000000000 0.00000000000 0.00000000000 0.00000000000 0.00000000000 0.00000000000
0.06393540009 -0.00230062118 0.24240433585 0.00000000000 0.00000000000 0.00000000000 0.00000000000 0.00000000000 0.00000000000 0.00000000000 0.00000000000
0.06393335987 -0.00230511767 0.24240423901 0.00000000000 0.00000000000 0.00000000000 0.00000000000 0.00000000000 0.00000000000 0.00000000000 0.00000000000
0.06393139391 -0.00230964716 0.24240414375 0.00000000000 0.00000000000 0.00000000000 0.00000000000 0.00000000000 0.00000000000 0.00000000000 0.00000000000
0.06392950276 -0.00231420842 0.24240405008 0.00000000000 0.00000000000 0.00000000000 0.00000000000 0.00000000000 0.00000000000 0.00000000000 0.00000000000
0.06392768692 -0.00231880022 0.24240395803 0.00000000000 0.00000000000 0.00000000000 0.00000000000 0.00000000000 0.00000000000 0.00000000000 0.00000000000
0.06392594689 -0.00232342130 0.24240386762 0.00000000000 0.00000000000 0.00000000000 0.00000000000 0.00000000000 0.00000000000 0.00000000000 0.00000000000
0.06392428314 -0.00232807043 0.24240377888 0.00000000000 0.00000000000 0.00000000000 0.00000000000 0.00000000000 0.00000000000 0.00000000000 0.00000000000
0.06392269611 -0.00233274632 0.24240369183 0.00000000000 0.00000000000 0.00000000000 0.00000000000 0.00000000000 0.00000000000 0.00000000000 0.00000000000
0.06392118625 -0.00233744773 0.24240360648 0.00000000000 0.00000000000 0.00000000000 0.00000000000 0.00000000000 0.00000000000 0.00000000000 0.00000000000
0.06391975396 -0.00234217338 0.24240352287 0.00000000000 0.00000000000 0.00000000000 0.00000000000 0.00000000000 0.00000000000 0.00000000000 0.00000000000
0.06391839962 -0.00234692198 0.24240344102 0.00000000000 0.00000000000 0.00000000000 0.00000000000 0.00000000000 0.00000000000 0.00000000000 0.00000000000
0.06391712361 -0.00235169225 0.24240336094 0.00000000000 0.00000000000 0.00000000000 0.00000000000 0.00000000000 0.00000000000 0.00000000000 0.00000000000
0.06391592628 -0.00235648290 0.24240328265 0.00000000000 0.00000000000 0.00000000000 0.00000000000 0.00000000000 0.00000000000 0.00000000000 0.00000000000
0.06391480793 -0.00236129263 0.24240320618 0.00000000000 0.00000000000 0.00000000000 0.00000000000 0.00000000000 0.00000000000 0.00000000000 0.00000000000
0.06391376889 -0.00236612013 0.24240313154 0.00000000000 0.00000000000 0.00000000000 0.00000000000 0.00000000000 0.00000000000 0.00000000000 0.00000000000
0.06391280944 -0.00237096410 0.24240305876 0.00000000000 0.00000000000 0.00000000000 0.00000000000 0.00000000000 0.00000000000 0.00000000000 0.00000000000
0.06391192982 -0.00237582322 0.24240298785 0.00000000000 0.00000000000 0.00000000000 0.00000000000 0.00000000000 0.00000000000 0.00000000000 0.00000000000
0.06391113029 -0.00238069618 0.24240291883 0.00000000000 0.00000000000 0.00000000000 0.00000000000 0.00000000000 0.00000000000 0.00000000000 0.00000000000
0.06391041105 -0.00238558165 0.24240285172 0.00000000000 0.00000000000 0.00000000000 0.00000000000 0.00000000000 0.00000000000 0.00000000000 0.00000000000
0.06390977231 -0.00239047832 0.24240278654 0.00000000000 0.00000000000 0.00000000000 0.00000000000 0.00000000000 0.00000000000 0.00000000000 0.00000000000
0.06390921424 -0.00239538486 0.24240272330 0.00000000000 0.00000000000 0.00000000000 0.00000000000 0.00000000000 0.00000000000 0.00000000000 0.00000000000
0.06390873698 -0.00240029993 0.24240266202 0.00000000000 0.00000000000 0.00000000000 0.00000000000 0.00000000000 0.00000000000 0.00000000000 0.00000000000
0.06390834068 -0.00240522220 0.24240260271 0.00000000000 0.00000000000 0.00000000000 0.00000000000 0.00000000000 0.00000000000 0.00000000000 0.00000000000
0.06390802543 -0.00241015035 0.24240254540 0.00000000000 0.00000000000 0.00000000000 0.00000000000 0.00000000000 0.00000000000 0.00000000000 0.00000000000
0.06390779132 -0.00241508303 0.24240249010 0.00000000000 0.00000000000 0.00000000000 0.00000000000 0.00000000000 0.00000000000 0.00000000000 0.00000000000
0.06390763842 -0.00242001891 0.24240243681 0.00000000000 0.00000000000 0.00000000000 0.00000000000 0.00000000000 0.00000000000 0.00000000000 0.00000000000
0.06390756677 -0.00242495665 0.24240238557 0.00000000000 0.00000000000 0.00000000000 0.00000000000 0.00000000000 0.00000000000 0.00000000000 0.00000000000
0.06390757638 -0.00242989491 0.24240233637 0.00000000000 0.00000000000 0.00000000000 0.00000000000 0.00000000000 0.00000000000 0.00000000000 0.00000000000
0.06390766726 -0.00243483236 0.24240228924 0.00000000000 0.00000000000 0.00000000000 0.00000000000 0.00000000000 0.00000000000 0.00000000000 0.00000000000
0.06390783939 -0.00243976765 0.24240224418 0.00000000000 0.00000000000 0.00000000000 0.00000000000 0.00000000000 0.00000000000 0.00000000000 0.00000000000
0.06390809271 -0.00244469945 0.24240220121 0.00000000000 0.00000000000 0.00000000000 0.00000000000 0.00000000000 0.00000000000 0.00000000000 0.00000000000
0.06390842715 -0.00244962642 0.24240216034 0.00000000000 0.00000000000 0.00000000000 0.00000000000 0.00000000000 0.00000000000 0.00000000000 0.00000000000
0.06390884263 -0.00245454723 0.24240212159 0.00000000000 0.00000000000 0.00000000000 0.00000000000 0.00000000000 0.00000000000 0.00000000000 0.00000000000
0.06390933904 -0.00245946054 0.24240208495 0.00000000000 0.00000000000 0.00000000000 0.00000000000 0.00000000000 0.00000000000 0.00000000000 0.00000000000
0.06390991624 -0.00246436503 0.24240205045 0.00000000000 0.00000000000 0.00000000000 0.00000000000 0.00000000000 0.00000000000 0.00000000000 0.00000000000
0.06391057407 -0.00246925936 0.24240201810 0.00000000000 0.00000000000 0.00000000000 0.00000000000 0.00000000000 0.00000000000 0.00000000000 0.00000000000
0.06391131236 -0.00247414220 0.24240198789 0.00000000000 0.00000000000 0.00000000000 0.00000000000 0.00000000000 0.00000000000 0.00000000000 0.00000000000
0.06391213091 -0.00247901223 0.24240195985 0.00000000000 0.00000000000 0.00000000000 0.00000000000 0.00000000000 0.00000000000 0.00000000000 0.00000000000
0.06391302949 -0.00248386814 0.24240193398 0.00000000000 0.00000000000 0.00000000000 0.00000000000 0.00000000000 0.00000000000 0.00000000000 0.00000000000
0.06391400787 -0.00248870861 0.24240191028 0.00000000000 0.00000000000 0.00000000000 0.00000000000 0.00000000000 0.00000000000 0.00000000000 0.00000000000
0.06391506577 -0.00249353232 0.24240188878 0.00000000000 0.00000000000 0.00000000000 0.00000000000 0.00000000000 0.00000000000 0.00000000000 0.00000000000
0.06391620292 -0.00249833797 0.24240186946 0.00000000000 0.00000000000 0.00000000000 0.00000000000 0.00000000000 0.00000000000 0.00000000000 0.00000000000
0.06391741899 -0.00250312425 0.24240185234 0.00000000000 0.00000000000 0.00000000000 0.00000000000 0.00000000000 0.00000000000 0.00000000000 0.00000000000
0.06391871368 -0.00250788987 0.24240183743 0.00000000000 0.00000000000 0.00000000000 0.00000000000 0.00000000000 0.00000000000 0.00000000000 0.00000000000
0.06392008661 -0.00251263354 0.24240182472 0.00000000000 0.00000000000 0.00000000000 0.00000000000 0.00000000000 0.00000000000 0.00000000000 0.00000000000
0.06392153743 -0.00251735397 0.24240181423 0.00000000000 0.00000000000 0.00000000000 0.00000000000 0.00000000000 0.00000000000 0.00000000000 0.00000000000
0.06392306574 -0.00252204988 0.24240180596 0.00000000000 0.00000000000 0.00000000000 0.00000000000 0.00000000000 0.00000000000 0.00000000000 0.00000000000
0.06392467113 -0.00252672000 0.24240179992 0.00000000000 0.00000000000 0.00000000000 0.00000000000 0.00000000000 0.00000000000 0.00000000000 0.00000000000
0.06392635316 -0.00253136307 0.24240179609 0.00000000000 0.00000000000 0.00000000000 0.00000000000 0.00000000000 0.00000000000 0.00000000000 0.00000000000
0.06392811137 -0.00253597782 0.24240179450 0.00000000000 0.00000000000 0.00000000000 0.00000000000 0.00000000000 0.00000000000 0.00000000000 0.00000000000
0.06392994529 -0.00254056300 0.24240179514 0.00000000000 0.00000000000 0.00000000000 0.00000000000 0.00000000000 0.00000000000 0.00000000000 0.00000000000
0.06393185443 -0.00254511737 0.24240179800 0.00000000000 0.00000000000 0.00000000000 0.00000000000 0.00000000000 0.00000000000 0.00000000000 0.00000000000
0.06393383826 -0.00254963970 0.24240180310 0.00000000000 0.00000000000 0.00000000000 0.00000000000 0.00000000000 0.00000000000 0.00000000000 0.00000000000
0.06393589625 -0.00255412876 0.24240181044 0.00000000000 0.00000000000 0.00000000000 0.00000000000 0.00000000000 0.00000000000 0.00000000000 0.00000000000
0.06393802784 -0.00255858334 0.24240182001 0.00000000000 0.00000000000 0.00000000000 0.00000000000 0.00000000000 0.00000000000 0.00000000000 0.00000000000
0.06394023246 -0.00256300222 0.24240183181 0.00000000000 0.00000000000 0.00000000000 0.00000000000 0.00000000000 0.00000000000 0.00000000000 0.00000000000
0.06394250950 -0.00256738421 0.24240184584 0.00000000000 0.00000000000 0.00000000000 0.00000000000 0.00000000000 0.00000000000 0.00000000000 0.00000000000
0.06394485836 -0.00257172813 0.24240186210 0.00000000000 0.00000000000 0.00000000000 0.00000000000 0.00000000000 0.00000000000 0.00000000000 0.00000000000
0.06394727839 -0.00257603279 0.24240188059 0.00000000000 0.00000000000 0.00000000000 0.00000000000 0.00000000000 0.00000000000 0.00000000000 0.00000000000
0.06394976893 -0.00258029702 0.24240190131 0.00000000000 0.00000000000 0.00000000000 0.00000000000 0.00000000000 0.00000000000 0.00000000000 0.00000000000
0.06395232933 -0.00258451968 0.24240192424 0.00000000000 0.00000000000 0.00000000000 0.00000000000 0.00000000000 0.00000000000 0.00000000000 0.00000000000
0.06395495887 -0.00258869962 0.24240194939 0.00000000000 0.00000000000 0.00000000000 0.00000000000 0.00000000000 0.00000000000 0.00000000000 0.00000000000
0.06395765685 -0.00259283570 0.24240197676 0.00000000000 0.00000000000 0.00000000000 0.00000000000 0.00000000000 0.00000000000 0.00000000000 0.00000000000
0.06396042254 -0.00259692680 0.24240200633 0.00000000000 0.00000000000 0.00000000000 0.00000000000 0.00000000000 0.00000000000 0.00000000000 0.00000000000
0.06396325519 -0.00260097182 0.24240203811 0.00000000000 0.00000000000 0.00000000000 0.00000000000 0.00000000000 0.00000000000 0.00000000000 0.00000000000
0.06396712031 -0.00260630227 0.24240208338 0.00000000000 0.00000000000 0.00000000000 0.00000000000 0.00000000000 0.00000000000 0.00000000000 0.00000000000
0.06397011725 -0.00261022770 0.24240212065 0.00000000000 0.00000000000 0.00000000000 0.00000000000 0.00000000000 0.00000000000 0.00000000000 0.00000000000
0.06397215775 -0.00261281105 0.24240214694 0.00000000000 0.00000000000 0.00000000000 0.00000000000 0.00000000000 0.00000000000 0.00000000000 0.00000000000
ZONE T="NURB"
I=201, J=1, K=1
0.06403979112 -0.00217814647 0.24240823649 3333.58693001285 0.00000000000 0.00000000000 0.00000000000 0.00000000000 0.00000000000 0.00000000000 0.24241802210
0.06403775070 -0.00217953491 0.24240816988 3333.10308812345 0.00000000000 0.00000000000 0.00000000000 0.00000000000 0.00000000000 0.00000000000 0.24241796797
0.06403572177 -0.00218094012 0.24240810342 3332.84573810220 0.00000000000 0.00000000000 0.00000000000 0.00000000000 0.00000000000 0.00000000000 0.24241791415
0.06403370446 -0.00218236198 0.24240803710 3332.81502575707 0.00000000000 0.00000000000 0.00000000000 0.00000000000 0.00000000000 0.00000000000 0.24241786064
0.06403169892 -0.00218380040 0.24240797095 3333.01095798704 0.00000000000 0.00000000000 0.00000000000 0.00000000000 0.00000000000 0.00000000000 0.24241780744
0.06402970528 -0.00218525528 0.24240790495 3332.86409965090 0.00000000000 0.00000000000 0.00000000000 0.00000000000 0.00000000000 0.00000000000 0.24241775456
0.06402772368 -0.00218672654 0.24240783912 3332.93363202373 0.00000000000 0.00000000000 0.00000000000 0.00000000000 0.00000000000 0.00000000000 0.24241770199
0.06402575424 -0.00218821406 0.24240777345 3332.81555170739 0.00000000000 0.00000000000 0.00000000000 0.00000000000 0.00000000000 0.00000000000 0.24241764975
0.06402379711 -0.00218971775 0.24240770796 3332.92702872018 0.00000000000 0.00000000000 0.00000000000 0.00000000000 0.00000000000 0.00000000000 0.24241759784
0.06402185241 -0.00219123750 0.24240764264 3332.80177114397 0.00000000000 0.00000000000 0.00000000000 0.00000000000 0.00000000000 0.00000000000 0.24241754625
0.06401992028 -0.00219277322 0.24240757750 3332.90237147362 0.00000000000 0.00000000000 0.00000000000 0.00000000000 0.00000000000 0.00000000000 0.24241749500
0.06401800084 -0.00219432479 0.24240751254 3332.78004092631 0.00000000000 0.00000000000 0.00000000000 0.00000000000 0.00000000000 0.00000000000 0.24241744409
0.06401609423 -0.00219589212 0.24240744777 3332.88352409972 0.00000000000 0.00000000000 0.00000000000 0.00000000000 0.00000000000 0.00000000000 0.24241739351
0.06401420058 -0.00219747509 0.24240738319 3332.76118868608 0.00000000000 0.00000000000 0.00000000000 0.00000000000 0.00000000000 0.00000000000 0.24241734328
0.06401232002 -0.00219907361 0.24240731881 3332.86461861267 0.00000000000 0.00000000000 0.00000000000 0.00000000000 0.00000000000 0.00000000000 0.24241729340
0.06401045267 -0.00220068756 0.24240725463 3332.74306631168 0.00000000000 0.00000000000 0.00000000000 0.00000000000 0.00000000000 0.00000000000 0.24241724386
0.06400859865 -0.00220231683 0.24240719065 3332.84723034048 0.00000000000 0.00000000000 0.00000000000 0.00000000000 0.00000000000 0.00000000000 0.24241719468
0.06400675810 -0.00220396131 0.24240712688 3332.72627075126 0.00000000000 0.00000000000 0.00000000000 0.00000000000 0.00000000000 0.00000000000 0.24241714586
0.06400493115 -0.00220562089 0.24240706332 3332.83098044708 0.00000000000 0.00000000000 0.00000000000 0.00000000000 0.00000000000 0.00000000000 0.24241709740
0.06400311790 -0.00220729546 0.24240699998 3332.71065991041 0.00000000000 0.00000000000 0.00000000000 0.00000000000 0.00000000000 0.00000000000 0.24241704930
0.06400131849 -0.00220898491 0.24240693685 3332.81596283897 0.00000000000 0.00000000000 0.00000000000 0.00000000000 0.00000000000 0.00000000000 0.24241700157
0.06399953304 -0.00221068912 0.24240687395 3332.69628344709 0.00000000000 0.00000000000 0.00000000000 0.00000000000 0.00000000000 0.00000000000 0.24241695421
0.06399776167 -0.00221240797 0.24240681128 3332.80218309660 0.00000000000 0.00000000000 0.00000000000 0.00000000000 0.00000000000 0.00000000000 0.24241690722
0.06399600450 -0.00221414135 0.24240674884 3332.68314758124 0.00000000000 0.00000000000 0.00000000000 0.00000000000 0.00000000000 0.00000000000 0.24241686061
0.06399426165 -0.00221588915 0.24240668664 3332.78964567393 0.00000000000 0.00000000000 0.00000000000 0.00000000000 0.00000000000 0.00000000000 0.24241681438
0.06399253323 -0.00221765123 0.24240662468 3332.67125758802 0.00000000000 0.00000000000 0.00000000000 0.00000000000 0.00000000000 0.00000000000 0.24241676853
0.06399081937 -0.00221942749 0.24240656296 3332.77835996123 0.00000000000 0.00000000000 0.00000000000 0.00000000000 0.00000000000 0.00000000000 0.24241672307
0.06398912018 -0.00222121781 0.24240650148 3332.66062761072 0.00000000000 0.00000000000 0.00000000000 0.00000000000 0.00000000000 0.00000000000 0.24241667799
0.06398743578 -0.00222302206 0.24240644026 3332.76834417378 0.00000000000 0.00000000000 0.00000000000 0.00000000000 0.00000000000 0.00000000000 0.24241663331
0.06398576627 -0.00222484011 0.24240637929 3332.65126416185 0.00000000000 0.00000000000 0.00000000000 0.00000000000 0.00000000000 0.00000000000 0.24241658903
0.06398411177 -0.00222667186 0.24240631859 3332.75959225555 0.00000000000 0.00000000000 0.00000000000 0.00000000000 0.00000000000 0.00000000000 0.24241654514
0.06398247240 -0.00222851717 0.24240625814 3332.64317109557 0.00000000000 0.00000000000 0.00000000000 0.00000000000 0.00000000000 0.00000000000 0.24241650165
0.06398084827 -0.00223037591 0.24240619796 3332.75211937621 0.00000000000 0.00000000000 0.00000000000 0.00000000000 0.00000000000 0.00000000000 0.24241645857
0.06397923948 -0.00223224797 0.24240613805 3332.63635989186 0.00000000000 0.00000000000 0.00000000000 0.00000000000 0.00000000000 0.00000000000 0.24241641590
0.06397764615 -0.00223413321 0.24240607842 3332.74592944948 0.00000000000 0.00000000000 0.00000000000 0.00000000000 0.00000000000 0.00000000000 0.24241637363
0.06397606838 -0.00223603152 0.24240601906 3332.63082776992 0.00000000000 0.00000000000 0.00000000000 0.00000000000 0.00000000000 0.00000000000 0.24241633178
0.06397450628 -0.00223794275 0.24240595998 3332.74101607051 0.00000000000 0.00000000000 0.00000000000 0.00000000000 0.00000000000 0.00000000000 0.24241629034
0.06397295996 -0.00223986678 0.24240590119 3332.62658186525 0.00000000000 0.00000000000 0.00000000000 0.00000000000 0.00000000000 0.00000000000 0.24241624933
0.06397142951 -0.00224180348 0.24240584269 3332.73740099294 0.00000000000 0.00000000000 0.00000000000 0.00000000000 0.00000000000 0.00000000000 0.24241620873
0.06396991506 -0.00224375272 0.24240578448 3332.62362460144 0.00000000000 0.00000000000 0.00000000000 0.00000000000 0.00000000000 0.00000000000 0.24241616856
0.06396841668 -0.00224571437 0.24240572657 3332.73506442150 0.00000000000 0.00000000000 0.00000000000 0.00000000000 0.00000000000 0.00000000000 0.24241612881
0.06396693450 -0.00224768829 0.24240566896 3332.62195226608 0.00000000000 0.00000000000 0.00000000000 0.00000000000 0.00000000000 0.00000000000 0.24241608949
0.06396546861 -0.00224967435 0.24240561165 3332.73402260897 0.00000000000 0.00000000000 0.00000000000 0.00000000000 0.00000000000 0.00000000000 0.24241605061
0.06396401910 -0.00225167241 0.24240555464 3332.62157057893 0.00000000000 0.00000000000 0.00000000000 0.00000000000 0.00000000000 0.00000000000 0.24241601216
0.06396258609 -0.00225368235 0.24240549795 3332.73426663175 0.00000000000 0.00000000000 0.00000000000 0.00000000000 0.00000000000 0.00000000000 0.24241597415
0.06396116965 -0.00225570402 0.24240544157 3332.62247251950 0.00000000000 0.00000000000 0.00000000000 0.00000000000 0.00000000000 0.00000000000 0.24241593657
0.06395976990 -0.00225773729 0.24240538551 3332.73579203313 0.00000000000 0.00000000000 0.00000000000 0.00000000000 0.00000000000 0.00000000000 0.24241589944
0.06395838692 -0.00225978201 0.24240532977 3332.62465603050 0.00000000000 0.00000000000 0.00000000000 0.00000000000 0.00000000000 0.00000000000 0.24241586276
0.06395702081 -0.00226183806 0.24240527436 3332.73860177390 0.00000000000 0.00000000000 0.00000000000 0.00000000000 0.00000000000 0.00000000000 0.24241582652
0.06395567166 -0.00226390529 0.24240521927 3332.62811836583 0.00000000000 0.00000000000 0.00000000000 0.00000000000 0.00000000000 0.00000000000 0.24241579073
0.06395433956 -0.00226598356 0.24240516452 3332.74268559333 0.00000000000 0.00000000000 0.00000000000 0.00000000000 0.00000000000 0.00000000000 0.24241575540
0.06395302461 -0.00226807273 0.24240511010 3332.63285286746 0.00000000000 0.00000000000 0.00000000000 0.00000000000 0.00000000000 0.00000000000 0.24241572052
0.06395172689 -0.00227017266 0.24240505601 3332.74803854899 0.00000000000 0.00000000000 0.00000000000 0.00000000000 0.00000000000 0.00000000000 0.24241568609
0.06395044649 -0.00227228321 0.24240500227 3332.63885009036 0.00000000000 0.00000000000 0.00000000000 0.00000000000 0.00000000000 0.00000000000 0.24241565213
0.06394918350 -0.00227440424 0.24240494888 3332.75464686112 0.00000000000 0.00000000000 0.00000000000 0.00000000000 0.00000000000 0.00000000000 0.24241561863
0.06394793800 -0.00227653559 0.24240489583 3332.64610475306 0.00000000000 0.00000000000 0.00000000000 0.00000000000 0.00000000000 0.00000000000 0.24241558559
0.06394671007 -0.00227867713 0.24240484314 3332.76252106506 0.00000000000 0.00000000000 0.00000000000 0.00000000000 0.00000000000 0.00000000000 0.24241555302
0.06394549981 -0.00228082871 0.24240479079 3332.65460614980 0.00000000000 0.00000000000 0.00000000000 0.00000000000 0.00000000000 0.00000000000 0.24241552091
0.06394430729 -0.00228299019 0.24240473881 3332.77162115578 0.00000000000 0.00000000000 0.00000000000 0.00000000000 0.00000000000 0.00000000000 0.24241548928
0.06394313259 -0.00228516142 0.24240468719 3332.66433950735 0.00000000000 0.00000000000 0.00000000000 0.00000000000 0.00000000000 0.00000000000 0.24241545812
0.06394197580 -0.00228734225 0.24240463594 3332.78195946690 0.00000000000 0.00000000000 0.00000000000 0.00000000000 0.00000000000 0.00000000000 0.24241542744
0.06394083699 -0.00228953253 0.24240458505 3332.67529923636 0.00000000000 0.00000000000 0.00000000000 0.00000000000 0.00000000000 0.00000000000 0.24241539723
0.06393971623 -0.00229173212 0.24240453453 3332.79351626977 0.00000000000 0.00000000000 0.00000000000 0.00000000000 0.00000000000 0.00000000000 0.24241536750
0.06393861362 -0.00229394087 0.24240448439 3332.68746694984 0.00000000000 0.00000000000 0.00000000000 0.00000000000 0.00000000000 0.00000000000 0.24241533825
0.06393752921 -0.00229615862 0.24240443463 3332.80627014979 0.00000000000 0.00000000000 0.00000000000 0.00000000000 0.00000000000 0.00000000000 0.24241530948
0.06393646308 -0.00229838523 0.24240438525 3332.70082576409 0.00000000000 0.00000000000 0.00000000000 0.00000000000 0.00000000000 0.00000000000 0.24241528120
0.06393541531 -0.00230062055 0.24240433625 3332.82020910405 0.00000000000 0.00000000000 0.00000000000 0.00000000000 0.00000000000 0.00000000000 0.24241525341
0.06393438597 -0.00230286442 0.24240428763 3332.71536451573 0.00000000000 0.00000000000 0.00000000000 0.00000000000 0.00000000000 0.00000000000 0.24241522611
0.06393337512 -0.00230511670 0.24240423941 3332.83532374874 0.00000000000 0.00000000000 0.00000000000 0.00000000000 0.00000000000 0.00000000000 0.24241519929
0.06393238284 -0.00230737722 0.24240419158 3332.73106062035 0.00000000000 0.00000000000 0.00000000000 0.00000000000 0.00000000000 0.00000000000 0.24241517297
0.06393140918 -0.00230964585 0.24240414415 3332.85157798805 0.00000000000 0.00000000000 0.00000000000 0.00000000000 0.00000000000 0.00000000000 0.24241514714
0.06393045423 -0.00231192242 0.24240409712 3332.74789649758 0.00000000000 0.00000000000 0.00000000000 0.00000000000 0.00000000000 0.00000000000 0.24241512181
0.06392951804 -0.00231420677 0.24240405048 3332.86897333488 0.00000000000 0.00000000000 0.00000000000 0.00000000000 0.00000000000 0.00000000000 0.24241509698
0.06392860068 -0.00231649877 0.24240400426 3332.76585137350 0.00000000000 0.00000000000 0.00000000000 0.00000000000 0.00000000000 0.00000000000 0.24241507265
0.06392770221 -0.00231879824 0.24240395844 3332.88746673138 0.00000000000 0.00000000000 0.00000000000 0.00000000000 0.00000000000 0.00000000000 0.24241504881
0.06392682268 -0.00232110503 0.24240391303 3332.78490140868 0.00000000000 0.00000000000 0.00000000000 0.00000000000 0.00000000000 0.00000000000 0.24241502548
0.06392596217 -0.00232341900 0.24240386803 3332.90705401730 0.00000000000 0.00000000000 0.00000000000 0.00000000000 0.00000000000 0.00000000000 0.24241500266
0.06392512072 -0.00232573997 0.24240382345 3332.80502756179 0.00000000000 0.00000000000 0.00000000000 0.00000000000 0.00000000000 0.00000000000 0.24241498034
0.06392429840 -0.00232806780 0.24240377929 3332.92769789494 0.00000000000 0.00000000000 0.00000000000 0.00000000000 0.00000000000 0.00000000000 0.24241495852
0.06392349526 -0.00233040232 0.24240373556 3332.82620112473 0.00000000000 0.00000000000 0.00000000000 0.00000000000 0.00000000000 0.00000000000 0.24241493722
0.06392271135 -0.00233274339 0.24240369224 3332.94938351514 0.00000000000 0.00000000000 0.00000000000 0.00000000000 0.00000000000 0.00000000000 0.24241491642
0.06392194673 -0.00233509083 0.24240364936 3332.84839845392 0.00000000000 0.00000000000 0.00000000000 0.00000000000 0.00000000000 0.00000000000 0.24241489614
0.06392120145 -0.00233744449 0.24240360690 3332.97207526240 0.00000000000 0.00000000000 0.00000000000 0.00000000000 0.00000000000 0.00000000000 0.24241487637
0.06392047557 -0.00233980421 0.24240356488 3332.87158833452 0.00000000000 0.00000000000 0.00000000000 0.00000000000 0.00000000000 0.00000000000 0.24241485712
0.06391976912 -0.00234216983 0.24240352330 3332.99574653723 0.00000000000 0.00000000000 0.00000000000 0.00000000000 0.00000000000 0.00000000000 0.24241483838
0.06391908216 -0.00234454120 0.24240348215 3332.89574683125 0.00000000000 0.00000000000 0.00000000000 0.00000000000 0.00000000000 0.00000000000 0.24241482016
0.06391841474 -0.00234691814 0.24240344144 3333.02037789015 0.00000000000 0.00000000000 0.00000000000 0.00000000000 0.00000000000 0.00000000000 0.24241480245
0.06391776689 -0.00234930050 0.24240340118 3332.92084208238 0.00000000000 0.00000000000 0.00000000000 0.00000000000 0.00000000000 0.00000000000 0.24241478527
0.06391713867 -0.00235168812 0.24240336136 3333.04592412722 0.00000000000 0.00000000000 0.00000000000 0.00000000000 0.00000000000 0.00000000000 0.24241476860
0.06391653012 -0.00235408084 0.24240332199 3332.94684216005 0.00000000000 0.00000000000 0.00000000000 0.00000000000 0.00000000000 0.00000000000 0.24241475246
0.06391594127 -0.00235647849 0.24240328308 3333.07236182547 0.00000000000 0.00000000000 0.00000000000 0.00000000000 0.00000000000 0.00000000000 0.24241473684
0.06391537218 -0.00235888091 0.24240324461 3332.97371615534 0.00000000000 0.00000000000 0.00000000000 0.00000000000 0.00000000000 0.00000000000 0.24241472174
0.06391482286 -0.00236128794 0.24240320661 3333.09966004485 0.00000000000 0.00000000000 0.00000000000 0.00000000000 0.00000000000 0.00000000000 0.24241470717
0.06391429338 -0.00236369942 0.24240316906 3333.00143062409 0.00000000000 0.00000000000 0.00000000000 0.00000000000 0.00000000000 0.00000000000 0.24241469313
0.06391378375 -0.00236611518 0.24240313197 3333.12777908207 0.00000000000 0.00000000000 0.00000000000 0.00000000000 0.00000000000 0.00000000000 0.24241467961
0.06391329402 -0.00236853505 0.24240309535 3333.02994892442 0.00000000000 0.00000000000 0.00000000000 0.00000000000 0.00000000000 0.00000000000 0.24241466662
0.06391282421 -0.00237095888 0.24240305919 3333.15668490167 0.00000000000 0.00000000000 0.00000000000 0.00000000000 0.00000000000 0.00000000000 0.24241465416
0.06391237436 -0.00237338651 0.24240302350 3333.05923453977 0.00000000000 0.00000000000 0.00000000000 0.00000000000 0.00000000000 0.00000000000 0.24241464222
0.06391194451 -0.00237581775 0.24240298828 3333.18634054788 0.00000000000 0.00000000000 0.00000000000 0.00000000000 0.00000000000 0.00000000000 0.24241463082
0.06391153467 -0.00237825246 0.24240295353 3333.08925219279 0.00000000000 0.00000000000 0.00000000000 0.00000000000 0.00000000000 0.00000000000 0.24241461995
0.06391114488 -0.00238069047 0.24240291926 3333.21671246775 0.00000000000 0.00000000000 0.00000000000 0.00000000000 0.00000000000 0.00000000000 0.24241460961
0.06391077517 -0.00238313160 0.24240288546 3333.11996692444 0.00000000000 0.00000000000 0.00000000000 0.00000000000 0.00000000000 0.00000000000 0.24241459980
0.06391042555 -0.00238557571 0.24240285215 3333.24776074516 0.00000000000 0.00000000000 0.00000000000 0.00000000000 0.00000000000 0.00000000000 0.24241459053
0.06391009606 -0.00238802261 0.24240281931 3333.15133239269 0.00000000000 0.00000000000 0.00000000000 0.00000000000 0.00000000000 0.00000000000 0.24241458179
0.06390978671 -0.00239047215 0.24240278696 3333.27943452389 0.00000000000 0.00000000000 0.00000000000 0.00000000000 0.00000000000 0.00000000000 0.24241457358
0.06390949753 -0.00239292415 0.24240275510 3333.18331255786 0.00000000000 0.00000000000 0.00000000000 0.00000000000 0.00000000000 0.00000000000 0.24241456591
0.06390922853 -0.00239537846 0.24240272372 3333.31171560243 0.00000000000 0.00000000000 0.00000000000 0.00000000000 0.00000000000 0.00000000000 0.24241455878
0.06390897974 -0.00239783491 0.24240269284 3333.21586698108 0.00000000000 0.00000000000 0.00000000000 0.00000000000 0.00000000000 0.00000000000 0.24241455218
0.06390875117 -0.00240029332 0.24240266244 3333.34453853114 0.00000000000 0.00000000000 0.00000000000 0.00000000000 0.00000000000 0.00000000000 0.24241454611
0.06390854283 -0.00240275354 0.24240263254 3333.24894799719 0.00000000000 0.00000000000 0.00000000000 0.00000000000 0.00000000000 0.00000000000 0.24241454059
0.06390835475 -0.00240521539 0.24240260314 3333.37787378271 0.00000000000 0.00000000000 0.00000000000 0.00000000000 0.00000000000 0.00000000000 0.24241453560
0.06390818693 -0.00240767871 0.24240257423 3333.28252113780 0.00000000000 0.00000000000 0.00000000000 0.00000000000 0.00000000000 0.00000000000 0.24241453115
0.06390803938 -0.00241014334 0.24240254583 3333.41168115240 0.00000000000 0.00000000000 0.00000000000 0.00000000000 0.00000000000 0.00000000000 0.24241452723
0.06390791212 -0.00241260910 0.24240251792 3333.31653387028 0.00000000000 0.00000000000 0.00000000000 0.00000000000 0.00000000000 0.00000000000 0.24241452386
0.06390780516 -0.00241507583 0.24240249052 3333.44589895857 0.00000000000 0.00000000000 0.00000000000 0.00000000000 0.00000000000 0.00000000000 0.24241452102
0.06390771849 -0.00241754337 0.24240246362 3333.35094636053 0.00000000000 0.00000000000 0.00000000000 0.00000000000 0.00000000000 0.00000000000 0.24241451872
0.06390765214 -0.00242001153 0.24240243723 3333.48050567630 0.00000000000 0.00000000000 0.00000000000 0.00000000000 0.00000000000 0.00000000000 0.24241451696
0.06390760609 -0.00242248017 0.24240241136 3333.38570996512 0.00000000000 0.00000000000 0.00000000000 0.00000000000 0.00000000000 0.00000000000 0.24241451574
0.06390758036 -0.00242494910 0.24240238599 3333.51542421140 0.00000000000 0.00000000000 0.00000000000 0.00000000000 0.00000000000 0.00000000000 0.24241451506
0.06390757495 -0.00242741817 0.24240236113 3333.42078023133 0.00000000000 0.00000000000 0.00000000000 0.00000000000 0.00000000000 0.00000000000 0.24241451491
0.06390758985 -0.00242988720 0.24240233679 3333.55064704835 0.00000000000 0.00000000000 0.00000000000 0.00000000000 0.00000000000 0.00000000000 0.24241451531
0.06390762507 -0.00243235603 0.24240231296 3333.45611307793 0.00000000000 0.00000000000 0.00000000000 0.00000000000 0.00000000000 0.00000000000 0.24241451624
0.06390768060 -0.00243482449 0.24240228965 3333.58609155796 0.00000000000 0.00000000000 0.00000000000 0.00000000000 0.00000000000 0.00000000000 0.24241451772
0.06390775645 -0.00243729242 0.24240226686 3333.49165101200 0.00000000000 0.00000000000 0.00000000000 0.00000000000 0.00000000000 0.00000000000 0.24241451973
0.06390785260 -0.00243975964 0.24240224459 3333.62172754221 0.00000000000 0.00000000000 0.00000000000 0.00000000000 0.00000000000 0.00000000000 0.24241452228
0.06390796905 -0.00244222599 0.24240222285 3333.52735635258 0.00000000000 0.00000000000 0.00000000000 0.00000000000 0.00000000000 0.00000000000 0.24241452537
0.06390810579 -0.00244469130 0.24240220162 3333.65750845185 0.00000000000 0.00000000000 0.00000000000 0.00000000000 0.00000000000 0.00000000000 0.24241452899
0.06390826281 -0.00244715541 0.24240218093 3333.56317530838 0.00000000000 0.00000000000 0.00000000000 0.00000000000 0.00000000000 0.00000000000 0.24241453316
0.06390844011 -0.00244961814 0.24240216075 3333.69336934515 0.00000000000 0.00000000000 0.00000000000 0.00000000000 0.00000000000 0.00000000000 0.24241453786
0.06390863766 -0.00245207934 0.24240214111 3333.59905389131 0.00000000000 0.00000000000 0.00000000000 0.00000000000 0.00000000000 0.00000000000 0.24241454310
0.06390885546 -0.00245453883 0.24240212200 3333.72927108057 0.00000000000 0.00000000000 0.00000000000 0.00000000000 0.00000000000 0.00000000000 0.24241454888
0.06390909349 -0.00245699645 0.24240210341 3333.63495562616 0.00000000000 0.00000000000 0.00000000000 0.00000000000 0.00000000000 0.00000000000 0.24241455519
0.06390935174 -0.00245945203 0.24240208536 3333.76517786059 0.00000000000 0.00000000000 0.00000000000 0.00000000000 0.00000000000 0.00000000000 0.24241456204
0.06390963018 -0.00246190541 0.24240206784 3333.67081842039 0.00000000000 0.00000000000 0.00000000000 0.00000000000 0.00000000000 0.00000000000 0.24241456943
0.06390992881 -0.00246435641 0.24240205086 3333.80100689910 0.00000000000 0.00000000000 0.00000000000 0.00000000000 0.00000000000 0.00000000000 0.24241457735
0.06391024759 -0.00246680488 0.24240203441 3333.70659186294 0.00000000000 0.00000000000 0.00000000000 0.00000000000 0.00000000000 0.00000000000 0.24241458581
0.06391058651 -0.00246925064 0.24240201850 3333.83673530591 0.00000000000 0.00000000000 0.00000000000 0.00000000000 0.00000000000 0.00000000000 0.24241459480
0.06391094555 -0.00247169354 0.24240200313 3333.74223561231 0.00000000000 0.00000000000 0.00000000000 0.00000000000 0.00000000000 0.00000000000 0.24241460432
0.06391132468 -0.00247413340 0.24240198829 3333.87230516787 0.00000000000 0.00000000000 0.00000000000 0.00000000000 0.00000000000 0.00000000000 0.24241461438
0.06391172387 -0.00247657006 0.24240197400 3333.77769099773 0.00000000000 0.00000000000 0.00000000000 0.00000000000 0.00000000000 0.00000000000 0.24241462497
0.06391214310 -0.00247900335 0.24240196025 3333.90765648512 0.00000000000 0.00000000000 0.00000000000 0.00000000000 0.00000000000 0.00000000000 0.24241463609
0.06391258234 -0.00248143312 0.24240194704 3333.81290133821 0.00000000000 0.00000000000 0.00000000000 0.00000000000 0.00000000000 0.00000000000 0.24241464774
0.06391304156 -0.00248385919 0.24240193437 3333.94274155429 0.00000000000 0.00000000000 0.00000000000 0.00000000000 0.00000000000 0.00000000000 0.24241465992
0.06391352073 -0.00248628140 0.24240192225 3333.84783064898 0.00000000000 0.00000000000 0.00000000000 0.00000000000 0.00000000000 0.00000000000 0.24241467263
0.06391401981 -0.00248869959 0.24240191068 3333.97752852240 0.00000000000 0.00000000000 0.00000000000 0.00000000000 0.00000000000 0.00000000000 0.24241468587
0.06391453878 -0.00249111359 0.24240189965 3333.88241597496 0.00000000000 0.00000000000 0.00000000000 0.00000000000 0.00000000000 0.00000000000 0.24241469964
0.06391507760 -0.00249352325 0.24240188917 3334.01192781909 0.00000000000 0.00000000000 0.00000000000 0.00000000000 0.00000000000 0.00000000000 0.24241471393
0.06391563622 -0.00249592838 0.24240187923 3333.91660796527 0.00000000000 0.00000000000 0.00000000000 0.00000000000 0.00000000000 0.00000000000 0.24241472875
0.06391621462 -0.00249832884 0.24240186985 3334.04592886462 0.00000000000 0.00000000000 0.00000000000 0.00000000000 0.00000000000 0.00000000000 0.24241474409
0.06391681276 -0.00250072447 0.24240186101 3333.95036329486 0.00000000000 0.00000000000 0.00000000000 0.00000000000 0.00000000000 0.00000000000 0.24241475996
0.06391743059 -0.00250311509 0.24240185273 3334.07945392973 0.00000000000 0.00000000000 0.00000000000 0.00000000000 0.00000000000 0.00000000000 0.24241477635
0.06391806807 -0.00250550054 0.24240184499 3333.98362204087 0.00000000000 0.00000000000 0.00000000000 0.00000000000 0.00000000000 0.00000000000 0.24241479326
0.06391872516 -0.00250788067 0.24240183781 3334.11246469859 0.00000000000 0.00000000000 0.00000000000 0.00000000000 0.00000000000 0.00000000000 0.24241481069
0.06391940182 -0.00251025532 0.24240183118 3334.01633734728 0.00000000000 0.00000000000 0.00000000000 0.00000000000 0.00000000000 0.00000000000 0.24241482863
0.06392009800 -0.00251262432 0.24240182511 3334.14490428611 0.00000000000 0.00000000000 0.00000000000 0.00000000000 0.00000000000 0.00000000000 0.24241484710
0.06392081364 -0.00251498750 0.24240181958 3334.04845983408 0.00000000000 0.00000000000 0.00000000000 0.00000000000 0.00000000000 0.00000000000 0.24241486608
0.06392154872 -0.00251734472 0.24240181461 3334.17673234238 0.00000000000 0.00000000000 0.00000000000 0.00000000000 0.00000000000 0.00000000000 0.24241488558
0.06392230316 -0.00251969582 0.24240181020 3334.07994233977 0.00000000000 0.00000000000 0.00000000000 0.00000000000 0.00000000000 0.00000000000 0.24241490560
0.06392307693 -0.00252204062 0.24240180634 3334.20789070139 0.00000000000 0.00000000000 0.00000000000 0.00000000000 0.00000000000 0.00000000000 0.24241492612
0.06392386997 -0.00252437898 0.24240180304 3334.11072920239 0.00000000000 0.00000000000 0.00000000000 0.00000000000 0.00000000000 0.00000000000 0.24241494716
0.06392468222 -0.00252671073 0.24240180029 3334.23833071213 0.00000000000 0.00000000000 0.00000000000 0.00000000000 0.00000000000 0.00000000000 0.24241496870
0.06392551364 -0.00252903573 0.24240179810 3334.14077706003 0.00000000000 0.00000000000 0.00000000000 0.00000000000 0.00000000000 0.00000000000 0.24241499076
0.06392636416 -0.00253135380 0.24240179647 3334.26801258126 0.00000000000 0.00000000000 0.00000000000 0.00000000000 0.00000000000 0.00000000000 0.24241501332
0.06392723373 -0.00253366479 0.24240179539 3334.17003606259 0.00000000000 0.00000000000 0.00000000000 0.00000000000 0.00000000000 0.00000000000 0.24241503639
0.06392812229 -0.00253596855 0.24240179487 3334.29687519505 0.00000000000 0.00000000000 0.00000000000 0.00000000000 0.00000000000 0.00000000000 0.24241505996
0.06392902978 -0.00253826492 0.24240179491 3334.19845795482 0.00000000000 0.00000000000 0.00000000000 0.00000000000 0.00000000000 0.00000000000 0.24241508403
0.06392995614 -0.00254055374 0.24240179551 3334.32488419258 0.00000000000 0.00000000000 0.00000000000 0.00000000000 0.00000000000 0.00000000000 0.24241510860
0.06393090130 -0.00254283487 0.24240179666 3334.22599843022 0.00000000000 0.00000000000 0.00000000000 0.00000000000 0.00000000000 0.00000000000 0.24241513367
0.06393186521 -0.00254510813 0.24240179837 3334.35198684201 0.00000000000 0.00000000000 0.00000000000 0.00000000000 0.00000000000 0.00000000000 0.24241515924
0.06393284778 -0.00254737339 0.24240180064 3334.25261120393 0.00000000000 0.00000000000 0.00000000000 0.00000000000 0.00000000000 0.00000000000 0.24241518530
0.06393384897 -0.00254963049 0.24240180347 3334.37813995640 0.00000000000 0.00000000000 0.00000000000 0.00000000000 0.00000000000 0.00000000000 0.24241521186
0.06393486870 -0.00255187927 0.24240180686 3334.27824990381 0.00000000000 0.00000000000 0.00000000000 0.00000000000 0.00000000000 0.00000000000 0.24241523891
0.06393590691 -0.00255411958 0.24240181081 3334.40329516839 0.00000000000 0.00000000000 0.00000000000 0.00000000000 0.00000000000 0.00000000000 0.24241526645
0.06393696351 -0.00255635127 0.24240181531 3334.30286846166 0.00000000000 0.00000000000 0.00000000000 0.00000000000 0.00000000000 0.00000000000 0.24241529448
0.06393803845 -0.00255857418 0.24240182037 3334.42741045162 0.00000000000 0.00000000000 0.00000000000 0.00000000000 0.00000000000 0.00000000000 0.24241532299
0.06393913164 -0.00256078818 0.24240182599 3334.32643096426 0.00000000000 0.00000000000 0.00000000000 0.00000000000 0.00000000000 0.00000000000 0.24241535199
0.06394024302 -0.00256299311 0.24240183217 3334.45045322015 0.00000000000 0.00000000000 0.00000000000 0.00000000000 0.00000000000 0.00000000000 0.24241538147
0.06394137251 -0.00256518881 0.24240183891 3334.34888984588 0.00000000000 0.00000000000 0.00000000000 0.00000000000 0.00000000000 0.00000000000 0.24241541143
0.06394252003 -0.00256737514 0.24240184620 3334.47236452847 0.00000000000 0.00000000000 0.00000000000 0.00000000000 0.00000000000 0.00000000000 0.24241544187
0.06394368550 -0.00256955195 0.24240185406 3334.37020384627 0.00000000000 0.00000000000 0.00000000000 0.00000000000 0.00000000000 0.00000000000 0.24241547279
0.06394486885 -0.00257171910 0.24240186246 3334.49311746414 0.00000000000 0.00000000000 0.00000000000 0.00000000000 0.00000000000 0.00000000000 0.24241550418
0.06394607000 -0.00257387644 0.24240187143 3334.39033402633 0.00000000000 0.00000000000 0.00000000000 0.00000000000 0.00000000000 0.00000000000 0.24241553604
0.06394728886 -0.00257602381 0.24240188095 3334.51266503670 0.00000000000 0.00000000000 0.00000000000 0.00000000000 0.00000000000 0.00000000000 0.24241556837
0.06394852535 -0.00257816108 0.24240189103 3334.40925603544 0.00000000000 0.00000000000 0.00000000000 0.00000000000 0.00000000000 0.00000000000 0.24241560117
0.06394977939 -0.00258028810 0.24240190167 3334.53100189788 0.00000000000 0.00000000000 0.00000000000 0.00000000000 0.00000000000 0.00000000000 0.24241563443
0.06395105089 -0.00258240473 0.24240191286 3334.42687958330 0.00000000000 0.00000000000 0.00000000000 0.00000000000 0.00000000000 0.00000000000 0.24241566816
0.06395233977 -0.00258451082 0.24240192460 3334.54795151397 0.00000000000 0.00000000000 0.00000000000 0.00000000000 0.00000000000 0.00000000000 0.24241570235
0.06395364594 -0.00258660623 0.24240193690 3334.44333563826 0.00000000000 0.00000000000 0.00000000000 0.00000000000 0.00000000000 0.00000000000 0.24241573700
0.06395496932 -0.00258869081 0.24240194975 3334.56395695972 0.00000000000 0.00000000000 0.00000000000 0.00000000000 0.00000000000 0.00000000000 0.24241577210
0.06395630980 -0.00259076444 0.24240196316 3334.45801141367 0.00000000000 0.00000000000 0.00000000000 0.00000000000 0.00000000000 0.00000000000 0.24241580766
0.06395766731 -0.00259282696 0.24240197712 3334.57734554289 0.00000000000 0.00000000000 0.00000000000 0.00000000000 0.00000000000 0.00000000000 0.24241584367
0.06395904174 -0.00259487823 0.24240199163 3334.47301776320 0.00000000000 0.00000000000 0.00000000000 0.00000000000 0.00000000000 0.00000000000 0.24241588013
0.06396043301 -0.00259691812 0.24240200669 3334.59402256087 0.00000000000 0.00000000000 0.00000000000 0.00000000000 0.00000000000 0.00000000000 0.24241591703
0.06396184103 -0.00259894650 0.24240202230 3334.47651521621 0.00000000000 0.00000000000 0.00000000000 0.00000000000 0.00000000000 0.00000000000 0.24241595438
0.06396326569 -0.00260096321 0.24240203846 3334.58093845454 0.00000000000 0.00000000000 0.00000000000 0.00000000000 0.00000000000 0.00000000000 0.24241599217
0.06396470690 -0.00260296813 0.24240205517 3334.50810408219 0.00000000000 0.00000000000 0.00000000000 0.00000000000 0.00000000000 0.00000000000 0.24241603040
0.06396616456 -0.00260496112 0.24240207243 3334.66995273041 0.00000000000 0.00000000000 0.00000000000 0.00000000000 0.00000000000 0.00000000000 0.24241606906
0.06396763858 -0.00260694204 0.24240209023 3334.46351427932 0.00000000000 0.00000000000 0.00000000000 0.00000000000 0.00000000000 0.00000000000 0.24241610816
0.06396912885 -0.00260891076 0.24240210859 3334.48198213801 0.00000000000 0.00000000000 0.00000000000 0.00000000000 0.00000000000 0.00000000000 0.24241614770
0.06397063527 -0.00261086714 0.24240212749 3334.72549111048 0.00000000000 0.00000000000 0.00000000000 0.00000000000 0.00000000000 0.00000000000 0.24241618766
0.06397215775 -0.00261281105 0.24240214694 3335.19389010135 0.00000000000 0.00000000000 0.00000000000 0.00000000000 0.00000000000 0.00000000000 0.24241622806
