VARIABLES=
"CoordinateX"
"CoordinateY"
"CoordinateZ"
"Kappa1"
"Kappa2"
"dy"
"dz"
"d2x"
"d2y"
"d2z"
"R"
ZONE T="Konrollpunkte"
I=101, J=1, K=1
0.06053317903 -0.00865030776 0.25859558133 0.00000000000 0.00000000000 0.00000000000 0.00000000000 0.00000000000 0.00000000000 0.00000000000 0.00000000000
0.06056441121 -0.00864923446 0.25859728577 0.00000000000 0.00000000000 0.00000000000 0.00000000000 0.00000000000 0.00000000000 0.00000000000 0.00000000000
0.06061125044 -0.00864734585 0.25859985126 0.00000000000 0.00000000000 0.00000000000 0.00000000000 0.00000000000 0.00000000000 0.00000000000 0.00000000000
0.06067367705 -0.00864427043 0.25860328914 0.00000000000 0.00000000000 0.00000000000 0.00000000000 0.00000000000 0.00000000000 0.00000000000 0.00000000000
0.06072048298 -0.00864168527 0.25860587609 0.00000000000 0.00000000000 0.00000000000 0.00000000000 0.00000000000 0.00000000000 0.00000000000 0.00000000000
0.06076727280 -0.00863882157 0.25860847145 0.00000000000 0.00000000000 0.00000000000 0.00000000000 0.00000000000 0.00000000000 0.00000000000 0.00000000000
0.06081404475 -0.00863567938 0.25861107513 0.00000000000 0.00000000000 0.00000000000 0.00000000000 0.00000000000 0.00000000000 0.00000000000 0.00000000000
0.06086079721 -0.00863225873 0.25861368701 0.00000000000 0.00000000000 0.00000000000 0.00000000000 0.00000000000 0.00000000000 0.00000000000 0.00000000000
0.06090752847 -0.00862855967 0.25861630701 0.00000000000 0.00000000000 0.00000000000 0.00000000000 0.00000000000 0.00000000000 0.00000000000 0.00000000000
0.06095423687 -0.00862458222 0.25861893502 0.00000000000 0.00000000000 0.00000000000 0.00000000000 0.00000000000 0.00000000000 0.00000000000 0.00000000000
0.06100092074 -0.00862032644 0.25862157092 0.00000000000 0.00000000000 0.00000000000 0.00000000000 0.00000000000 0.00000000000 0.00000000000 0.00000000000
0.06104757842 -0.00861579234 0.25862421463 0.00000000000 0.00000000000 0.00000000000 0.00000000000 0.00000000000 0.00000000000 0.00000000000 0.00000000000
0.06109420823 -0.00861097997 0.25862686603 0.00000000000 0.00000000000 0.00000000000 0.00000000000 0.00000000000 0.00000000000 0.00000000000 0.00000000000
0.06114080853 -0.00860588939 0.25862952502 0.00000000000 0.00000000000 0.00000000000 0.00000000000 0.00000000000 0.00000000000 0.00000000000 0.00000000000
0.06118737767 -0.00860052066 0.25863219150 0.00000000000 0.00000000000 0.00000000000 0.00000000000 0.00000000000 0.00000000000 0.00000000000 0.00000000000
0.06123391399 -0.00859487390 0.25863486534 0.00000000000 0.00000000000 0.00000000000 0.00000000000 0.00000000000 0.00000000000 0.00000000000 0.00000000000
0.06128041582 -0.00858894926 0.25863754644 0.00000000000 0.00000000000 0.00000000000 0.00000000000 0.00000000000 0.00000000000 0.00000000000 0.00000000000
0.06132688149 -0.00858274692 0.25864023468 0.00000000000 0.00000000000 0.00000000000 0.00000000000 0.00000000000 0.00000000000 0.00000000000 0.00000000000
0.06137330934 -0.00857626707 0.25864292996 0.00000000000 0.00000000000 0.00000000000 0.00000000000 0.00000000000 0.00000000000 0.00000000000 0.00000000000
0.06141969773 -0.00856950992 0.25864563214 0.00000000000 0.00000000000 0.00000000000 0.00000000000 0.00000000000 0.00000000000 0.00000000000 0.00000000000
0.06146604499 -0.00856247571 0.25864834112 0.00000000000 0.00000000000 0.00000000000 0.00000000000 0.00000000000 0.00000000000 0.00000000000 0.00000000000
0.06151234951 -0.00855516471 0.25865105678 0.00000000000 0.00000000000 0.00000000000 0.00000000000 0.00000000000 0.00000000000 0.00000000000 0.00000000000
0.06155860963 -0.00854757722 0.25865377899 0.00000000000 0.00000000000 0.00000000000 0.00000000000 0.00000000000 0.00000000000 0.00000000000 0.00000000000
0.06160482373 -0.00853971355 0.25865650763 0.00000000000 0.00000000000 0.00000000000 0.00000000000 0.00000000000 0.00000000000 0.00000000000 0.00000000000
0.06165099015 -0.00853157405 0.25865924258 0.00000000000 0.00000000000 0.00000000000 0.00000000000 0.00000000000 0.00000000000 0.00000000000 0.00000000000
0.06169710724 -0.00852315906 0.25866198371 0.00000000000 0.00000000000 0.00000000000 0.00000000000 0.00000000000 0.00000000000 0.00000000000 0.00000000000
0.06174317337 -0.00851446892 0.25866473090 0.00000000000 0.00000000000 0.00000000000 0.00000000000 0.00000000000 0.00000000000 0.00000000000 0.00000000000
0.06178918613 -0.00850550398 0.25866749657 0.00000000000 0.00000000000 0.00000000000 0.00000000000 0.00000000000 0.00000000000 0.00000000000 0.00000000000
0.06183510396 -0.00849626458 0.25867093720 0.00000000000 0.00000000000 0.00000000000 0.00000000000 0.00000000000 0.00000000000 0.00000000000 0.00000000000
0.06188096597 -0.00848675108 0.25867438267 0.00000000000 0.00000000000 0.00000000000 0.00000000000 0.00000000000 0.00000000000 0.00000000000 0.00000000000
0.06192677052 -0.00847696382 0.25867783283 0.00000000000 0.00000000000 0.00000000000 0.00000000000 0.00000000000 0.00000000000 0.00000000000 0.00000000000
0.06197251600 -0.00846690316 0.25868128753 0.00000000000 0.00000000000 0.00000000000 0.00000000000 0.00000000000 0.00000000000 0.00000000000 0.00000000000
0.06201820079 -0.00845656944 0.25868474660 0.00000000000 0.00000000000 0.00000000000 0.00000000000 0.00000000000 0.00000000000 0.00000000000 0.00000000000
0.06206382325 -0.00844596303 0.25868820990 0.00000000000 0.00000000000 0.00000000000 0.00000000000 0.00000000000 0.00000000000 0.00000000000 0.00000000000
0.06210938176 -0.00843508429 0.25869167727 0.00000000000 0.00000000000 0.00000000000 0.00000000000 0.00000000000 0.00000000000 0.00000000000 0.00000000000
0.06215487467 -0.00842393359 0.25869514854 0.00000000000 0.00000000000 0.00000000000 0.00000000000 0.00000000000 0.00000000000 0.00000000000 0.00000000000
0.06220030037 -0.00841251130 0.25869862357 0.00000000000 0.00000000000 0.00000000000 0.00000000000 0.00000000000 0.00000000000 0.00000000000 0.00000000000
0.06224565725 -0.00840081784 0.25870210218 0.00000000000 0.00000000000 0.00000000000 0.00000000000 0.00000000000 0.00000000000 0.00000000000 0.00000000000
0.06229094373 -0.00838885361 0.25870558423 0.00000000000 0.00000000000 0.00000000000 0.00000000000 0.00000000000 0.00000000000 0.00000000000 0.00000000000
0.06233615821 -0.00837661910 0.25870906955 0.00000000000 0.00000000000 0.00000000000 0.00000000000 0.00000000000 0.00000000000 0.00000000000 0.00000000000
0.06238129912 -0.00836411479 0.25871255797 0.00000000000 0.00000000000 0.00000000000 0.00000000000 0.00000000000 0.00000000000 0.00000000000 0.00000000000
0.06242636487 -0.00835134123 0.25871604934 0.00000000000 0.00000000000 0.00000000000 0.00000000000 0.00000000000 0.00000000000 0.00000000000 0.00000000000
0.06247135389 -0.00833829893 0.25871954348 0.00000000000 0.00000000000 0.00000000000 0.00000000000 0.00000000000 0.00000000000 0.00000000000 0.00000000000
0.06251626461 -0.00832498847 0.25872304024 0.00000000000 0.00000000000 0.00000000000 0.00000000000 0.00000000000 0.00000000000 0.00000000000 0.00000000000
0.06256109546 -0.00831141042 0.25872653944 0.00000000000 0.00000000000 0.00000000000 0.00000000000 0.00000000000 0.00000000000 0.00000000000 0.00000000000
0.06260584493 -0.00829756541 0.25873004092 0.00000000000 0.00000000000 0.00000000000 0.00000000000 0.00000000000 0.00000000000 0.00000000000 0.00000000000
0.06265051148 -0.00828345408 0.25873354451 0.00000000000 0.00000000000 0.00000000000 0.00000000000 0.00000000000 0.00000000000 0.00000000000 0.00000000000
0.06269509358 -0.00826907708 0.25873705004 0.00000000000 0.00000000000 0.00000000000 0.00000000000 0.00000000000 0.00000000000 0.00000000000 0.00000000000
0.06273958969 -0.00825443508 0.25874055734 0.00000000000 0.00000000000 0.00000000000 0.00000000000 0.00000000000 0.00000000000 0.00000000000 0.00000000000
0.06278399827 -0.00823952875 0.25874406624 0.00000000000 0.00000000000 0.00000000000 0.00000000000 0.00000000000 0.00000000000 0.00000000000 0.00000000000
0.06282831780 -0.00822435874 0.25874757656 0.00000000000 0.00000000000 0.00000000000 0.00000000000 0.00000000000 0.00000000000 0.00000000000 0.00000000000
0.06287254674 -0.00820892572 0.25875108814 0.00000000000 0.00000000000 0.00000000000 0.00000000000 0.00000000000 0.00000000000 0.00000000000 0.00000000000
0.06291668360 -0.00819323034 0.25875460080 0.00000000000 0.00000000000 0.00000000000 0.00000000000 0.00000000000 0.00000000000 0.00000000000 0.00000000000
0.06296072686 -0.00817727326 0.25875811437 0.00000000000 0.00000000000 0.00000000000 0.00000000000 0.00000000000 0.00000000000 0.00000000000 0.00000000000
0.06300467502 -0.00816105513 0.25876162868 0.00000000000 0.00000000000 0.00000000000 0.00000000000 0.00000000000 0.00000000000 0.00000000000 0.00000000000
0.06304852656 -0.00814457661 0.25876514356 0.00000000000 0.00000000000 0.00000000000 0.00000000000 0.00000000000 0.00000000000 0.00000000000 0.00000000000
0.06309227998 -0.00812783836 0.25876865883 0.00000000000 0.00000000000 0.00000000000 0.00000000000 0.00000000000 0.00000000000 0.00000000000 0.00000000000
0.06313593375 -0.00811084102 0.25877217432 0.00000000000 0.00000000000 0.00000000000 0.00000000000 0.00000000000 0.00000000000 0.00000000000 0.00000000000
0.06317948637 -0.00809358527 0.25877568985 0.00000000000 0.00000000000 0.00000000000 0.00000000000 0.00000000000 0.00000000000 0.00000000000 0.00000000000
0.06322293633 -0.00807607176 0.25877920525 0.00000000000 0.00000000000 0.00000000000 0.00000000000 0.00000000000 0.00000000000 0.00000000000 0.00000000000
0.06326628215 -0.00805830115 0.25878272034 0.00000000000 0.00000000000 0.00000000000 0.00000000000 0.00000000000 0.00000000000 0.00000000000 0.00000000000
0.06330952236 -0.00804027414 0.25878623495 0.00000000000 0.00000000000 0.00000000000 0.00000000000 0.00000000000 0.00000000000 0.00000000000 0.00000000000
0.06335265552 -0.00802199145 0.25878974890 0.00000000000 0.00000000000 0.00000000000 0.00000000000 0.00000000000 0.00000000000 0.00000000000 0.00000000000
0.06339568017 -0.00800345382 0.25879326202 0.00000000000 0.00000000000 0.00000000000 0.00000000000 0.00000000000 0.00000000000 0.00000000000 0.00000000000
0.06343859487 -0.00798466205 0.25879677413 0.00000000000 0.00000000000 0.00000000000 0.00000000000 0.00000000000 0.00000000000 0.00000000000 0.00000000000
0.06348139820 -0.00796561694 0.25880028504 0.00000000000 0.00000000000 0.00000000000 0.00000000000 0.00000000000 0.00000000000 0.00000000000 0.00000000000
0.06352408872 -0.00794631932 0.25880379459 0.00000000000 0.00000000000 0.00000000000 0.00000000000 0.00000000000 0.00000000000 0.00000000000 0.00000000000
0.06356666502 -0.00792677000 0.25880730259 0.00000000000 0.00000000000 0.00000000000 0.00000000000 0.00000000000 0.00000000000 0.00000000000 0.00000000000
0.06360912572 -0.00790696985 0.25881080887 0.00000000000 0.00000000000 0.00000000000 0.00000000000 0.00000000000 0.00000000000 0.00000000000 0.00000000000
0.06365146948 -0.00788691977 0.25881431324 0.00000000000 0.00000000000 0.00000000000 0.00000000000 0.00000000000 0.00000000000 0.00000000000 0.00000000000
0.06369369494 -0.00786662064 0.25881781553 0.00000000000 0.00000000000 0.00000000000 0.00000000000 0.00000000000 0.00000000000 0.00000000000 0.00000000000
0.06373580075 -0.00784607341 0.25882131556 0.00000000000 0.00000000000 0.00000000000 0.00000000000 0.00000000000 0.00000000000 0.00000000000 0.00000000000
0.06377778551 -0.00782527899 0.25882481316 0.00000000000 0.00000000000 0.00000000000 0.00000000000 0.00000000000 0.00000000000 0.00000000000 0.00000000000
0.06381964787 -0.00780423833 0.25882830812 0.00000000000 0.00000000000 0.00000000000 0.00000000000 0.00000000000 0.00000000000 0.00000000000 0.00000000000
0.06386138649 -0.00778295231 0.25883180029 0.00000000000 0.00000000000 0.00000000000 0.00000000000 0.00000000000 0.00000000000 0.00000000000 0.00000000000
0.06390300004 -0.00776142185 0.25883528948 0.00000000000 0.00000000000 0.00000000000 0.00000000000 0.00000000000 0.00000000000 0.00000000000 0.00000000000
0.06394448719 -0.00773964785 0.25883877551 0.00000000000 0.00000000000 0.00000000000 0.00000000000 0.00000000000 0.00000000000 0.00000000000 0.00000000000
0.06398584661 -0.00771763121 0.25884225820 0.00000000000 0.00000000000 0.00000000000 0.00000000000 0.00000000000 0.00000000000 0.00000000000 0.00000000000
0.06402707693 -0.00769537285 0.25884573737 0.00000000000 0.00000000000 0.00000000000 0.00000000000 0.00000000000 0.00000000000 0.00000000000 0.00000000000
0.06406817683 -0.00767287367 0.25884921284 0.00000000000 0.00000000000 0.00000000000 0.00000000000 0.00000000000 0.00000000000 0.00000000000 0.00000000000
0.06410914496 -0.00765013456 0.25885268442 0.00000000000 0.00000000000 0.00000000000 0.00000000000 0.00000000000 0.00000000000 0.00000000000 0.00000000000
0.06414998000 -0.00762715642 0.25885615195 0.00000000000 0.00000000000 0.00000000000 0.00000000000 0.00000000000 0.00000000000 0.00000000000 0.00000000000
0.06419068062 -0.00760394015 0.25885961523 0.00000000000 0.00000000000 0.00000000000 0.00000000000 0.00000000000 0.00000000000 0.00000000000 0.00000000000
0.06423124551 -0.00758048661 0.25886307409 0.00000000000 0.00000000000 0.00000000000 0.00000000000 0.00000000000 0.00000000000 0.00000000000 0.00000000000
0.06427167338 -0.00755679673 0.25886652834 0.00000000000 0.00000000000 0.00000000000 0.00000000000 0.00000000000 0.00000000000 0.00000000000 0.00000000000
0.06431196295 -0.00753287145 0.25886997782 0.00000000000 0.00000000000 0.00000000000 0.00000000000 0.00000000000 0.00000000000 0.00000000000 0.00000000000
0.06435211295 -0.00750871172 0.25887342233 0.00000000000 0.00000000000 0.00000000000 0.00000000000 0.00000000000 0.00000000000 0.00000000000 0.00000000000
0.06439212213 -0.00748431852 0.25887686171 0.00000000000 0.00000000000 0.00000000000 0.00000000000 0.00000000000 0.00000000000 0.00000000000 0.00000000000
0.06443198926 -0.00745969286 0.25888029576 0.00000000000 0.00000000000 0.00000000000 0.00000000000 0.00000000000 0.00000000000 0.00000000000 0.00000000000
0.06447171311 -0.00743483574 0.25888372431 0.00000000000 0.00000000000 0.00000000000 0.00000000000 0.00000000000 0.00000000000 0.00000000000 0.00000000000
0.06451129247 -0.00740974823 0.25888714719 0.00000000000 0.00000000000 0.00000000000 0.00000000000 0.00000000000 0.00000000000 0.00000000000 0.00000000000
0.06455072613 -0.00738443137 0.25889056420 0.00000000000 0.00000000000 0.00000000000 0.00000000000 0.00000000000 0.00000000000 0.00000000000 0.00000000000
0.06459001293 -0.00735888624 0.25889397518 0.00000000000 0.00000000000 0.00000000000 0.00000000000 0.00000000000 0.00000000000 0.00000000000 0.00000000000
0.06462912100 -0.00733311395 0.25889779154 0.00000000000 0.00000000000 0.00000000000 0.00000000000 0.00000000000 0.00000000000 0.00000000000 0.00000000000
0.06466807351 -0.00730711560 0.25890168749 0.00000000000 0.00000000000 0.00000000000 0.00000000000 0.00000000000 0.00000000000 0.00000000000 0.00000000000
0.06470687591 -0.00728089230 0.25890557496 0.00000000000 0.00000000000 0.00000000000 0.00000000000 0.00000000000 0.00000000000 0.00000000000 0.00000000000
0.06474552705 -0.00725444517 0.25890945374 0.00000000000 0.00000000000 0.00000000000 0.00000000000 0.00000000000 0.00000000000 0.00000000000 0.00000000000
0.06478402581 -0.00722777534 0.25891332366 0.00000000000 0.00000000000 0.00000000000 0.00000000000 0.00000000000 0.00000000000 0.00000000000 0.00000000000
0.06483515279 -0.00719192010 0.25891847085 0.00000000000 0.00000000000 0.00000000000 0.00000000000 0.00000000000 0.00000000000 0.00000000000 0.00000000000
0.06487326607 -0.00716469795 0.25892231828 0.00000000000 0.00000000000 0.00000000000 0.00000000000 0.00000000000 0.00000000000 0.00000000000 0.00000000000
0.06489857032 -0.00714640434 0.25892487717 0.00000000000 0.00000000000 0.00000000000 0.00000000000 0.00000000000 0.00000000000 0.00000000000 0.00000000000
ZONE T="NURB"
I=201, J=1, K=1
0.06053317903 -0.00865030776 0.25859558133 126.56718189661 0.00000000000 0.00000000000 0.00000000000 0.00000000000 0.00000000000 0.00000000000 0.25874022205
0.06055660197 -0.00864946796 0.25859686076 126.57681594440 0.00000000000 0.00000000000 0.00000000000 0.00000000000 0.00000000000 0.00000000000 0.25874147269
0.06058002240 -0.00864855849 0.25859814238 126.58823610309 0.00000000000 0.00000000000 0.00000000000 0.00000000000 0.00000000000 0.00000000000 0.25874272320
0.06060344010 -0.00864757936 0.25859942618 126.60144130594 0.00000000000 0.00000000000 0.00000000000 0.00000000000 0.00000000000 0.00000000000 0.25874397356
0.06062685483 -0.00864653056 0.25860071216 126.61643041174 0.00000000000 0.00000000000 0.00000000000 0.00000000000 0.00000000000 0.00000000000 0.25874522376
0.06065026636 -0.00864541211 0.25860200028 126.61620754121 0.00000000000 0.00000000000 0.00000000000 0.00000000000 0.00000000000 0.00000000000 0.25874647379
0.06067367453 -0.00864422401 0.25860329055 126.61585195700 0.00000000000 0.00000000000 0.00000000000 0.00000000000 0.00000000000 0.00000000000 0.25874772365
0.06069707917 -0.00864296626 0.25860458295 126.62531039735 0.00000000000 0.00000000000 0.00000000000 0.00000000000 0.00000000000 0.00000000000 0.25874897331
0.06072048004 -0.00864163886 0.25860587747 126.63700058209 0.00000000000 0.00000000000 0.00000000000 0.00000000000 0.00000000000 0.00000000000 0.25875022278
0.06074387689 -0.00864024184 0.25860717410 126.64875147212 0.00000000000 0.00000000000 0.00000000000 0.00000000000 0.00000000000 0.00000000000 0.25875147202
0.06076726949 -0.00863877518 0.25860847282 126.66184332590 0.00000000000 0.00000000000 0.00000000000 0.00000000000 0.00000000000 0.00000000000 0.25875272105
0.06079065764 -0.00863723890 0.25860977361 126.67480813163 0.00000000000 0.00000000000 0.00000000000 0.00000000000 0.00000000000 0.00000000000 0.25875396983
0.06081404112 -0.00863563300 0.25861107647 126.68883044365 0.00000000000 0.00000000000 0.00000000000 0.00000000000 0.00000000000 0.00000000000 0.25875521837
0.06083741972 -0.00863395748 0.25861238139 126.70556043757 0.00000000000 0.00000000000 0.00000000000 0.00000000000 0.00000000000 0.00000000000 0.25875646664
0.06086079325 -0.00863221236 0.25861368834 126.72350882827 0.00000000000 0.00000000000 0.00000000000 0.00000000000 0.00000000000 0.00000000000 0.25875771464
0.06088416147 -0.00863039763 0.25861499732 126.74236053280 0.00000000000 0.00000000000 0.00000000000 0.00000000000 0.00000000000 0.00000000000 0.25875896236
0.06090752420 -0.00862851331 0.25861630832 126.76234831426 0.00000000000 0.00000000000 0.00000000000 0.00000000000 0.00000000000 0.00000000000 0.25876020979
0.06093088121 -0.00862655939 0.25861762132 126.78370057021 0.00000000000 0.00000000000 0.00000000000 0.00000000000 0.00000000000 0.00000000000 0.25876145691
0.06095423230 -0.00862453588 0.25861893631 126.80620401203 0.00000000000 0.00000000000 0.00000000000 0.00000000000 0.00000000000 0.00000000000 0.25876270372
0.06097757727 -0.00862244278 0.25862025327 126.83154968391 0.00000000000 0.00000000000 0.00000000000 0.00000000000 0.00000000000 0.00000000000 0.25876395020
0.06100091589 -0.00862028010 0.25862157220 126.85803320828 0.00000000000 0.00000000000 0.00000000000 0.00000000000 0.00000000000 0.00000000000 0.25876519633
0.06102424796 -0.00861804784 0.25862289307 126.88331721157 0.00000000000 0.00000000000 0.00000000000 0.00000000000 0.00000000000 0.00000000000 0.25876644212
0.06104757328 -0.00861574601 0.25862421589 126.90970938853 0.00000000000 0.00000000000 0.00000000000 0.00000000000 0.00000000000 0.00000000000 0.25876768755
0.06107089164 -0.00861337462 0.25862554062 126.93131130594 0.00000000000 0.00000000000 0.00000000000 0.00000000000 0.00000000000 0.00000000000 0.25876893261
0.06109420282 -0.00861093366 0.25862686727 126.95399356580 0.00000000000 0.00000000000 0.00000000000 0.00000000000 0.00000000000 0.00000000000 0.25877017729
0.06111750663 -0.00860842314 0.25862819581 126.97788168993 0.00000000000 0.00000000000 0.00000000000 0.00000000000 0.00000000000 0.00000000000 0.25877142157
0.06114080286 -0.00860584309 0.25862952624 127.00285298503 0.00000000000 0.00000000000 0.00000000000 0.00000000000 0.00000000000 0.00000000000 0.25877266544
0.06116409130 -0.00860319349 0.25863085854 127.01761636935 0.00000000000 0.00000000000 0.00000000000 0.00000000000 0.00000000000 0.00000000000 0.25877390890
0.06118737174 -0.00860047438 0.25863219270 127.03350042897 0.00000000000 0.00000000000 0.00000000000 0.00000000000 0.00000000000 0.00000000000 0.25877515193
0.06121064398 -0.00859768575 0.25863352870 127.04012164606 0.00000000000 0.00000000000 0.00000000000 0.00000000000 0.00000000000 0.00000000000 0.25877639453
0.06123390781 -0.00859482764 0.25863486652 127.04789701884 0.00000000000 0.00000000000 0.00000000000 0.00000000000 0.00000000000 0.00000000000 0.25877763668
0.06125716301 -0.00859190006 0.25863620616 127.05566943429 0.00000000000 0.00000000000 0.00000000000 0.00000000000 0.00000000000 0.00000000000 0.25877887836
0.06128040938 -0.00858890303 0.25863754761 127.06460352275 0.00000000000 0.00000000000 0.00000000000 0.00000000000 0.00000000000 0.00000000000 0.25878011957
0.06130364672 -0.00858583658 0.25863889083 127.06694792104 0.00000000000 0.00000000000 0.00000000000 0.00000000000 0.00000000000 0.00000000000 0.25878136031
0.06132687481 -0.00858270072 0.25864023583 127.07044834026 0.00000000000 0.00000000000 0.00000000000 0.00000000000 0.00000000000 0.00000000000 0.25878260054
0.06135009344 -0.00857949549 0.25864158259 127.07306037067 0.00000000000 0.00000000000 0.00000000000 0.00000000000 0.00000000000 0.00000000000 0.25878384027
0.06137330241 -0.00857622090 0.25864293109 127.07682134309 0.00000000000 0.00000000000 0.00000000000 0.00000000000 0.00000000000 0.00000000000 0.25878507949
0.06139650151 -0.00857287700 0.25864428132 127.07560131476 0.00000000000 0.00000000000 0.00000000000 0.00000000000 0.00000000000 0.00000000000 0.25878631818
0.06141969053 -0.00856946380 0.25864563326 127.07551480553 0.00000000000 0.00000000000 0.00000000000 0.00000000000 0.00000000000 0.00000000000 0.25878755633
0.06144286927 -0.00856598133 0.25864698689 127.06612499944 0.00000000000 0.00000000000 0.00000000000 0.00000000000 0.00000000000 0.00000000000 0.25878879393
0.06146603752 -0.00856242963 0.25864834222 127.05784665309 0.00000000000 0.00000000000 0.00000000000 0.00000000000 0.00000000000 0.00000000000 0.25879003098
0.06148919508 -0.00855880874 0.25864969921 127.04678814079 0.00000000000 0.00000000000 0.00000000000 0.00000000000 0.00000000000 0.00000000000 0.25879126745
0.06151234174 -0.00855511869 0.25865105785 127.03683703881 0.00000000000 0.00000000000 0.00000000000 0.00000000000 0.00000000000 0.00000000000 0.25879250334
0.06153547730 -0.00855135951 0.25865241813 127.02349307207 0.00000000000 0.00000000000 0.00000000000 0.00000000000 0.00000000000 0.00000000000 0.25879373863
0.06155860155 -0.00854753126 0.25865378004 127.01128101776 0.00000000000 0.00000000000 0.00000000000 0.00000000000 0.00000000000 0.00000000000 0.25879497333
0.06158171430 -0.00854363396 0.25865514355 126.99501552089 0.00000000000 0.00000000000 0.00000000000 0.00000000000 0.00000000000 0.00000000000 0.25879620741
0.06160481532 -0.00853966766 0.25865650866 126.97990873246 0.00000000000 0.00000000000 0.00000000000 0.00000000000 0.00000000000 0.00000000000 0.25879744086
0.06162790443 -0.00853563240 0.25865787534 126.96550667206 0.00000000000 0.00000000000 0.00000000000 0.00000000000 0.00000000000 0.00000000000 0.25879867367
0.06165098141 -0.00853152823 0.25865924358 126.95226866318 0.00000000000 0.00000000000 0.00000000000 0.00000000000 0.00000000000 0.00000000000 0.25879990584
0.06167404606 -0.00852735518 0.25866061337 126.94042963730 0.00000000000 0.00000000000 0.00000000000 0.00000000000 0.00000000000 0.00000000000 0.25880113735
0.06169709817 -0.00852311331 0.25866198469 126.92974830511 0.00000000000 0.00000000000 0.00000000000 0.00000000000 0.00000000000 0.00000000000 0.25880236819
0.06172013753 -0.00851880264 0.25866335778 127.04425134094 0.00000000000 0.00000000000 0.00000000000 0.00000000000 0.00000000000 0.00000000000 0.25880359862
0.06174316384 -0.00851442324 0.25866473394 127.22355981050 0.00000000000 0.00000000000 0.00000000000 0.00000000000 0.00000000000 0.00000000000 0.25880482992
0.06176617600 -0.00850997513 0.25866612814 203.37227003163 0.00000000000 0.00000000000 0.00000000000 0.00000000000 0.00000000000 0.00000000000 0.25880607706
0.06178916962 -0.00850545837 0.25866760902 333.17723700322 0.00000000000 0.00000000000 0.00000000000 0.00000000000 0.00000000000 0.00000000000 0.25880740866
0.06181214118 -0.00850087300 0.25866923100 200.94998932082 0.00000000000 0.00000000000 0.00000000000 0.00000000000 0.00000000000 0.00000000000 0.25880887911
0.06183509390 -0.00849621905 0.25867093795 126.84483608178 0.00000000000 0.00000000000 0.00000000000 0.00000000000 0.00000000000 0.00000000000 0.25881043232
0.06185803182 -0.00849149658 0.25867266008 126.83926054580 0.00000000000 0.00000000000 0.00000000000 0.00000000000 0.00000000000 0.00000000000 0.25881199854
0.06188095558 -0.00848670563 0.25867438339 126.83495307344 0.00000000000 0.00000000000 0.00000000000 0.00000000000 0.00000000000 0.00000000000 0.25881356378
0.06190386497 -0.00848184624 0.25867610788 126.83139697274 0.00000000000 0.00000000000 0.00000000000 0.00000000000 0.00000000000 0.00000000000 0.25881512804
0.06192675980 -0.00847691845 0.25867783352 126.82894156374 0.00000000000 0.00000000000 0.00000000000 0.00000000000 0.00000000000 0.00000000000 0.25881669131
0.06194963987 -0.00847192230 0.25867956030 126.82593574829 0.00000000000 0.00000000000 0.00000000000 0.00000000000 0.00000000000 0.00000000000 0.25881825358
0.06197250497 -0.00846685785 0.25868128819 126.82403686022 0.00000000000 0.00000000000 0.00000000000 0.00000000000 0.00000000000 0.00000000000 0.25881981482
0.06199535490 -0.00846172514 0.25868301717 126.82393901292 0.00000000000 0.00000000000 0.00000000000 0.00000000000 0.00000000000 0.00000000000 0.25882137502
0.06201818946 -0.00845652421 0.25868474724 126.82498755797 0.00000000000 0.00000000000 0.00000000000 0.00000000000 0.00000000000 0.00000000000 0.25882293417
0.06204100844 -0.00845125510 0.25868647835 126.82390222854 0.00000000000 0.00000000000 0.00000000000 0.00000000000 0.00000000000 0.00000000000 0.25882449226
0.06206381164 -0.00844591786 0.25868821051 126.82400459822 0.00000000000 0.00000000000 0.00000000000 0.00000000000 0.00000000000 0.00000000000 0.25882604928
0.06208659886 -0.00844051255 0.25868994368 126.82983363025 0.00000000000 0.00000000000 0.00000000000 0.00000000000 0.00000000000 0.00000000000 0.25882760520
0.06210936988 -0.00843503919 0.25869167785 126.83685381608 0.00000000000 0.00000000000 0.00000000000 0.00000000000 0.00000000000 0.00000000000 0.25882916001
0.06213212451 -0.00842949785 0.25869341299 126.83558439900 0.00000000000 0.00000000000 0.00000000000 0.00000000000 0.00000000000 0.00000000000 0.25883071371
0.06215486254 -0.00842388855 0.25869514910 126.83545676317 0.00000000000 0.00000000000 0.00000000000 0.00000000000 0.00000000000 0.00000000000 0.25883226627
0.06217758376 -0.00841821137 0.25869688614 126.83303617315 0.00000000000 0.00000000000 0.00000000000 0.00000000000 0.00000000000 0.00000000000 0.25883381769
0.06220028798 -0.00841246634 0.25869862410 126.83170960725 0.00000000000 0.00000000000 0.00000000000 0.00000000000 0.00000000000 0.00000000000 0.25883536794
0.06222297500 -0.00840665351 0.25870036295 126.82705388568 0.00000000000 0.00000000000 0.00000000000 0.00000000000 0.00000000000 0.00000000000 0.25883691702
0.06224564462 -0.00840077294 0.25870210269 126.82348311944 0.00000000000 0.00000000000 0.00000000000 0.00000000000 0.00000000000 0.00000000000 0.25883846492
0.06226829664 -0.00839482469 0.25870384328 126.81018143203 0.00000000000 0.00000000000 0.00000000000 0.00000000000 0.00000000000 0.00000000000 0.25884001161
0.06229093086 -0.00838880880 0.25870558471 126.79798734143 0.00000000000 0.00000000000 0.00000000000 0.00000000000 0.00000000000 0.00000000000 0.25884155708
0.06231354709 -0.00838272533 0.25870732696 126.77871502788 0.00000000000 0.00000000000 0.00000000000 0.00000000000 0.00000000000 0.00000000000 0.25884310133
0.06233614512 -0.00837657436 0.25870907000 126.76058147789 0.00000000000 0.00000000000 0.00000000000 0.00000000000 0.00000000000 0.00000000000 0.25884464433
0.06235872476 -0.00837035594 0.25871081382 126.73932230170 0.00000000000 0.00000000000 0.00000000000 0.00000000000 0.00000000000 0.00000000000 0.25884618608
0.06238128581 -0.00836407014 0.25871255840 126.71922558131 0.00000000000 0.00000000000 0.00000000000 0.00000000000 0.00000000000 0.00000000000 0.25884772656
0.06240382806 -0.00835771702 0.25871430371 126.69613122378 0.00000000000 0.00000000000 0.00000000000 0.00000000000 0.00000000000 0.00000000000 0.25884926575
0.06242635133 -0.00835129665 0.25871604974 126.67420669620 0.00000000000 0.00000000000 0.00000000000 0.00000000000 0.00000000000 0.00000000000 0.25885080365
0.06244885542 -0.00834480911 0.25871779647 126.64956065840 0.00000000000 0.00000000000 0.00000000000 0.00000000000 0.00000000000 0.00000000000 0.25885234024
0.06247134012 -0.00833825445 0.25871954386 126.62606994588 0.00000000000 0.00000000000 0.00000000000 0.00000000000 0.00000000000 0.00000000000 0.25885387550
0.06249380524 -0.00833163275 0.25872129191 126.59758282850 0.00000000000 0.00000000000 0.00000000000 0.00000000000 0.00000000000 0.00000000000 0.25885540943
0.06251625059 -0.00832494409 0.25872304059 126.57022005804 0.00000000000 0.00000000000 0.00000000000 0.00000000000 0.00000000000 0.00000000000 0.25885694201
0.06253867597 -0.00831818853 0.25872478988 126.53287144097 0.00000000000 0.00000000000 0.00000000000 0.00000000000 0.00000000000 0.00000000000 0.25885847323
0.06256108119 -0.00831136615 0.25872653977 126.49662244965 0.00000000000 0.00000000000 0.00000000000 0.00000000000 0.00000000000 0.00000000000 0.25886000306
0.06258346606 -0.00830447703 0.25872829022 126.45578136202 0.00000000000 0.00000000000 0.00000000000 0.00000000000 0.00000000000 0.00000000000 0.25886153151
0.06260583039 -0.00829752125 0.25873004122 126.41604620766 0.00000000000 0.00000000000 0.00000000000 0.00000000000 0.00000000000 0.00000000000 0.25886305856
0.06262817399 -0.00829049889 0.25873179274 126.37947599922 0.00000000000 0.00000000000 0.00000000000 0.00000000000 0.00000000000 0.00000000000 0.25886458419
0.06265049667 -0.00828341004 0.25873354478 126.34404836078 0.00000000000 0.00000000000 0.00000000000 0.00000000000 0.00000000000 0.00000000000 0.25886610839
0.06267279823 -0.00827625477 0.25873529729 126.30268377191 0.00000000000 0.00000000000 0.00000000000 0.00000000000 0.00000000000 0.00000000000 0.25886763115
0.06269507848 -0.00826903316 0.25873705027 126.26249662817 0.00000000000 0.00000000000 0.00000000000 0.00000000000 0.00000000000 0.00000000000 0.25886915246
0.06271733724 -0.00826174531 0.25873880370 126.22681693835 0.00000000000 0.00000000000 0.00000000000 0.00000000000 0.00000000000 0.00000000000 0.25887067230
0.06273957431 -0.00825439129 0.25874055754 126.19231416820 0.00000000000 0.00000000000 0.00000000000 0.00000000000 0.00000000000 0.00000000000 0.25887219065
0.06276178949 -0.00824697119 0.25874231179 126.15749571363 0.00000000000 0.00000000000 0.00000000000 0.00000000000 0.00000000000 0.00000000000 0.25887370751
0.06278398259 -0.00823948508 0.25874406641 126.12383832978 0.00000000000 0.00000000000 0.00000000000 0.00000000000 0.00000000000 0.00000000000 0.25887522287
0.06280615344 -0.00823193306 0.25874582139 126.09182954423 0.00000000000 0.00000000000 0.00000000000 0.00000000000 0.00000000000 0.00000000000 0.25887673670
0.06282830182 -0.00822431521 0.25874757670 126.06096314903 0.00000000000 0.00000000000 0.00000000000 0.00000000000 0.00000000000 0.00000000000 0.25887824900
0.06285042756 -0.00821663160 0.25874933232 126.03131007701 0.00000000000 0.00000000000 0.00000000000 0.00000000000 0.00000000000 0.00000000000 0.25887975976
0.06287253047 -0.00820888232 0.25875108824 126.00277280579 0.00000000000 0.00000000000 0.00000000000 0.00000000000 0.00000000000 0.00000000000 0.25888126896
0.06289461035 -0.00820106745 0.25875284443 125.97544651112 0.00000000000 0.00000000000 0.00000000000 0.00000000000 0.00000000000 0.00000000000 0.25888277658
0.06291666702 -0.00819318707 0.25875460087 125.94921558906 0.00000000000 0.00000000000 0.00000000000 0.00000000000 0.00000000000 0.00000000000 0.25888428262
0.06293870030 -0.00818524127 0.25875635754 125.92381680683 0.00000000000 0.00000000000 0.00000000000 0.00000000000 0.00000000000 0.00000000000 0.25888578706
0.06296070998 -0.00817723013 0.25875811441 125.89951299066 0.00000000000 0.00000000000 0.00000000000 0.00000000000 0.00000000000 0.00000000000 0.25888728989
0.06298269590 -0.00816915372 0.25875987147 125.87649186779 0.00000000000 0.00000000000 0.00000000000 0.00000000000 0.00000000000 0.00000000000 0.25888879110
0.06300465785 -0.00816101213 0.25876162869 125.85458316292 0.00000000000 0.00000000000 0.00000000000 0.00000000000 0.00000000000 0.00000000000 0.25889029067
0.06302659565 -0.00815280545 0.25876338606 125.83404258219 0.00000000000 0.00000000000 0.00000000000 0.00000000000 0.00000000000 0.00000000000 0.25889178859
0.06304850911 -0.00814453374 0.25876514354 125.81463580644 0.00000000000 0.00000000000 0.00000000000 0.00000000000 0.00000000000 0.00000000000 0.25889328485
0.06307039804 -0.00813619710 0.25876690112 125.79583410042 0.00000000000 0.00000000000 0.00000000000 0.00000000000 0.00000000000 0.00000000000 0.25889477944
0.06309226226 -0.00812779561 0.25876865878 125.77818075927 0.00000000000 0.00000000000 0.00000000000 0.00000000000 0.00000000000 0.00000000000 0.25889627233
0.06311410157 -0.00811932934 0.25877041649 125.76167164344 0.00000000000 0.00000000000 0.00000000000 0.00000000000 0.00000000000 0.00000000000 0.25889776353
0.06313591578 -0.00811079839 0.25877217424 125.74631379541 0.00000000000 0.00000000000 0.00000000000 0.00000000000 0.00000000000 0.00000000000 0.25889925301
0.06315770470 -0.00810220283 0.25877393200 125.73190616453 0.00000000000 0.00000000000 0.00000000000 0.00000000000 0.00000000000 0.00000000000 0.25890074077
0.06317946816 -0.00809354275 0.25877568974 125.71863284245 0.00000000000 0.00000000000 0.00000000000 0.00000000000 0.00000000000 0.00000000000 0.25890222679
0.06320120595 -0.00808481823 0.25877744746 125.70138388980 0.00000000000 0.00000000000 0.00000000000 0.00000000000 0.00000000000 0.00000000000 0.25890371105
0.06322291789 -0.00807602935 0.25877920511 125.68522905020 0.00000000000 0.00000000000 0.00000000000 0.00000000000 0.00000000000 0.00000000000 0.25890519355
0.06324460380 -0.00806717619 0.25878096269 125.66339308342 0.00000000000 0.00000000000 0.00000000000 0.00000000000 0.00000000000 0.00000000000 0.25890667428
0.06326626349 -0.00805825885 0.25878272018 125.64261378342 0.00000000000 0.00000000000 0.00000000000 0.00000000000 0.00000000000 0.00000000000 0.25890815321
0.06328789679 -0.00804927741 0.25878447754 125.61913829665 0.00000000000 0.00000000000 0.00000000000 0.00000000000 0.00000000000 0.00000000000 0.25890963034
0.06330950350 -0.00804023196 0.25878623476 125.59672368477 0.00000000000 0.00000000000 0.00000000000 0.00000000000 0.00000000000 0.00000000000 0.25891110565
0.06333108345 -0.00803112258 0.25878799182 125.56608459050 0.00000000000 0.00000000000 0.00000000000 0.00000000000 0.00000000000 0.00000000000 0.25891257914
0.06335263646 -0.00802194938 0.25878974869 125.53654885839 0.00000000000 0.00000000000 0.00000000000 0.00000000000 0.00000000000 0.00000000000 0.25891405079
0.06337416234 -0.00801271244 0.25879150535 125.49704938793 0.00000000000 0.00000000000 0.00000000000 0.00000000000 0.00000000000 0.00000000000 0.25891552059
0.06339566092 -0.00800341187 0.25879326178 125.45868974843 0.00000000000 0.00000000000 0.00000000000 0.00000000000 0.00000000000 0.00000000000 0.25891698852
0.06341713201 -0.00799404776 0.25879501796 125.42362695549 0.00000000000 0.00000000000 0.00000000000 0.00000000000 0.00000000000 0.00000000000 0.25891845457
0.06343857543 -0.00798462022 0.25879677386 125.38971402674 0.00000000000 0.00000000000 0.00000000000 0.00000000000 0.00000000000 0.00000000000 0.25891991874
0.06345999101 -0.00797512934 0.25879852946 125.34630192799 0.00000000000 0.00000000000 0.00000000000 0.00000000000 0.00000000000 0.00000000000 0.25892138100
0.06348137856 -0.00796557523 0.25880028475 125.30403297802 0.00000000000 0.00000000000 0.00000000000 0.00000000000 0.00000000000 0.00000000000 0.25892284135
0.06350273791 -0.00795595799 0.25880203969 125.26442127121 0.00000000000 0.00000000000 0.00000000000 0.00000000000 0.00000000000 0.00000000000 0.25892429978
0.06352406888 -0.00794627773 0.25880379427 125.22592891012 0.00000000000 0.00000000000 0.00000000000 0.00000000000 0.00000000000 0.00000000000 0.25892575626
0.06354537129 -0.00793653455 0.25880554846 125.17875905241 0.00000000000 0.00000000000 0.00000000000 0.00000000000 0.00000000000 0.00000000000 0.25892721080
0.06356664497 -0.00792672856 0.25880730224 125.13265514091 0.00000000000 0.00000000000 0.00000000000 0.00000000000 0.00000000000 0.00000000000 0.25892866338
0.06358788975 -0.00791685986 0.25880905559 125.07613206076 0.00000000000 0.00000000000 0.00000000000 0.00000000000 0.00000000000 0.00000000000 0.25893011398
0.06360910545 -0.00790692856 0.25881080848 125.02063393497 0.00000000000 0.00000000000 0.00000000000 0.00000000000 0.00000000000 0.00000000000 0.25893156259
0.06363029192 -0.00789693478 0.25881256090 124.96526075943 0.00000000000 0.00000000000 0.00000000000 0.00000000000 0.00000000000 0.00000000000 0.25893300922
0.06365144899 -0.00788687863 0.25881431283 124.91094611883 0.00000000000 0.00000000000 0.00000000000 0.00000000000 0.00000000000 0.00000000000 0.25893445383
0.06367257648 -0.00787676022 0.25881606423 124.85427745845 0.00000000000 0.00000000000 0.00000000000 0.00000000000 0.00000000000 0.00000000000 0.25893589642
0.06369367422 -0.00786657967 0.25881781509 124.79875822323 0.00000000000 0.00000000000 0.00000000000 0.00000000000 0.00000000000 0.00000000000 0.25893733698
0.06371474205 -0.00785633709 0.25881956539 124.74360087766 0.00000000000 0.00000000000 0.00000000000 0.00000000000 0.00000000000 0.00000000000 0.25893877550
0.06373577979 -0.00784603260 0.25882131509 124.68964003939 0.00000000000 0.00000000000 0.00000000000 0.00000000000 0.00000000000 0.00000000000 0.25894021197
0.06375678726 -0.00783566632 0.25882306419 124.63853763312 0.00000000000 0.00000000000 0.00000000000 0.00000000000 0.00000000000 0.00000000000 0.25894164637
0.06377776431 -0.00782523835 0.25882481265 124.58858559477 0.00000000000 0.00000000000 0.00000000000 0.00000000000 0.00000000000 0.00000000000 0.25894307869
0.06379871075 -0.00781474883 0.25882656046 124.54005848949 0.00000000000 0.00000000000 0.00000000000 0.00000000000 0.00000000000 0.00000000000 0.25894450892
0.06381962642 -0.00780419786 0.25882830759 124.49260208757 0.00000000000 0.00000000000 0.00000000000 0.00000000000 0.00000000000 0.00000000000 0.25894593705
0.06384051115 -0.00779358555 0.25883005402 124.44552419366 0.00000000000 0.00000000000 0.00000000000 0.00000000000 0.00000000000 0.00000000000 0.25894736307
0.06386136479 -0.00778291201 0.25883179972 124.39948552669 0.00000000000 0.00000000000 0.00000000000 0.00000000000 0.00000000000 0.00000000000 0.25894878696
0.06388218715 -0.00777217737 0.25883354468 124.35462720773 0.00000000000 0.00000000000 0.00000000000 0.00000000000 0.00000000000 0.00000000000 0.25895020872
0.06390297808 -0.00776138172 0.25883528888 124.31083302648 0.00000000000 0.00000000000 0.00000000000 0.00000000000 0.00000000000 0.00000000000 0.25895162833
0.06392373741 -0.00775052520 0.25883703228 124.26896630333 0.00000000000 0.00000000000 0.00000000000 0.00000000000 0.00000000000 0.00000000000 0.25895304579
0.06394446498 -0.00773960790 0.25883877487 124.22819585005 0.00000000000 0.00000000000 0.00000000000 0.00000000000 0.00000000000 0.00000000000 0.25895446107
0.06396516061 -0.00772862994 0.25884051663 124.18900759250 0.00000000000 0.00000000000 0.00000000000 0.00000000000 0.00000000000 0.00000000000 0.25895587418
0.06398582414 -0.00771759144 0.25884225753 124.15092435072 0.00000000000 0.00000000000 0.00000000000 0.00000000000 0.00000000000 0.00000000000 0.25895728509
0.06400645540 -0.00770649250 0.25884399755 124.11410333648 0.00000000000 0.00000000000 0.00000000000 0.00000000000 0.00000000000 0.00000000000 0.25895869380
0.06402705422 -0.00769533324 0.25884573667 124.07838391317 0.00000000000 0.00000000000 0.00000000000 0.00000000000 0.00000000000 0.00000000000 0.25896010030
0.06404762044 -0.00768411378 0.25884747486 124.04406193860 0.00000000000 0.00000000000 0.00000000000 0.00000000000 0.00000000000 0.00000000000 0.25896150457
0.06406815388 -0.00767283422 0.25884921211 124.01083996332 0.00000000000 0.00000000000 0.00000000000 0.00000000000 0.00000000000 0.00000000000 0.25896290660
0.06408865439 -0.00766149468 0.25885094838 123.97886404349 0.00000000000 0.00000000000 0.00000000000 0.00000000000 0.00000000000 0.00000000000 0.25896430638
0.06410912180 -0.00765009527 0.25885268366 123.94797907842 0.00000000000 0.00000000000 0.00000000000 0.00000000000 0.00000000000 0.00000000000 0.25896570390
0.06412955593 -0.00763863610 0.25885441793 123.91901092832 0.00000000000 0.00000000000 0.00000000000 0.00000000000 0.00000000000 0.00000000000 0.25896709915
0.06414995663 -0.00762711728 0.25885615116 123.89111235046 0.00000000000 0.00000000000 0.00000000000 0.00000000000 0.00000000000 0.00000000000 0.25896849212
0.06417032373 -0.00761553893 0.25885788333 123.86416164951 0.00000000000 0.00000000000 0.00000000000 0.00000000000 0.00000000000 0.00000000000 0.25896988279
0.06419065706 -0.00760390115 0.25885961441 123.83826324588 0.00000000000 0.00000000000 0.00000000000 0.00000000000 0.00000000000 0.00000000000 0.25897127116
0.06421095646 -0.00759220405 0.25886134439 123.80552766799 0.00000000000 0.00000000000 0.00000000000 0.00000000000 0.00000000000 0.00000000000 0.25897265721
0.06423122176 -0.00758044775 0.25886307324 123.77383780758 0.00000000000 0.00000000000 0.00000000000 0.00000000000 0.00000000000 0.00000000000 0.25897404093
0.06425145281 -0.00756863237 0.25886480094 123.73276390380 0.00000000000 0.00000000000 0.00000000000 0.00000000000 0.00000000000 0.00000000000 0.25897542231
0.06427164944 -0.00755675802 0.25886652747 123.69273139319 0.00000000000 0.00000000000 0.00000000000 0.00000000000 0.00000000000 0.00000000000 0.25897680135
0.06429181150 -0.00754482482 0.25886825280 123.65634791722 0.00000000000 0.00000000000 0.00000000000 0.00000000000 0.00000000000 0.00000000000 0.25897817802
0.06431193883 -0.00753283289 0.25886997692 123.62100856991 0.00000000000 0.00000000000 0.00000000000 0.00000000000 0.00000000000 0.00000000000 0.25897955232
0.06433203127 -0.00752078234 0.25887169979 123.57226892964 0.00000000000 0.00000000000 0.00000000000 0.00000000000 0.00000000000 0.00000000000 0.25898092424
0.06435208866 -0.00750867331 0.25887342140 123.52457557784 0.00000000000 0.00000000000 0.00000000000 0.00000000000 0.00000000000 0.00000000000 0.25898229377
0.06437211084 -0.00749650590 0.25887514173 123.47843130348 0.00000000000 0.00000000000 0.00000000000 0.00000000000 0.00000000000 0.00000000000 0.25898366089
0.06439209767 -0.00748428026 0.25887686075 123.43334445088 0.00000000000 0.00000000000 0.00000000000 0.00000000000 0.00000000000 0.00000000000 0.25898502560
0.06441204899 -0.00747199650 0.25887857844 123.38103058410 0.00000000000 0.00000000000 0.00000000000 0.00000000000 0.00000000000 0.00000000000 0.25898638788
0.06443196463 -0.00745965475 0.25888029478 123.32979618061 0.00000000000 0.00000000000 0.00000000000 0.00000000000 0.00000000000 0.00000000000 0.25898774773
0.06445184446 -0.00744725514 0.25888200974 123.27412086866 0.00000000000 0.00000000000 0.00000000000 0.00000000000 0.00000000000 0.00000000000 0.25898910513
0.06447168831 -0.00743479779 0.25888372330 123.21954156586 0.00000000000 0.00000000000 0.00000000000 0.00000000000 0.00000000000 0.00000000000 0.25899046007
0.06449149604 -0.00742228286 0.25888543545 123.16365762411 0.00000000000 0.00000000000 0.00000000000 0.00000000000 0.00000000000 0.00000000000 0.25899181255
0.06451126749 -0.00740971045 0.25888714615 123.10885514333 0.00000000000 0.00000000000 0.00000000000 0.00000000000 0.00000000000 0.00000000000 0.25899316255
0.06453100252 -0.00739708071 0.25888885539 123.04537936952 0.00000000000 0.00000000000 0.00000000000 0.00000000000 0.00000000000 0.00000000000 0.25899451007
0.06455070097 -0.00738439377 0.25889056314 122.98294567521 0.00000000000 0.00000000000 0.00000000000 0.00000000000 0.00000000000 0.00000000000 0.25899585509
0.06457036207 -0.00737164976 0.25889227795 155.74178146726 0.00000000000 0.00000000000 0.00000000000 0.00000000000 0.00000000000 0.00000000000 0.25899720617
0.06458998246 -0.00735884883 0.25889404268 225.48042358296 0.00000000000 0.00000000000 0.00000000000 0.00000000000 0.00000000000 0.00000000000 0.25899860616
0.06460955931 -0.00734599111 0.25889589340 168.27725851192 0.00000000000 0.00000000000 0.00000000000 0.00000000000 0.00000000000 0.00000000000 0.25900009112
0.06462909437 -0.00733307674 0.25889780473 129.38224052289 0.00000000000 0.00000000000 0.00000000000 0.00000000000 0.00000000000 0.00000000000 0.25900163573
0.06464859018 -0.00732010585 0.25889974092 124.40243940547 0.00000000000 0.00000000000 0.00000000000 0.00000000000 0.00000000000 0.00000000000 0.25900320423
0.06466804777 -0.00730707859 0.25890168600 122.52065386405 0.00000000000 0.00000000000 0.00000000000 0.00000000000 0.00000000000 0.00000000000 0.25900478068
0.06468746770 -0.00729399510 0.25890363079 122.45362325575 0.00000000000 0.00000000000 0.00000000000 0.00000000000 0.00000000000 0.00000000000 0.25900635591
0.06470684995 -0.00728085550 0.25890557343 122.38758156757 0.00000000000 0.00000000000 0.00000000000 0.00000000000 0.00000000000 0.00000000000 0.25900792809
0.06472619440 -0.00726765995 0.25890751391 122.32307615721 0.00000000000 0.00000000000 0.00000000000 0.00000000000 0.00000000000 0.00000000000 0.25900949720
0.06474550091 -0.00725440857 0.25890945219 122.25953562134 0.00000000000 0.00000000000 0.00000000000 0.00000000000 0.00000000000 0.00000000000 0.25901106323
0.06476476933 -0.00724110151 0.25891138825 122.20419794081 0.00000000000 0.00000000000 0.00000000000 0.00000000000 0.00000000000 0.00000000000 0.25901262617
0.06478399954 -0.00722773889 0.25891332201 122.14987142761 0.00000000000 0.00000000000 0.00000000000 0.00000000000 0.00000000000 0.00000000000 0.25901418595
0.06480319140 -0.00721432084 0.25891525342 122.07849784732 0.00000000000 0.00000000000 0.00000000000 0.00000000000 0.00000000000 0.00000000000 0.25901574253
0.06482234477 -0.00720084752 0.25891718256 122.00875067736 0.00000000000 0.00000000000 0.00000000000 0.00000000000 0.00000000000 0.00000000000 0.25901729601
0.06484145948 -0.00718731907 0.25891910952 121.95154562329 0.00000000000 0.00000000000 0.00000000000 0.00000000000 0.00000000000 0.00000000000 0.25901884648
0.06486053540 -0.00717373563 0.25892103430 121.89538798024 0.00000000000 0.00000000000 0.00000000000 0.00000000000 0.00000000000 0.00000000000 0.25902039395
0.06487957240 -0.00716009734 0.25892295685 121.84028147754 0.00000000000 0.00000000000 0.00000000000 0.00000000000 0.00000000000 0.00000000000 0.25902193841
0.06489857032 -0.00714640434 0.25892487717 121.78623014496 0.00000000000 0.00000000000 0.00000000000 0.00000000000 0.00000000000 0.00000000000 0.25902347984
